10000 10000
1000000
999900
999800
999700
999600
999500
999400
999300
999200
999100
999000
998900
998800
998700
998600
998500
998400
998300
998200
998100
998000
997900
997800
997700
997600
997500
997400
997300
997200
997100
997000
996900
996800
996700
996600
996500
996400
996300
996200
996100
996000
995900
995800
995700
995600
995500
995400
995300
995200
995100
995000
994900
994800
994700
994600
994500
994400
994300
994200
994100
994000
993900
993800
993700
993600
993500
993400
993300
993200
993100
993000
992900
992800
992700
992600
992500
992400
992300
992200
992100
992000
991900
991800
991700
991600
991500
991400
991300
991200
991100
991000
990900
990800
990700
990600
990500
990400
990300
990200
990100
990000
989900
989800
989700
989600
989500
989400
989300
989200
989100
989000
988900
988800
988700
988600
988500
988400
988300
988200
988100
988000
987900
987800
987700
987600
987500
987400
987300
987200
987100
987000
986900
986800
986700
986600
986500
986400
986300
986200
986100
986000
985900
985800
985700
985600
985500
985400
985300
985200
985100
985000
984900
984800
984700
984600
984500
984400
984300
984200
984100
984000
983900
983800
983700
983600
983500
983400
983300
983200
983100
983000
982900
982800
982700
982600
982500
982400
982300
982200
982100
982000
981900
981800
981700
981600
981500
981400
981300
981200
981100
981000
980900
980800
980700
980600
980500
980400
980300
980200
980100
980000
979900
979800
979700
979600
979500
979400
979300
979200
979100
979000
978900
978800
978700
978600
978500
978400
978300
978200
978100
978000
977900
977800
977700
977600
977500
977400
977300
977200
977100
977000
976900
976800
976700
976600
976500
976400
976300
976200
976100
976000
975900
975800
975700
975600
975500
975400
975300
975200
975100
975000
974900
974800
974700
974600
974500
974400
974300
974200
974100
974000
973900
973800
973700
973600
973500
973400
973300
973200
973100
973000
972900
972800
972700
972600
972500
972400
972300
972200
972100
972000
971900
971800
971700
971600
971500
971400
971300
971200
971100
971000
970900
970800
970700
970600
970500
970400
970300
970200
970100
970000
969900
969800
969700
969600
969500
969400
969300
969200
969100
969000
968900
968800
968700
968600
968500
968400
968300
968200
968100
968000
967900
967800
967700
967600
967500
967400
967300
967200
967100
967000
966900
966800
966700
966600
966500
966400
966300
966200
966100
966000
965900
965800
965700
965600
965500
965400
965300
965200
965100
965000
964900
964800
964700
964600
964500
964400
964300
964200
964100
964000
963900
963800
963700
963600
963500
963400
963300
963200
963100
963000
962900
962800
962700
962600
962500
962400
962300
962200
962100
962000
961900
961800
961700
961600
961500
961400
961300
961200
961100
961000
960900
960800
960700
960600
960500
960400
960300
960200
960100
960000
959900
959800
959700
959600
959500
959400
959300
959200
959100
959000
958900
958800
958700
958600
958500
958400
958300
958200
958100
958000
957900
957800
957700
957600
957500
957400
957300
957200
957100
957000
956900
956800
956700
956600
956500
956400
956300
956200
956100
956000
955900
955800
955700
955600
955500
955400
955300
955200
955100
955000
954900
954800
954700
954600
954500
954400
954300
954200
954100
954000
953900
953800
953700
953600
953500
953400
953300
953200
953100
953000
952900
952800
952700
952600
952500
952400
952300
952200
952100
952000
951900
951800
951700
951600
951500
951400
951300
951200
951100
951000
950900
950800
950700
950600
950500
950400
950300
950200
950100
950000
949900
949800
949700
949600
949500
949400
949300
949200
949100
949000
948900
948800
948700
948600
948500
948400
948300
948200
948100
948000
947900
947800
947700
947600
947500
947400
947300
947200
947100
947000
946900
946800
946700
946600
946500
946400
946300
946200
946100
946000
945900
945800
945700
945600
945500
945400
945300
945200
945100
945000
944900
944800
944700
944600
944500
944400
944300
944200
944100
944000
943900
943800
943700
943600
943500
943400
943300
943200
943100
943000
942900
942800
942700
942600
942500
942400
942300
942200
942100
942000
941900
941800
941700
941600
941500
941400
941300
941200
941100
941000
940900
940800
940700
940600
940500
940400
940300
940200
940100
940000
939900
939800
939700
939600
939500
939400
939300
939200
939100
939000
938900
938800
938700
938600
938500
938400
938300
938200
938100
938000
937900
937800
937700
937600
937500
937400
937300
937200
937100
937000
936900
936800
936700
936600
936500
936400
936300
936200
936100
936000
935900
935800
935700
935600
935500
935400
935300
935200
935100
935000
934900
934800
934700
934600
934500
934400
934300
934200
934100
934000
933900
933800
933700
933600
933500
933400
933300
933200
933100
933000
932900
932800
932700
932600
932500
932400
932300
932200
932100
932000
931900
931800
931700
931600
931500
931400
931300
931200
931100
931000
930900
930800
930700
930600
930500
930400
930300
930200
930100
930000
929900
929800
929700
929600
929500
929400
929300
929200
929100
929000
928900
928800
928700
928600
928500
928400
928300
928200
928100
928000
927900
927800
927700
927600
927500
927400
927300
927200
927100
927000
926900
926800
926700
926600
926500
926400
926300
926200
926100
926000
925900
925800
925700
925600
925500
925400
925300
925200
925100
925000
924900
924800
924700
924600
924500
924400
924300
924200
924100
924000
923900
923800
923700
923600
923500
923400
923300
923200
923100
923000
922900
922800
922700
922600
922500
922400
922300
922200
922100
922000
921900
921800
921700
921600
921500
921400
921300
921200
921100
921000
920900
920800
920700
920600
920500
920400
920300
920200
920100
920000
919900
919800
919700
919600
919500
919400
919300
919200
919100
919000
918900
918800
918700
918600
918500
918400
918300
918200
918100
918000
917900
917800
917700
917600
917500
917400
917300
917200
917100
917000
916900
916800
916700
916600
916500
916400
916300
916200
916100
916000
915900
915800
915700
915600
915500
915400
915300
915200
915100
915000
914900
914800
914700
914600
914500
914400
914300
914200
914100
914000
913900
913800
913700
913600
913500
913400
913300
913200
913100
913000
912900
912800
912700
912600
912500
912400
912300
912200
912100
912000
911900
911800
911700
911600
911500
911400
911300
911200
911100
911000
910900
910800
910700
910600
910500
910400
910300
910200
910100
910000
909900
909800
909700
909600
909500
909400
909300
909200
909100
909000
908900
908800
908700
908600
908500
908400
908300
908200
908100
908000
907900
907800
907700
907600
907500
907400
907300
907200
907100
907000
906900
906800
906700
906600
906500
906400
906300
906200
906100
906000
905900
905800
905700
905600
905500
905400
905300
905200
905100
905000
904900
904800
904700
904600
904500
904400
904300
904200
904100
904000
903900
903800
903700
903600
903500
903400
903300
903200
903100
903000
902900
902800
902700
902600
902500
902400
902300
902200
902100
902000
901900
901800
901700
901600
901500
901400
901300
901200
901100
901000
900900
900800
900700
900600
900500
900400
900300
900200
900100
900000
899900
899800
899700
899600
899500
899400
899300
899200
899100
899000
898900
898800
898700
898600
898500
898400
898300
898200
898100
898000
897900
897800
897700
897600
897500
897400
897300
897200
897100
897000
896900
896800
896700
896600
896500
896400
896300
896200
896100
896000
895900
895800
895700
895600
895500
895400
895300
895200
895100
895000
894900
894800
894700
894600
894500
894400
894300
894200
894100
894000
893900
893800
893700
893600
893500
893400
893300
893200
893100
893000
892900
892800
892700
892600
892500
892400
892300
892200
892100
892000
891900
891800
891700
891600
891500
891400
891300
891200
891100
891000
890900
890800
890700
890600
890500
890400
890300
890200
890100
890000
889900
889800
889700
889600
889500
889400
889300
889200
889100
889000
888900
888800
888700
888600
888500
888400
888300
888200
888100
888000
887900
887800
887700
887600
887500
887400
887300
887200
887100
887000
886900
886800
886700
886600
886500
886400
886300
886200
886100
886000
885900
885800
885700
885600
885500
885400
885300
885200
885100
885000
884900
884800
884700
884600
884500
884400
884300
884200
884100
884000
883900
883800
883700
883600
883500
883400
883300
883200
883100
883000
882900
882800
882700
882600
882500
882400
882300
882200
882100
882000
881900
881800
881700
881600
881500
881400
881300
881200
881100
881000
880900
880800
880700
880600
880500
880400
880300
880200
880100
880000
879900
879800
879700
879600
879500
879400
879300
879200
879100
879000
878900
878800
878700
878600
878500
878400
878300
878200
878100
878000
877900
877800
877700
877600
877500
877400
877300
877200
877100
877000
876900
876800
876700
876600
876500
876400
876300
876200
876100
876000
875900
875800
875700
875600
875500
875400
875300
875200
875100
875000
874900
874800
874700
874600
874500
874400
874300
874200
874100
874000
873900
873800
873700
873600
873500
873400
873300
873200
873100
873000
872900
872800
872700
872600
872500
872400
872300
872200
872100
872000
871900
871800
871700
871600
871500
871400
871300
871200
871100
871000
870900
870800
870700
870600
870500
870400
870300
870200
870100
870000
869900
869800
869700
869600
869500
869400
869300
869200
869100
869000
868900
868800
868700
868600
868500
868400
868300
868200
868100
868000
867900
867800
867700
867600
867500
867400
867300
867200
867100
867000
866900
866800
866700
866600
866500
866400
866300
866200
866100
866000
865900
865800
865700
865600
865500
865400
865300
865200
865100
865000
864900
864800
864700
864600
864500
864400
864300
864200
864100
864000
863900
863800
863700
863600
863500
863400
863300
863200
863100
863000
862900
862800
862700
862600
862500
862400
862300
862200
862100
862000
861900
861800
861700
861600
861500
861400
861300
861200
861100
861000
860900
860800
860700
860600
860500
860400
860300
860200
860100
860000
859900
859800
859700
859600
859500
859400
859300
859200
859100
859000
858900
858800
858700
858600
858500
858400
858300
858200
858100
858000
857900
857800
857700
857600
857500
857400
857300
857200
857100
857000
856900
856800
856700
856600
856500
856400
856300
856200
856100
856000
855900
855800
855700
855600
855500
855400
855300
855200
855100
855000
854900
854800
854700
854600
854500
854400
854300
854200
854100
854000
853900
853800
853700
853600
853500
853400
853300
853200
853100
853000
852900
852800
852700
852600
852500
852400
852300
852200
852100
852000
851900
851800
851700
851600
851500
851400
851300
851200
851100
851000
850900
850800
850700
850600
850500
850400
850300
850200
850100
850000
849900
849800
849700
849600
849500
849400
849300
849200
849100
849000
848900
848800
848700
848600
848500
848400
848300
848200
848100
848000
847900
847800
847700
847600
847500
847400
847300
847200
847100
847000
846900
846800
846700
846600
846500
846400
846300
846200
846100
846000
845900
845800
845700
845600
845500
845400
845300
845200
845100
845000
844900
844800
844700
844600
844500
844400
844300
844200
844100
844000
843900
843800
843700
843600
843500
843400
843300
843200
843100
843000
842900
842800
842700
842600
842500
842400
842300
842200
842100
842000
841900
841800
841700
841600
841500
841400
841300
841200
841100
841000
840900
840800
840700
840600
840500
840400
840300
840200
840100
840000
839900
839800
839700
839600
839500
839400
839300
839200
839100
839000
838900
838800
838700
838600
838500
838400
838300
838200
838100
838000
837900
837800
837700
837600
837500
837400
837300
837200
837100
837000
836900
836800
836700
836600
836500
836400
836300
836200
836100
836000
835900
835800
835700
835600
835500
835400
835300
835200
835100
835000
834900
834800
834700
834600
834500
834400
834300
834200
834100
834000
833900
833800
833700
833600
833500
833400
833300
833200
833100
833000
832900
832800
832700
832600
832500
832400
832300
832200
832100
832000
831900
831800
831700
831600
831500
831400
831300
831200
831100
831000
830900
830800
830700
830600
830500
830400
830300
830200
830100
830000
829900
829800
829700
829600
829500
829400
829300
829200
829100
829000
828900
828800
828700
828600
828500
828400
828300
828200
828100
828000
827900
827800
827700
827600
827500
827400
827300
827200
827100
827000
826900
826800
826700
826600
826500
826400
826300
826200
826100
826000
825900
825800
825700
825600
825500
825400
825300
825200
825100
825000
824900
824800
824700
824600
824500
824400
824300
824200
824100
824000
823900
823800
823700
823600
823500
823400
823300
823200
823100
823000
822900
822800
822700
822600
822500
822400
822300
822200
822100
822000
821900
821800
821700
821600
821500
821400
821300
821200
821100
821000
820900
820800
820700
820600
820500
820400
820300
820200
820100
820000
819900
819800
819700
819600
819500
819400
819300
819200
819100
819000
818900
818800
818700
818600
818500
818400
818300
818200
818100
818000
817900
817800
817700
817600
817500
817400
817300
817200
817100
817000
816900
816800
816700
816600
816500
816400
816300
816200
816100
816000
815900
815800
815700
815600
815500
815400
815300
815200
815100
815000
814900
814800
814700
814600
814500
814400
814300
814200
814100
814000
813900
813800
813700
813600
813500
813400
813300
813200
813100
813000
812900
812800
812700
812600
812500
812400
812300
812200
812100
812000
811900
811800
811700
811600
811500
811400
811300
811200
811100
811000
810900
810800
810700
810600
810500
810400
810300
810200
810100
810000
809900
809800
809700
809600
809500
809400
809300
809200
809100
809000
808900
808800
808700
808600
808500
808400
808300
808200
808100
808000
807900
807800
807700
807600
807500
807400
807300
807200
807100
807000
806900
806800
806700
806600
806500
806400
806300
806200
806100
806000
805900
805800
805700
805600
805500
805400
805300
805200
805100
805000
804900
804800
804700
804600
804500
804400
804300
804200
804100
804000
803900
803800
803700
803600
803500
803400
803300
803200
803100
803000
802900
802800
802700
802600
802500
802400
802300
802200
802100
802000
801900
801800
801700
801600
801500
801400
801300
801200
801100
801000
800900
800800
800700
800600
800500
800400
800300
800200
800100
800000
799900
799800
799700
799600
799500
799400
799300
799200
799100
799000
798900
798800
798700
798600
798500
798400
798300
798200
798100
798000
797900
797800
797700
797600
797500
797400
797300
797200
797100
797000
796900
796800
796700
796600
796500
796400
796300
796200
796100
796000
795900
795800
795700
795600
795500
795400
795300
795200
795100
795000
794900
794800
794700
794600
794500
794400
794300
794200
794100
794000
793900
793800
793700
793600
793500
793400
793300
793200
793100
793000
792900
792800
792700
792600
792500
792400
792300
792200
792100
792000
791900
791800
791700
791600
791500
791400
791300
791200
791100
791000
790900
790800
790700
790600
790500
790400
790300
790200
790100
790000
789900
789800
789700
789600
789500
789400
789300
789200
789100
789000
788900
788800
788700
788600
788500
788400
788300
788200
788100
788000
787900
787800
787700
787600
787500
787400
787300
787200
787100
787000
786900
786800
786700
786600
786500
786400
786300
786200
786100
786000
785900
785800
785700
785600
785500
785400
785300
785200
785100
785000
784900
784800
784700
784600
784500
784400
784300
784200
784100
784000
783900
783800
783700
783600
783500
783400
783300
783200
783100
783000
782900
782800
782700
782600
782500
782400
782300
782200
782100
782000
781900
781800
781700
781600
781500
781400
781300
781200
781100
781000
780900
780800
780700
780600
780500
780400
780300
780200
780100
780000
779900
779800
779700
779600
779500
779400
779300
779200
779100
779000
778900
778800
778700
778600
778500
778400
778300
778200
778100
778000
777900
777800
777700
777600
777500
777400
777300
777200
777100
777000
776900
776800
776700
776600
776500
776400
776300
776200
776100
776000
775900
775800
775700
775600
775500
775400
775300
775200
775100
775000
774900
774800
774700
774600
774500
774400
774300
774200
774100
774000
773900
773800
773700
773600
773500
773400
773300
773200
773100
773000
772900
772800
772700
772600
772500
772400
772300
772200
772100
772000
771900
771800
771700
771600
771500
771400
771300
771200
771100
771000
770900
770800
770700
770600
770500
770400
770300
770200
770100
770000
769900
769800
769700
769600
769500
769400
769300
769200
769100
769000
768900
768800
768700
768600
768500
768400
768300
768200
768100
768000
767900
767800
767700
767600
767500
767400
767300
767200
767100
767000
766900
766800
766700
766600
766500
766400
766300
766200
766100
766000
765900
765800
765700
765600
765500
765400
765300
765200
765100
765000
764900
764800
764700
764600
764500
764400
764300
764200
764100
764000
763900
763800
763700
763600
763500
763400
763300
763200
763100
763000
762900
762800
762700
762600
762500
762400
762300
762200
762100
762000
761900
761800
761700
761600
761500
761400
761300
761200
761100
761000
760900
760800
760700
760600
760500
760400
760300
760200
760100
760000
759900
759800
759700
759600
759500
759400
759300
759200
759100
759000
758900
758800
758700
758600
758500
758400
758300
758200
758100
758000
757900
757800
757700
757600
757500
757400
757300
757200
757100
757000
756900
756800
756700
756600
756500
756400
756300
756200
756100
756000
755900
755800
755700
755600
755500
755400
755300
755200
755100
755000
754900
754800
754700
754600
754500
754400
754300
754200
754100
754000
753900
753800
753700
753600
753500
753400
753300
753200
753100
753000
752900
752800
752700
752600
752500
752400
752300
752200
752100
752000
751900
751800
751700
751600
751500
751400
751300
751200
751100
751000
750900
750800
750700
750600
750500
750400
750300
750200
750100
750000
749900
749800
749700
749600
749500
749400
749300
749200
749100
749000
748900
748800
748700
748600
748500
748400
748300
748200
748100
748000
747900
747800
747700
747600
747500
747400
747300
747200
747100
747000
746900
746800
746700
746600
746500
746400
746300
746200
746100
746000
745900
745800
745700
745600
745500
745400
745300
745200
745100
745000
744900
744800
744700
744600
744500
744400
744300
744200
744100
744000
743900
743800
743700
743600
743500
743400
743300
743200
743100
743000
742900
742800
742700
742600
742500
742400
742300
742200
742100
742000
741900
741800
741700
741600
741500
741400
741300
741200
741100
741000
740900
740800
740700
740600
740500
740400
740300
740200
740100
740000
739900
739800
739700
739600
739500
739400
739300
739200
739100
739000
738900
738800
738700
738600
738500
738400
738300
738200
738100
738000
737900
737800
737700
737600
737500
737400
737300
737200
737100
737000
736900
736800
736700
736600
736500
736400
736300
736200
736100
736000
735900
735800
735700
735600
735500
735400
735300
735200
735100
735000
734900
734800
734700
734600
734500
734400
734300
734200
734100
734000
733900
733800
733700
733600
733500
733400
733300
733200
733100
733000
732900
732800
732700
732600
732500
732400
732300
732200
732100
732000
731900
731800
731700
731600
731500
731400
731300
731200
731100
731000
730900
730800
730700
730600
730500
730400
730300
730200
730100
730000
729900
729800
729700
729600
729500
729400
729300
729200
729100
729000
728900
728800
728700
728600
728500
728400
728300
728200
728100
728000
727900
727800
727700
727600
727500
727400
727300
727200
727100
727000
726900
726800
726700
726600
726500
726400
726300
726200
726100
726000
725900
725800
725700
725600
725500
725400
725300
725200
725100
725000
724900
724800
724700
724600
724500
724400
724300
724200
724100
724000
723900
723800
723700
723600
723500
723400
723300
723200
723100
723000
722900
722800
722700
722600
722500
722400
722300
722200
722100
722000
721900
721800
721700
721600
721500
721400
721300
721200
721100
721000
720900
720800
720700
720600
720500
720400
720300
720200
720100
720000
719900
719800
719700
719600
719500
719400
719300
719200
719100
719000
718900
718800
718700
718600
718500
718400
718300
718200
718100
718000
717900
717800
717700
717600
717500
717400
717300
717200
717100
717000
716900
716800
716700
716600
716500
716400
716300
716200
716100
716000
715900
715800
715700
715600
715500
715400
715300
715200
715100
715000
714900
714800
714700
714600
714500
714400
714300
714200
714100
714000
713900
713800
713700
713600
713500
713400
713300
713200
713100
713000
712900
712800
712700
712600
712500
712400
712300
712200
712100
712000
711900
711800
711700
711600
711500
711400
711300
711200
711100
711000
710900
710800
710700
710600
710500
710400
710300
710200
710100
710000
709900
709800
709700
709600
709500
709400
709300
709200
709100
709000
708900
708800
708700
708600
708500
708400
708300
708200
708100
708000
707900
707800
707700
707600
707500
707400
707300
707200
707100
707000
706900
706800
706700
706600
706500
706400
706300
706200
706100
706000
705900
705800
705700
705600
705500
705400
705300
705200
705100
705000
704900
704800
704700
704600
704500
704400
704300
704200
704100
704000
703900
703800
703700
703600
703500
703400
703300
703200
703100
703000
702900
702800
702700
702600
702500
702400
702300
702200
702100
702000
701900
701800
701700
701600
701500
701400
701300
701200
701100
701000
700900
700800
700700
700600
700500
700400
700300
700200
700100
700000
699900
699800
699700
699600
699500
699400
699300
699200
699100
699000
698900
698800
698700
698600
698500
698400
698300
698200
698100
698000
697900
697800
697700
697600
697500
697400
697300
697200
697100
697000
696900
696800
696700
696600
696500
696400
696300
696200
696100
696000
695900
695800
695700
695600
695500
695400
695300
695200
695100
695000
694900
694800
694700
694600
694500
694400
694300
694200
694100
694000
693900
693800
693700
693600
693500
693400
693300
693200
693100
693000
692900
692800
692700
692600
692500
692400
692300
692200
692100
692000
691900
691800
691700
691600
691500
691400
691300
691200
691100
691000
690900
690800
690700
690600
690500
690400
690300
690200
690100
690000
689900
689800
689700
689600
689500
689400
689300
689200
689100
689000
688900
688800
688700
688600
688500
688400
688300
688200
688100
688000
687900
687800
687700
687600
687500
687400
687300
687200
687100
687000
686900
686800
686700
686600
686500
686400
686300
686200
686100
686000
685900
685800
685700
685600
685500
685400
685300
685200
685100
685000
684900
684800
684700
684600
684500
684400
684300
684200
684100
684000
683900
683800
683700
683600
683500
683400
683300
683200
683100
683000
682900
682800
682700
682600
682500
682400
682300
682200
682100
682000
681900
681800
681700
681600
681500
681400
681300
681200
681100
681000
680900
680800
680700
680600
680500
680400
680300
680200
680100
680000
679900
679800
679700
679600
679500
679400
679300
679200
679100
679000
678900
678800
678700
678600
678500
678400
678300
678200
678100
678000
677900
677800
677700
677600
677500
677400
677300
677200
677100
677000
676900
676800
676700
676600
676500
676400
676300
676200
676100
676000
675900
675800
675700
675600
675500
675400
675300
675200
675100
675000
674900
674800
674700
674600
674500
674400
674300
674200
674100
674000
673900
673800
673700
673600
673500
673400
673300
673200
673100
673000
672900
672800
672700
672600
672500
672400
672300
672200
672100
672000
671900
671800
671700
671600
671500
671400
671300
671200
671100
671000
670900
670800
670700
670600
670500
670400
670300
670200
670100
670000
669900
669800
669700
669600
669500
669400
669300
669200
669100
669000
668900
668800
668700
668600
668500
668400
668300
668200
668100
668000
667900
667800
667700
667600
667500
667400
667300
667200
667100
667000
666900
666800
666700
666600
666500
666400
666300
666200
666100
666000
665900
665800
665700
665600
665500
665400
665300
665200
665100
665000
664900
664800
664700
664600
664500
664400
664300
664200
664100
664000
663900
663800
663700
663600
663500
663400
663300
663200
663100
663000
662900
662800
662700
662600
662500
662400
662300
662200
662100
662000
661900
661800
661700
661600
661500
661400
661300
661200
661100
661000
660900
660800
660700
660600
660500
660400
660300
660200
660100
660000
659900
659800
659700
659600
659500
659400
659300
659200
659100
659000
658900
658800
658700
658600
658500
658400
658300
658200
658100
658000
657900
657800
657700
657600
657500
657400
657300
657200
657100
657000
656900
656800
656700
656600
656500
656400
656300
656200
656100
656000
655900
655800
655700
655600
655500
655400
655300
655200
655100
655000
654900
654800
654700
654600
654500
654400
654300
654200
654100
654000
653900
653800
653700
653600
653500
653400
653300
653200
653100
653000
652900
652800
652700
652600
652500
652400
652300
652200
652100
652000
651900
651800
651700
651600
651500
651400
651300
651200
651100
651000
650900
650800
650700
650600
650500
650400
650300
650200
650100
650000
649900
649800
649700
649600
649500
649400
649300
649200
649100
649000
648900
648800
648700
648600
648500
648400
648300
648200
648100
648000
647900
647800
647700
647600
647500
647400
647300
647200
647100
647000
646900
646800
646700
646600
646500
646400
646300
646200
646100
646000
645900
645800
645700
645600
645500
645400
645300
645200
645100
645000
644900
644800
644700
644600
644500
644400
644300
644200
644100
644000
643900
643800
643700
643600
643500
643400
643300
643200
643100
643000
642900
642800
642700
642600
642500
642400
642300
642200
642100
642000
641900
641800
641700
641600
641500
641400
641300
641200
641100
641000
640900
640800
640700
640600
640500
640400
640300
640200
640100
640000
639900
639800
639700
639600
639500
639400
639300
639200
639100
639000
638900
638800
638700
638600
638500
638400
638300
638200
638100
638000
637900
637800
637700
637600
637500
637400
637300
637200
637100
637000
636900
636800
636700
636600
636500
636400
636300
636200
636100
636000
635900
635800
635700
635600
635500
635400
635300
635200
635100
635000
634900
634800
634700
634600
634500
634400
634300
634200
634100
634000
633900
633800
633700
633600
633500
633400
633300
633200
633100
633000
632900
632800
632700
632600
632500
632400
632300
632200
632100
632000
631900
631800
631700
631600
631500
631400
631300
631200
631100
631000
630900
630800
630700
630600
630500
630400
630300
630200
630100
630000
629900
629800
629700
629600
629500
629400
629300
629200
629100
629000
628900
628800
628700
628600
628500
628400
628300
628200
628100
628000
627900
627800
627700
627600
627500
627400
627300
627200
627100
627000
626900
626800
626700
626600
626500
626400
626300
626200
626100
626000
625900
625800
625700
625600
625500
625400
625300
625200
625100
625000
624900
624800
624700
624600
624500
624400
624300
624200
624100
624000
623900
623800
623700
623600
623500
623400
623300
623200
623100
623000
622900
622800
622700
622600
622500
622400
622300
622200
622100
622000
621900
621800
621700
621600
621500
621400
621300
621200
621100
621000
620900
620800
620700
620600
620500
620400
620300
620200
620100
620000
619900
619800
619700
619600
619500
619400
619300
619200
619100
619000
618900
618800
618700
618600
618500
618400
618300
618200
618100
618000
617900
617800
617700
617600
617500
617400
617300
617200
617100
617000
616900
616800
616700
616600
616500
616400
616300
616200
616100
616000
615900
615800
615700
615600
615500
615400
615300
615200
615100
615000
614900
614800
614700
614600
614500
614400
614300
614200
614100
614000
613900
613800
613700
613600
613500
613400
613300
613200
613100
613000
612900
612800
612700
612600
612500
612400
612300
612200
612100
612000
611900
611800
611700
611600
611500
611400
611300
611200
611100
611000
610900
610800
610700
610600
610500
610400
610300
610200
610100
610000
609900
609800
609700
609600
609500
609400
609300
609200
609100
609000
608900
608800
608700
608600
608500
608400
608300
608200
608100
608000
607900
607800
607700
607600
607500
607400
607300
607200
607100
607000
606900
606800
606700
606600
606500
606400
606300
606200
606100
606000
605900
605800
605700
605600
605500
605400
605300
605200
605100
605000
604900
604800
604700
604600
604500
604400
604300
604200
604100
604000
603900
603800
603700
603600
603500
603400
603300
603200
603100
603000
602900
602800
602700
602600
602500
602400
602300
602200
602100
602000
601900
601800
601700
601600
601500
601400
601300
601200
601100
601000
600900
600800
600700
600600
600500
600400
600300
600200
600100
600000
599900
599800
599700
599600
599500
599400
599300
599200
599100
599000
598900
598800
598700
598600
598500
598400
598300
598200
598100
598000
597900
597800
597700
597600
597500
597400
597300
597200
597100
597000
596900
596800
596700
596600
596500
596400
596300
596200
596100
596000
595900
595800
595700
595600
595500
595400
595300
595200
595100
595000
594900
594800
594700
594600
594500
594400
594300
594200
594100
594000
593900
593800
593700
593600
593500
593400
593300
593200
593100
593000
592900
592800
592700
592600
592500
592400
592300
592200
592100
592000
591900
591800
591700
591600
591500
591400
591300
591200
591100
591000
590900
590800
590700
590600
590500
590400
590300
590200
590100
590000
589900
589800
589700
589600
589500
589400
589300
589200
589100
589000
588900
588800
588700
588600
588500
588400
588300
588200
588100
588000
587900
587800
587700
587600
587500
587400
587300
587200
587100
587000
586900
586800
586700
586600
586500
586400
586300
586200
586100
586000
585900
585800
585700
585600
585500
585400
585300
585200
585100
585000
584900
584800
584700
584600
584500
584400
584300
584200
584100
584000
583900
583800
583700
583600
583500
583400
583300
583200
583100
583000
582900
582800
582700
582600
582500
582400
582300
582200
582100
582000
581900
581800
581700
581600
581500
581400
581300
581200
581100
581000
580900
580800
580700
580600
580500
580400
580300
580200
580100
580000
579900
579800
579700
579600
579500
579400
579300
579200
579100
579000
578900
578800
578700
578600
578500
578400
578300
578200
578100
578000
577900
577800
577700
577600
577500
577400
577300
577200
577100
577000
576900
576800
576700
576600
576500
576400
576300
576200
576100
576000
575900
575800
575700
575600
575500
575400
575300
575200
575100
575000
574900
574800
574700
574600
574500
574400
574300
574200
574100
574000
573900
573800
573700
573600
573500
573400
573300
573200
573100
573000
572900
572800
572700
572600
572500
572400
572300
572200
572100
572000
571900
571800
571700
571600
571500
571400
571300
571200
571100
571000
570900
570800
570700
570600
570500
570400
570300
570200
570100
570000
569900
569800
569700
569600
569500
569400
569300
569200
569100
569000
568900
568800
568700
568600
568500
568400
568300
568200
568100
568000
567900
567800
567700
567600
567500
567400
567300
567200
567100
567000
566900
566800
566700
566600
566500
566400
566300
566200
566100
566000
565900
565800
565700
565600
565500
565400
565300
565200
565100
565000
564900
564800
564700
564600
564500
564400
564300
564200
564100
564000
563900
563800
563700
563600
563500
563400
563300
563200
563100
563000
562900
562800
562700
562600
562500
562400
562300
562200
562100
562000
561900
561800
561700
561600
561500
561400
561300
561200
561100
561000
560900
560800
560700
560600
560500
560400
560300
560200
560100
560000
559900
559800
559700
559600
559500
559400
559300
559200
559100
559000
558900
558800
558700
558600
558500
558400
558300
558200
558100
558000
557900
557800
557700
557600
557500
557400
557300
557200
557100
557000
556900
556800
556700
556600
556500
556400
556300
556200
556100
556000
555900
555800
555700
555600
555500
555400
555300
555200
555100
555000
554900
554800
554700
554600
554500
554400
554300
554200
554100
554000
553900
553800
553700
553600
553500
553400
553300
553200
553100
553000
552900
552800
552700
552600
552500
552400
552300
552200
552100
552000
551900
551800
551700
551600
551500
551400
551300
551200
551100
551000
550900
550800
550700
550600
550500
550400
550300
550200
550100
550000
549900
549800
549700
549600
549500
549400
549300
549200
549100
549000
548900
548800
548700
548600
548500
548400
548300
548200
548100
548000
547900
547800
547700
547600
547500
547400
547300
547200
547100
547000
546900
546800
546700
546600
546500
546400
546300
546200
546100
546000
545900
545800
545700
545600
545500
545400
545300
545200
545100
545000
544900
544800
544700
544600
544500
544400
544300
544200
544100
544000
543900
543800
543700
543600
543500
543400
543300
543200
543100
543000
542900
542800
542700
542600
542500
542400
542300
542200
542100
542000
541900
541800
541700
541600
541500
541400
541300
541200
541100
541000
540900
540800
540700
540600
540500
540400
540300
540200
540100
540000
539900
539800
539700
539600
539500
539400
539300
539200
539100
539000
538900
538800
538700
538600
538500
538400
538300
538200
538100
538000
537900
537800
537700
537600
537500
537400
537300
537200
537100
537000
536900
536800
536700
536600
536500
536400
536300
536200
536100
536000
535900
535800
535700
535600
535500
535400
535300
535200
535100
535000
534900
534800
534700
534600
534500
534400
534300
534200
534100
534000
533900
533800
533700
533600
533500
533400
533300
533200
533100
533000
532900
532800
532700
532600
532500
532400
532300
532200
532100
532000
531900
531800
531700
531600
531500
531400
531300
531200
531100
531000
530900
530800
530700
530600
530500
530400
530300
530200
530100
530000
529900
529800
529700
529600
529500
529400
529300
529200
529100
529000
528900
528800
528700
528600
528500
528400
528300
528200
528100
528000
527900
527800
527700
527600
527500
527400
527300
527200
527100
527000
526900
526800
526700
526600
526500
526400
526300
526200
526100
526000
525900
525800
525700
525600
525500
525400
525300
525200
525100
525000
524900
524800
524700
524600
524500
524400
524300
524200
524100
524000
523900
523800
523700
523600
523500
523400
523300
523200
523100
523000
522900
522800
522700
522600
522500
522400
522300
522200
522100
522000
521900
521800
521700
521600
521500
521400
521300
521200
521100
521000
520900
520800
520700
520600
520500
520400
520300
520200
520100
520000
519900
519800
519700
519600
519500
519400
519300
519200
519100
519000
518900
518800
518700
518600
518500
518400
518300
518200
518100
518000
517900
517800
517700
517600
517500
517400
517300
517200
517100
517000
516900
516800
516700
516600
516500
516400
516300
516200
516100
516000
515900
515800
515700
515600
515500
515400
515300
515200
515100
515000
514900
514800
514700
514600
514500
514400
514300
514200
514100
514000
513900
513800
513700
513600
513500
513400
513300
513200
513100
513000
512900
512800
512700
512600
512500
512400
512300
512200
512100
512000
511900
511800
511700
511600
511500
511400
511300
511200
511100
511000
510900
510800
510700
510600
510500
510400
510300
510200
510100
510000
509900
509800
509700
509600
509500
509400
509300
509200
509100
509000
508900
508800
508700
508600
508500
508400
508300
508200
508100
508000
507900
507800
507700
507600
507500
507400
507300
507200
507100
507000
506900
506800
506700
506600
506500
506400
506300
506200
506100
506000
505900
505800
505700
505600
505500
505400
505300
505200
505100
505000
504900
504800
504700
504600
504500
504400
504300
504200
504100
504000
503900
503800
503700
503600
503500
503400
503300
503200
503100
503000
502900
502800
502700
502600
502500
502400
502300
502200
502100
502000
501900
501800
501700
501600
501500
501400
501300
501200
501100
501000
500900
500800
500700
500600
500500
500400
500300
500200
500100
500000
499900
499800
499700
499600
499500
499400
499300
499200
499100
499000
498900
498800
498700
498600
498500
498400
498300
498200
498100
498000
497900
497800
497700
497600
497500
497400
497300
497200
497100
497000
496900
496800
496700
496600
496500
496400
496300
496200
496100
496000
495900
495800
495700
495600
495500
495400
495300
495200
495100
495000
494900
494800
494700
494600
494500
494400
494300
494200
494100
494000
493900
493800
493700
493600
493500
493400
493300
493200
493100
493000
492900
492800
492700
492600
492500
492400
492300
492200
492100
492000
491900
491800
491700
491600
491500
491400
491300
491200
491100
491000
490900
490800
490700
490600
490500
490400
490300
490200
490100
490000
489900
489800
489700
489600
489500
489400
489300
489200
489100
489000
488900
488800
488700
488600
488500
488400
488300
488200
488100
488000
487900
487800
487700
487600
487500
487400
487300
487200
487100
487000
486900
486800
486700
486600
486500
486400
486300
486200
486100
486000
485900
485800
485700
485600
485500
485400
485300
485200
485100
485000
484900
484800
484700
484600
484500
484400
484300
484200
484100
484000
483900
483800
483700
483600
483500
483400
483300
483200
483100
483000
482900
482800
482700
482600
482500
482400
482300
482200
482100
482000
481900
481800
481700
481600
481500
481400
481300
481200
481100
481000
480900
480800
480700
480600
480500
480400
480300
480200
480100
480000
479900
479800
479700
479600
479500
479400
479300
479200
479100
479000
478900
478800
478700
478600
478500
478400
478300
478200
478100
478000
477900
477800
477700
477600
477500
477400
477300
477200
477100
477000
476900
476800
476700
476600
476500
476400
476300
476200
476100
476000
475900
475800
475700
475600
475500
475400
475300
475200
475100
475000
474900
474800
474700
474600
474500
474400
474300
474200
474100
474000
473900
473800
473700
473600
473500
473400
473300
473200
473100
473000
472900
472800
472700
472600
472500
472400
472300
472200
472100
472000
471900
471800
471700
471600
471500
471400
471300
471200
471100
471000
470900
470800
470700
470600
470500
470400
470300
470200
470100
470000
469900
469800
469700
469600
469500
469400
469300
469200
469100
469000
468900
468800
468700
468600
468500
468400
468300
468200
468100
468000
467900
467800
467700
467600
467500
467400
467300
467200
467100
467000
466900
466800
466700
466600
466500
466400
466300
466200
466100
466000
465900
465800
465700
465600
465500
465400
465300
465200
465100
465000
464900
464800
464700
464600
464500
464400
464300
464200
464100
464000
463900
463800
463700
463600
463500
463400
463300
463200
463100
463000
462900
462800
462700
462600
462500
462400
462300
462200
462100
462000
461900
461800
461700
461600
461500
461400
461300
461200
461100
461000
460900
460800
460700
460600
460500
460400
460300
460200
460100
460000
459900
459800
459700
459600
459500
459400
459300
459200
459100
459000
458900
458800
458700
458600
458500
458400
458300
458200
458100
458000
457900
457800
457700
457600
457500
457400
457300
457200
457100
457000
456900
456800
456700
456600
456500
456400
456300
456200
456100
456000
455900
455800
455700
455600
455500
455400
455300
455200
455100
455000
454900
454800
454700
454600
454500
454400
454300
454200
454100
454000
453900
453800
453700
453600
453500
453400
453300
453200
453100
453000
452900
452800
452700
452600
452500
452400
452300
452200
452100
452000
451900
451800
451700
451600
451500
451400
451300
451200
451100
451000
450900
450800
450700
450600
450500
450400
450300
450200
450100
450000
449900
449800
449700
449600
449500
449400
449300
449200
449100
449000
448900
448800
448700
448600
448500
448400
448300
448200
448100
448000
447900
447800
447700
447600
447500
447400
447300
447200
447100
447000
446900
446800
446700
446600
446500
446400
446300
446200
446100
446000
445900
445800
445700
445600
445500
445400
445300
445200
445100
445000
444900
444800
444700
444600
444500
444400
444300
444200
444100
444000
443900
443800
443700
443600
443500
443400
443300
443200
443100
443000
442900
442800
442700
442600
442500
442400
442300
442200
442100
442000
441900
441800
441700
441600
441500
441400
441300
441200
441100
441000
440900
440800
440700
440600
440500
440400
440300
440200
440100
440000
439900
439800
439700
439600
439500
439400
439300
439200
439100
439000
438900
438800
438700
438600
438500
438400
438300
438200
438100
438000
437900
437800
437700
437600
437500
437400
437300
437200
437100
437000
436900
436800
436700
436600
436500
436400
436300
436200
436100
436000
435900
435800
435700
435600
435500
435400
435300
435200
435100
435000
434900
434800
434700
434600
434500
434400
434300
434200
434100
434000
433900
433800
433700
433600
433500
433400
433300
433200
433100
433000
432900
432800
432700
432600
432500
432400
432300
432200
432100
432000
431900
431800
431700
431600
431500
431400
431300
431200
431100
431000
430900
430800
430700
430600
430500
430400
430300
430200
430100
430000
429900
429800
429700
429600
429500
429400
429300
429200
429100
429000
428900
428800
428700
428600
428500
428400
428300
428200
428100
428000
427900
427800
427700
427600
427500
427400
427300
427200
427100
427000
426900
426800
426700
426600
426500
426400
426300
426200
426100
426000
425900
425800
425700
425600
425500
425400
425300
425200
425100
425000
424900
424800
424700
424600
424500
424400
424300
424200
424100
424000
423900
423800
423700
423600
423500
423400
423300
423200
423100
423000
422900
422800
422700
422600
422500
422400
422300
422200
422100
422000
421900
421800
421700
421600
421500
421400
421300
421200
421100
421000
420900
420800
420700
420600
420500
420400
420300
420200
420100
420000
419900
419800
419700
419600
419500
419400
419300
419200
419100
419000
418900
418800
418700
418600
418500
418400
418300
418200
418100
418000
417900
417800
417700
417600
417500
417400
417300
417200
417100
417000
416900
416800
416700
416600
416500
416400
416300
416200
416100
416000
415900
415800
415700
415600
415500
415400
415300
415200
415100
415000
414900
414800
414700
414600
414500
414400
414300
414200
414100
414000
413900
413800
413700
413600
413500
413400
413300
413200
413100
413000
412900
412800
412700
412600
412500
412400
412300
412200
412100
412000
411900
411800
411700
411600
411500
411400
411300
411200
411100
411000
410900
410800
410700
410600
410500
410400
410300
410200
410100
410000
409900
409800
409700
409600
409500
409400
409300
409200
409100
409000
408900
408800
408700
408600
408500
408400
408300
408200
408100
408000
407900
407800
407700
407600
407500
407400
407300
407200
407100
407000
406900
406800
406700
406600
406500
406400
406300
406200
406100
406000
405900
405800
405700
405600
405500
405400
405300
405200
405100
405000
404900
404800
404700
404600
404500
404400
404300
404200
404100
404000
403900
403800
403700
403600
403500
403400
403300
403200
403100
403000
402900
402800
402700
402600
402500
402400
402300
402200
402100
402000
401900
401800
401700
401600
401500
401400
401300
401200
401100
401000
400900
400800
400700
400600
400500
400400
400300
400200
400100
400000
399900
399800
399700
399600
399500
399400
399300
399200
399100
399000
398900
398800
398700
398600
398500
398400
398300
398200
398100
398000
397900
397800
397700
397600
397500
397400
397300
397200
397100
397000
396900
396800
396700
396600
396500
396400
396300
396200
396100
396000
395900
395800
395700
395600
395500
395400
395300
395200
395100
395000
394900
394800
394700
394600
394500
394400
394300
394200
394100
394000
393900
393800
393700
393600
393500
393400
393300
393200
393100
393000
392900
392800
392700
392600
392500
392400
392300
392200
392100
392000
391900
391800
391700
391600
391500
391400
391300
391200
391100
391000
390900
390800
390700
390600
390500
390400
390300
390200
390100
390000
389900
389800
389700
389600
389500
389400
389300
389200
389100
389000
388900
388800
388700
388600
388500
388400
388300
388200
388100
388000
387900
387800
387700
387600
387500
387400
387300
387200
387100
387000
386900
386800
386700
386600
386500
386400
386300
386200
386100
386000
385900
385800
385700
385600
385500
385400
385300
385200
385100
385000
384900
384800
384700
384600
384500
384400
384300
384200
384100
384000
383900
383800
383700
383600
383500
383400
383300
383200
383100
383000
382900
382800
382700
382600
382500
382400
382300
382200
382100
382000
381900
381800
381700
381600
381500
381400
381300
381200
381100
381000
380900
380800
380700
380600
380500
380400
380300
380200
380100
380000
379900
379800
379700
379600
379500
379400
379300
379200
379100
379000
378900
378800
378700
378600
378500
378400
378300
378200
378100
378000
377900
377800
377700
377600
377500
377400
377300
377200
377100
377000
376900
376800
376700
376600
376500
376400
376300
376200
376100
376000
375900
375800
375700
375600
375500
375400
375300
375200
375100
375000
374900
374800
374700
374600
374500
374400
374300
374200
374100
374000
373900
373800
373700
373600
373500
373400
373300
373200
373100
373000
372900
372800
372700
372600
372500
372400
372300
372200
372100
372000
371900
371800
371700
371600
371500
371400
371300
371200
371100
371000
370900
370800
370700
370600
370500
370400
370300
370200
370100
370000
369900
369800
369700
369600
369500
369400
369300
369200
369100
369000
368900
368800
368700
368600
368500
368400
368300
368200
368100
368000
367900
367800
367700
367600
367500
367400
367300
367200
367100
367000
366900
366800
366700
366600
366500
366400
366300
366200
366100
366000
365900
365800
365700
365600
365500
365400
365300
365200
365100
365000
364900
364800
364700
364600
364500
364400
364300
364200
364100
364000
363900
363800
363700
363600
363500
363400
363300
363200
363100
363000
362900
362800
362700
362600
362500
362400
362300
362200
362100
362000
361900
361800
361700
361600
361500
361400
361300
361200
361100
361000
360900
360800
360700
360600
360500
360400
360300
360200
360100
360000
359900
359800
359700
359600
359500
359400
359300
359200
359100
359000
358900
358800
358700
358600
358500
358400
358300
358200
358100
358000
357900
357800
357700
357600
357500
357400
357300
357200
357100
357000
356900
356800
356700
356600
356500
356400
356300
356200
356100
356000
355900
355800
355700
355600
355500
355400
355300
355200
355100
355000
354900
354800
354700
354600
354500
354400
354300
354200
354100
354000
353900
353800
353700
353600
353500
353400
353300
353200
353100
353000
352900
352800
352700
352600
352500
352400
352300
352200
352100
352000
351900
351800
351700
351600
351500
351400
351300
351200
351100
351000
350900
350800
350700
350600
350500
350400
350300
350200
350100
350000
349900
349800
349700
349600
349500
349400
349300
349200
349100
349000
348900
348800
348700
348600
348500
348400
348300
348200
348100
348000
347900
347800
347700
347600
347500
347400
347300
347200
347100
347000
346900
346800
346700
346600
346500
346400
346300
346200
346100
346000
345900
345800
345700
345600
345500
345400
345300
345200
345100
345000
344900
344800
344700
344600
344500
344400
344300
344200
344100
344000
343900
343800
343700
343600
343500
343400
343300
343200
343100
343000
342900
342800
342700
342600
342500
342400
342300
342200
342100
342000
341900
341800
341700
341600
341500
341400
341300
341200
341100
341000
340900
340800
340700
340600
340500
340400
340300
340200
340100
340000
339900
339800
339700
339600
339500
339400
339300
339200
339100
339000
338900
338800
338700
338600
338500
338400
338300
338200
338100
338000
337900
337800
337700
337600
337500
337400
337300
337200
337100
337000
336900
336800
336700
336600
336500
336400
336300
336200
336100
336000
335900
335800
335700
335600
335500
335400
335300
335200
335100
335000
334900
334800
334700
334600
334500
334400
334300
334200
334100
334000
333900
333800
333700
333600
333500
333400
333300
333200
333100
333000
332900
332800
332700
332600
332500
332400
332300
332200
332100
332000
331900
331800
331700
331600
331500
331400
331300
331200
331100
331000
330900
330800
330700
330600
330500
330400
330300
330200
330100
330000
329900
329800
329700
329600
329500
329400
329300
329200
329100
329000
328900
328800
328700
328600
328500
328400
328300
328200
328100
328000
327900
327800
327700
327600
327500
327400
327300
327200
327100
327000
326900
326800
326700
326600
326500
326400
326300
326200
326100
326000
325900
325800
325700
325600
325500
325400
325300
325200
325100
325000
324900
324800
324700
324600
324500
324400
324300
324200
324100
324000
323900
323800
323700
323600
323500
323400
323300
323200
323100
323000
322900
322800
322700
322600
322500
322400
322300
322200
322100
322000
321900
321800
321700
321600
321500
321400
321300
321200
321100
321000
320900
320800
320700
320600
320500
320400
320300
320200
320100
320000
319900
319800
319700
319600
319500
319400
319300
319200
319100
319000
318900
318800
318700
318600
318500
318400
318300
318200
318100
318000
317900
317800
317700
317600
317500
317400
317300
317200
317100
317000
316900
316800
316700
316600
316500
316400
316300
316200
316100
316000
315900
315800
315700
315600
315500
315400
315300
315200
315100
315000
314900
314800
314700
314600
314500
314400
314300
314200
314100
314000
313900
313800
313700
313600
313500
313400
313300
313200
313100
313000
312900
312800
312700
312600
312500
312400
312300
312200
312100
312000
311900
311800
311700
311600
311500
311400
311300
311200
311100
311000
310900
310800
310700
310600
310500
310400
310300
310200
310100
310000
309900
309800
309700
309600
309500
309400
309300
309200
309100
309000
308900
308800
308700
308600
308500
308400
308300
308200
308100
308000
307900
307800
307700
307600
307500
307400
307300
307200
307100
307000
306900
306800
306700
306600
306500
306400
306300
306200
306100
306000
305900
305800
305700
305600
305500
305400
305300
305200
305100
305000
304900
304800
304700
304600
304500
304400
304300
304200
304100
304000
303900
303800
303700
303600
303500
303400
303300
303200
303100
303000
302900
302800
302700
302600
302500
302400
302300
302200
302100
302000
301900
301800
301700
301600
301500
301400
301300
301200
301100
301000
300900
300800
300700
300600
300500
300400
300300
300200
300100
300000
299900
299800
299700
299600
299500
299400
299300
299200
299100
299000
298900
298800
298700
298600
298500
298400
298300
298200
298100
298000
297900
297800
297700
297600
297500
297400
297300
297200
297100
297000
296900
296800
296700
296600
296500
296400
296300
296200
296100
296000
295900
295800
295700
295600
295500
295400
295300
295200
295100
295000
294900
294800
294700
294600
294500
294400
294300
294200
294100
294000
293900
293800
293700
293600
293500
293400
293300
293200
293100
293000
292900
292800
292700
292600
292500
292400
292300
292200
292100
292000
291900
291800
291700
291600
291500
291400
291300
291200
291100
291000
290900
290800
290700
290600
290500
290400
290300
290200
290100
290000
289900
289800
289700
289600
289500
289400
289300
289200
289100
289000
288900
288800
288700
288600
288500
288400
288300
288200
288100
288000
287900
287800
287700
287600
287500
287400
287300
287200
287100
287000
286900
286800
286700
286600
286500
286400
286300
286200
286100
286000
285900
285800
285700
285600
285500
285400
285300
285200
285100
285000
284900
284800
284700
284600
284500
284400
284300
284200
284100
284000
283900
283800
283700
283600
283500
283400
283300
283200
283100
283000
282900
282800
282700
282600
282500
282400
282300
282200
282100
282000
281900
281800
281700
281600
281500
281400
281300
281200
281100
281000
280900
280800
280700
280600
280500
280400
280300
280200
280100
280000
279900
279800
279700
279600
279500
279400
279300
279200
279100
279000
278900
278800
278700
278600
278500
278400
278300
278200
278100
278000
277900
277800
277700
277600
277500
277400
277300
277200
277100
277000
276900
276800
276700
276600
276500
276400
276300
276200
276100
276000
275900
275800
275700
275600
275500
275400
275300
275200
275100
275000
274900
274800
274700
274600
274500
274400
274300
274200
274100
274000
273900
273800
273700
273600
273500
273400
273300
273200
273100
273000
272900
272800
272700
272600
272500
272400
272300
272200
272100
272000
271900
271800
271700
271600
271500
271400
271300
271200
271100
271000
270900
270800
270700
270600
270500
270400
270300
270200
270100
270000
269900
269800
269700
269600
269500
269400
269300
269200
269100
269000
268900
268800
268700
268600
268500
268400
268300
268200
268100
268000
267900
267800
267700
267600
267500
267400
267300
267200
267100
267000
266900
266800
266700
266600
266500
266400
266300
266200
266100
266000
265900
265800
265700
265600
265500
265400
265300
265200
265100
265000
264900
264800
264700
264600
264500
264400
264300
264200
264100
264000
263900
263800
263700
263600
263500
263400
263300
263200
263100
263000
262900
262800
262700
262600
262500
262400
262300
262200
262100
262000
261900
261800
261700
261600
261500
261400
261300
261200
261100
261000
260900
260800
260700
260600
260500
260400
260300
260200
260100
260000
259900
259800
259700
259600
259500
259400
259300
259200
259100
259000
258900
258800
258700
258600
258500
258400
258300
258200
258100
258000
257900
257800
257700
257600
257500
257400
257300
257200
257100
257000
256900
256800
256700
256600
256500
256400
256300
256200
256100
256000
255900
255800
255700
255600
255500
255400
255300
255200
255100
255000
254900
254800
254700
254600
254500
254400
254300
254200
254100
254000
253900
253800
253700
253600
253500
253400
253300
253200
253100
253000
252900
252800
252700
252600
252500
252400
252300
252200
252100
252000
251900
251800
251700
251600
251500
251400
251300
251200
251100
251000
250900
250800
250700
250600
250500
250400
250300
250200
250100
250000
249900
249800
249700
249600
249500
249400
249300
249200
249100
249000
248900
248800
248700
248600
248500
248400
248300
248200
248100
248000
247900
247800
247700
247600
247500
247400
247300
247200
247100
247000
246900
246800
246700
246600
246500
246400
246300
246200
246100
246000
245900
245800
245700
245600
245500
245400
245300
245200
245100
245000
244900
244800
244700
244600
244500
244400
244300
244200
244100
244000
243900
243800
243700
243600
243500
243400
243300
243200
243100
243000
242900
242800
242700
242600
242500
242400
242300
242200
242100
242000
241900
241800
241700
241600
241500
241400
241300
241200
241100
241000
240900
240800
240700
240600
240500
240400
240300
240200
240100
240000
239900
239800
239700
239600
239500
239400
239300
239200
239100
239000
238900
238800
238700
238600
238500
238400
238300
238200
238100
238000
237900
237800
237700
237600
237500
237400
237300
237200
237100
237000
236900
236800
236700
236600
236500
236400
236300
236200
236100
236000
235900
235800
235700
235600
235500
235400
235300
235200
235100
235000
234900
234800
234700
234600
234500
234400
234300
234200
234100
234000
233900
233800
233700
233600
233500
233400
233300
233200
233100
233000
232900
232800
232700
232600
232500
232400
232300
232200
232100
232000
231900
231800
231700
231600
231500
231400
231300
231200
231100
231000
230900
230800
230700
230600
230500
230400
230300
230200
230100
230000
229900
229800
229700
229600
229500
229400
229300
229200
229100
229000
228900
228800
228700
228600
228500
228400
228300
228200
228100
228000
227900
227800
227700
227600
227500
227400
227300
227200
227100
227000
226900
226800
226700
226600
226500
226400
226300
226200
226100
226000
225900
225800
225700
225600
225500
225400
225300
225200
225100
225000
224900
224800
224700
224600
224500
224400
224300
224200
224100
224000
223900
223800
223700
223600
223500
223400
223300
223200
223100
223000
222900
222800
222700
222600
222500
222400
222300
222200
222100
222000
221900
221800
221700
221600
221500
221400
221300
221200
221100
221000
220900
220800
220700
220600
220500
220400
220300
220200
220100
220000
219900
219800
219700
219600
219500
219400
219300
219200
219100
219000
218900
218800
218700
218600
218500
218400
218300
218200
218100
218000
217900
217800
217700
217600
217500
217400
217300
217200
217100
217000
216900
216800
216700
216600
216500
216400
216300
216200
216100
216000
215900
215800
215700
215600
215500
215400
215300
215200
215100
215000
214900
214800
214700
214600
214500
214400
214300
214200
214100
214000
213900
213800
213700
213600
213500
213400
213300
213200
213100
213000
212900
212800
212700
212600
212500
212400
212300
212200
212100
212000
211900
211800
211700
211600
211500
211400
211300
211200
211100
211000
210900
210800
210700
210600
210500
210400
210300
210200
210100
210000
209900
209800
209700
209600
209500
209400
209300
209200
209100
209000
208900
208800
208700
208600
208500
208400
208300
208200
208100
208000
207900
207800
207700
207600
207500
207400
207300
207200
207100
207000
206900
206800
206700
206600
206500
206400
206300
206200
206100
206000
205900
205800
205700
205600
205500
205400
205300
205200
205100
205000
204900
204800
204700
204600
204500
204400
204300
204200
204100
204000
203900
203800
203700
203600
203500
203400
203300
203200
203100
203000
202900
202800
202700
202600
202500
202400
202300
202200
202100
202000
201900
201800
201700
201600
201500
201400
201300
201200
201100
201000
200900
200800
200700
200600
200500
200400
200300
200200
200100
200000
199900
199800
199700
199600
199500
199400
199300
199200
199100
199000
198900
198800
198700
198600
198500
198400
198300
198200
198100
198000
197900
197800
197700
197600
197500
197400
197300
197200
197100
197000
196900
196800
196700
196600
196500
196400
196300
196200
196100
196000
195900
195800
195700
195600
195500
195400
195300
195200
195100
195000
194900
194800
194700
194600
194500
194400
194300
194200
194100
194000
193900
193800
193700
193600
193500
193400
193300
193200
193100
193000
192900
192800
192700
192600
192500
192400
192300
192200
192100
192000
191900
191800
191700
191600
191500
191400
191300
191200
191100
191000
190900
190800
190700
190600
190500
190400
190300
190200
190100
190000
189900
189800
189700
189600
189500
189400
189300
189200
189100
189000
188900
188800
188700
188600
188500
188400
188300
188200
188100
188000
187900
187800
187700
187600
187500
187400
187300
187200
187100
187000
186900
186800
186700
186600
186500
186400
186300
186200
186100
186000
185900
185800
185700
185600
185500
185400
185300
185200
185100
185000
184900
184800
184700
184600
184500
184400
184300
184200
184100
184000
183900
183800
183700
183600
183500
183400
183300
183200
183100
183000
182900
182800
182700
182600
182500
182400
182300
182200
182100
182000
181900
181800
181700
181600
181500
181400
181300
181200
181100
181000
180900
180800
180700
180600
180500
180400
180300
180200
180100
180000
179900
179800
179700
179600
179500
179400
179300
179200
179100
179000
178900
178800
178700
178600
178500
178400
178300
178200
178100
178000
177900
177800
177700
177600
177500
177400
177300
177200
177100
177000
176900
176800
176700
176600
176500
176400
176300
176200
176100
176000
175900
175800
175700
175600
175500
175400
175300
175200
175100
175000
174900
174800
174700
174600
174500
174400
174300
174200
174100
174000
173900
173800
173700
173600
173500
173400
173300
173200
173100
173000
172900
172800
172700
172600
172500
172400
172300
172200
172100
172000
171900
171800
171700
171600
171500
171400
171300
171200
171100
171000
170900
170800
170700
170600
170500
170400
170300
170200
170100
170000
169900
169800
169700
169600
169500
169400
169300
169200
169100
169000
168900
168800
168700
168600
168500
168400
168300
168200
168100
168000
167900
167800
167700
167600
167500
167400
167300
167200
167100
167000
166900
166800
166700
166600
166500
166400
166300
166200
166100
166000
165900
165800
165700
165600
165500
165400
165300
165200
165100
165000
164900
164800
164700
164600
164500
164400
164300
164200
164100
164000
163900
163800
163700
163600
163500
163400
163300
163200
163100
163000
162900
162800
162700
162600
162500
162400
162300
162200
162100
162000
161900
161800
161700
161600
161500
161400
161300
161200
161100
161000
160900
160800
160700
160600
160500
160400
160300
160200
160100
160000
159900
159800
159700
159600
159500
159400
159300
159200
159100
159000
158900
158800
158700
158600
158500
158400
158300
158200
158100
158000
157900
157800
157700
157600
157500
157400
157300
157200
157100
157000
156900
156800
156700
156600
156500
156400
156300
156200
156100
156000
155900
155800
155700
155600
155500
155400
155300
155200
155100
155000
154900
154800
154700
154600
154500
154400
154300
154200
154100
154000
153900
153800
153700
153600
153500
153400
153300
153200
153100
153000
152900
152800
152700
152600
152500
152400
152300
152200
152100
152000
151900
151800
151700
151600
151500
151400
151300
151200
151100
151000
150900
150800
150700
150600
150500
150400
150300
150200
150100
150000
149900
149800
149700
149600
149500
149400
149300
149200
149100
149000
148900
148800
148700
148600
148500
148400
148300
148200
148100
148000
147900
147800
147700
147600
147500
147400
147300
147200
147100
147000
146900
146800
146700
146600
146500
146400
146300
146200
146100
146000
145900
145800
145700
145600
145500
145400
145300
145200
145100
145000
144900
144800
144700
144600
144500
144400
144300
144200
144100
144000
143900
143800
143700
143600
143500
143400
143300
143200
143100
143000
142900
142800
142700
142600
142500
142400
142300
142200
142100
142000
141900
141800
141700
141600
141500
141400
141300
141200
141100
141000
140900
140800
140700
140600
140500
140400
140300
140200
140100
140000
139900
139800
139700
139600
139500
139400
139300
139200
139100
139000
138900
138800
138700
138600
138500
138400
138300
138200
138100
138000
137900
137800
137700
137600
137500
137400
137300
137200
137100
137000
136900
136800
136700
136600
136500
136400
136300
136200
136100
136000
135900
135800
135700
135600
135500
135400
135300
135200
135100
135000
134900
134800
134700
134600
134500
134400
134300
134200
134100
134000
133900
133800
133700
133600
133500
133400
133300
133200
133100
133000
132900
132800
132700
132600
132500
132400
132300
132200
132100
132000
131900
131800
131700
131600
131500
131400
131300
131200
131100
131000
130900
130800
130700
130600
130500
130400
130300
130200
130100
130000
129900
129800
129700
129600
129500
129400
129300
129200
129100
129000
128900
128800
128700
128600
128500
128400
128300
128200
128100
128000
127900
127800
127700
127600
127500
127400
127300
127200
127100
127000
126900
126800
126700
126600
126500
126400
126300
126200
126100
126000
125900
125800
125700
125600
125500
125400
125300
125200
125100
125000
124900
124800
124700
124600
124500
124400
124300
124200
124100
124000
123900
123800
123700
123600
123500
123400
123300
123200
123100
123000
122900
122800
122700
122600
122500
122400
122300
122200
122100
122000
121900
121800
121700
121600
121500
121400
121300
121200
121100
121000
120900
120800
120700
120600
120500
120400
120300
120200
120100
120000
119900
119800
119700
119600
119500
119400
119300
119200
119100
119000
118900
118800
118700
118600
118500
118400
118300
118200
118100
118000
117900
117800
117700
117600
117500
117400
117300
117200
117100
117000
116900
116800
116700
116600
116500
116400
116300
116200
116100
116000
115900
115800
115700
115600
115500
115400
115300
115200
115100
115000
114900
114800
114700
114600
114500
114400
114300
114200
114100
114000
113900
113800
113700
113600
113500
113400
113300
113200
113100
113000
112900
112800
112700
112600
112500
112400
112300
112200
112100
112000
111900
111800
111700
111600
111500
111400
111300
111200
111100
111000
110900
110800
110700
110600
110500
110400
110300
110200
110100
110000
109900
109800
109700
109600
109500
109400
109300
109200
109100
109000
108900
108800
108700
108600
108500
108400
108300
108200
108100
108000
107900
107800
107700
107600
107500
107400
107300
107200
107100
107000
106900
106800
106700
106600
106500
106400
106300
106200
106100
106000
105900
105800
105700
105600
105500
105400
105300
105200
105100
105000
104900
104800
104700
104600
104500
104400
104300
104200
104100
104000
103900
103800
103700
103600
103500
103400
103300
103200
103100
103000
102900
102800
102700
102600
102500
102400
102300
102200
102100
102000
101900
101800
101700
101600
101500
101400
101300
101200
101100
101000
100900
100800
100700
100600
100500
100400
100300
100200
100100
100000
99900
99800
99700
99600
99500
99400
99300
99200
99100
99000
98900
98800
98700
98600
98500
98400
98300
98200
98100
98000
97900
97800
97700
97600
97500
97400
97300
97200
97100
97000
96900
96800
96700
96600
96500
96400
96300
96200
96100
96000
95900
95800
95700
95600
95500
95400
95300
95200
95100
95000
94900
94800
94700
94600
94500
94400
94300
94200
94100
94000
93900
93800
93700
93600
93500
93400
93300
93200
93100
93000
92900
92800
92700
92600
92500
92400
92300
92200
92100
92000
91900
91800
91700
91600
91500
91400
91300
91200
91100
91000
90900
90800
90700
90600
90500
90400
90300
90200
90100
90000
89900
89800
89700
89600
89500
89400
89300
89200
89100
89000
88900
88800
88700
88600
88500
88400
88300
88200
88100
88000
87900
87800
87700
87600
87500
87400
87300
87200
87100
87000
86900
86800
86700
86600
86500
86400
86300
86200
86100
86000
85900
85800
85700
85600
85500
85400
85300
85200
85100
85000
84900
84800
84700
84600
84500
84400
84300
84200
84100
84000
83900
83800
83700
83600
83500
83400
83300
83200
83100
83000
82900
82800
82700
82600
82500
82400
82300
82200
82100
82000
81900
81800
81700
81600
81500
81400
81300
81200
81100
81000
80900
80800
80700
80600
80500
80400
80300
80200
80100
80000
79900
79800
79700
79600
79500
79400
79300
79200
79100
79000
78900
78800
78700
78600
78500
78400
78300
78200
78100
78000
77900
77800
77700
77600
77500
77400
77300
77200
77100
77000
76900
76800
76700
76600
76500
76400
76300
76200
76100
76000
75900
75800
75700
75600
75500
75400
75300
75200
75100
75000
74900
74800
74700
74600
74500
74400
74300
74200
74100
74000
73900
73800
73700
73600
73500
73400
73300
73200
73100
73000
72900
72800
72700
72600
72500
72400
72300
72200
72100
72000
71900
71800
71700
71600
71500
71400
71300
71200
71100
71000
70900
70800
70700
70600
70500
70400
70300
70200
70100
70000
69900
69800
69700
69600
69500
69400
69300
69200
69100
69000
68900
68800
68700
68600
68500
68400
68300
68200
68100
68000
67900
67800
67700
67600
67500
67400
67300
67200
67100
67000
66900
66800
66700
66600
66500
66400
66300
66200
66100
66000
65900
65800
65700
65600
65500
65400
65300
65200
65100
65000
64900
64800
64700
64600
64500
64400
64300
64200
64100
64000
63900
63800
63700
63600
63500
63400
63300
63200
63100
63000
62900
62800
62700
62600
62500
62400
62300
62200
62100
62000
61900
61800
61700
61600
61500
61400
61300
61200
61100
61000
60900
60800
60700
60600
60500
60400
60300
60200
60100
60000
59900
59800
59700
59600
59500
59400
59300
59200
59100
59000
58900
58800
58700
58600
58500
58400
58300
58200
58100
58000
57900
57800
57700
57600
57500
57400
57300
57200
57100
57000
56900
56800
56700
56600
56500
56400
56300
56200
56100
56000
55900
55800
55700
55600
55500
55400
55300
55200
55100
55000
54900
54800
54700
54600
54500
54400
54300
54200
54100
54000
53900
53800
53700
53600
53500
53400
53300
53200
53100
53000
52900
52800
52700
52600
52500
52400
52300
52200
52100
52000
51900
51800
51700
51600
51500
51400
51300
51200
51100
51000
50900
50800
50700
50600
50500
50400
50300
50200
50100
50000
49900
49800
49700
49600
49500
49400
49300
49200
49100
49000
48900
48800
48700
48600
48500
48400
48300
48200
48100
48000
47900
47800
47700
47600
47500
47400
47300
47200
47100
47000
46900
46800
46700
46600
46500
46400
46300
46200
46100
46000
45900
45800
45700
45600
45500
45400
45300
45200
45100
45000
44900
44800
44700
44600
44500
44400
44300
44200
44100
44000
43900
43800
43700
43600
43500
43400
43300
43200
43100
43000
42900
42800
42700
42600
42500
42400
42300
42200
42100
42000
41900
41800
41700
41600
41500
41400
41300
41200
41100
41000
40900
40800
40700
40600
40500
40400
40300
40200
40100
40000
39900
39800
39700
39600
39500
39400
39300
39200
39100
39000
38900
38800
38700
38600
38500
38400
38300
38200
38100
38000
37900
37800
37700
37600
37500
37400
37300
37200
37100
37000
36900
36800
36700
36600
36500
36400
36300
36200
36100
36000
35900
35800
35700
35600
35500
35400
35300
35200
35100
35000
34900
34800
34700
34600
34500
34400
34300
34200
34100
34000
33900
33800
33700
33600
33500
33400
33300
33200
33100
33000
32900
32800
32700
32600
32500
32400
32300
32200
32100
32000
31900
31800
31700
31600
31500
31400
31300
31200
31100
31000
30900
30800
30700
30600
30500
30400
30300
30200
30100
30000
29900
29800
29700
29600
29500
29400
29300
29200
29100
29000
28900
28800
28700
28600
28500
28400
28300
28200
28100
28000
27900
27800
27700
27600
27500
27400
27300
27200
27100
27000
26900
26800
26700
26600
26500
26400
26300
26200
26100
26000
25900
25800
25700
25600
25500
25400
25300
25200
25100
25000
24900
24800
24700
24600
24500
24400
24300
24200
24100
24000
23900
23800
23700
23600
23500
23400
23300
23200
23100
23000
22900
22800
22700
22600
22500
22400
22300
22200
22100
22000
21900
21800
21700
21600
21500
21400
21300
21200
21100
21000
20900
20800
20700
20600
20500
20400
20300
20200
20100
20000
19900
19800
19700
19600
19500
19400
19300
19200
19100
19000
18900
18800
18700
18600
18500
18400
18300
18200
18100
18000
17900
17800
17700
17600
17500
17400
17300
17200
17100
17000
16900
16800
16700
16600
16500
16400
16300
16200
16100
16000
15900
15800
15700
15600
15500
15400
15300
15200
15100
15000
14900
14800
14700
14600
14500
14400
14300
14200
14100
14000
13900
13800
13700
13600
13500
13400
13300
13200
13100
13000
12900
12800
12700
12600
12500
12400
12300
12200
12100
12000
11900
11800
11700
11600
11500
11400
11300
11200
11100
11000
10900
10800
10700
10600
10500
10400
10300
10200
10100
10000
9900
9800
9700
9600
9500
9400
9300
9200
9100
9000
8900
8800
8700
8600
8500
8400
8300
8200
8100
8000
7900
7800
7700
7600
7500
7400
7300
7200
7100
7000
6900
6800
6700
6600
6500
6400
6300
6200
6100
6000
5900
5800
5700
5600
5500
5400
5300
5200
5100
5000
4900
4800
4700
4600
4500
4400
4300
4200
4100
4000
3900
3800
3700
3600
3500
3400
3300
3200
3100
3000
2900
2800
2700
2600
2500
2400
2300
2200
2100
2000
1900
1800
1700
1600
1500
1400
1300
1200
1100
1000
900
800
700
600
500
400
300
200
100
