100 10
219839
244348
888161
3455
313371
347073
382213
459260
521701
558334
609009
698988
763403
907120
940396
32868
78193
212702
375557
497856
553951
694880
761389
872057
878294
16742
17635
63475
262382
374557
446009
468191
469901
615924
622175
812998
882510
940041
710795
855850
856767
923862
941765
988875
273005
344051
575139
807191
824006
846381
855366
890015
297547
593009
682572
806511
832202
923052
6036
55056
115288
300359
337401
434954
554093
589038
676404
909156
916458
918763
995876
999760
109215
179035
242514
297041
375846
398698
436269
659714
718498
726219
818341
822477
898199
981153
337796
436319
457813
521834
635067
749199
896232
0
0
0
0
0
0
0
