10000 4965
3672
4465
6155
1793
8324
7903
38
180
2783
6228
5193
3151
9613
2642
9945
3965
8901
3402
936
9828
4938
468
8641
815
6827
1659
6757
8429
3911
5302
1643
8389
147
2005
7469
3445
1737
2649
5129
2265
1434
7457
8216
9362
2271
4036
2771
9212
7679
9042
490
2291
6995
776
2611
7997
5709
2138
4741
4446
1384
1071
9911
3759
8216
7781
3796
2203
3519
2295
278
7495
8236
5956
947
1829
3709
6335
8040
5271
3509
3053
8473
4686
6764
5040
1869
722
6978
7424
9166
6187
3053
1066
8543
2998
3291
1330
3090
648
9758
2695
1337
3076
9689
6555
2433
8339
7144
5791
6561
4431
6739
8130
7151
1079
5225
4050
7138
730
1805
3443
4673
6421
8154
2189
6179
173
9911
5224
4225
7731
9031
7004
2706
3420
1843
7927
7506
6733
4427
8113
8621
8159
5286
9633
793
101
3949
8500
3773
1898
6302
7650
1535
6477
5537
3167
8161
5826
4615
1158
3943
961
7759
3396
2291
3874
5280
8735
8167
8840
6694
5818
2846
9109
7425
6660
7912
466
9207
644
5598
2449
9672
4042
3896
6578
1356
9968
9521
8557
9826
7970
8756
3209
2501
2181
5486
2622
1000
3234
8115
5561
9488
1682
6999
3091
3078
7982
2120
6951
6087
6244
3294
2122
1212
5039
1534
8527
1443
5987
5337
3271
6339
921
4210
9022
6466
2959
3646
9453
1706
5729
182
3773
1954
5950
3976
2726
4295
8852
2035
6165
5072
8303
2281
1149
7775
3506
1046
4870
2185
6314
9345
7028
2292
7245
6692
2369
8942
6258
775
1554
3646
5225
4266
3446
5686
9437
3333
1416
5705
6102
1399
8347
3337
8984
475
775
6116
9783
4984
348
6352
7515
5067
5950
7138
9332
742
9384
4496
8736
3131
9673
1125
6905
9887
2171
3786
6736
1750
6627
117
8041
6583
7197
3008
4140
3035
6042
497
612
2883
9026
4298
8754
90
2814
1324
8002
1979
1123
1830
1098
5596
7472
3087
5378
8860
3602
2957
2304
8017
9439
8942
7154
702
7623
9831
8131
1086
1953
4548
4636
8490
4302
7125
3904
9852
1521
6319
2291
572
8411
118
2960
5641
9423
6091
2123
1129
3425
9033
6678
7704
4467
7466
3354
891
4317
1521
3353
7200
6490
5533
459
7081
7176
1655
2393
9631
1187
5357
5520
8129
7059
479
1787
2999
1396
2420
5029
4087
1933
1190
9247
1072
4458
9879
5451
8183
4227
1441
9840
3662
3676
9565
1405
8173
5626
9046
6964
6037
6830
167
8175
2356
3801
8357
8337
5123
4923
2602
2201
3609
4349
4566
3993
8759
6963
3473
3173
6168
2064
2184
3408
3981
3445
2846
4548
7408
6852
1923
1951
4499
5516
382
2281
6874
3513
3046
8398
9307
7886
2088
3853
639
529
5412
1458
3387
7935
55
5961
8665
4783
9215
4570
571
3
2511
7499
8750
8380
5207
270
7431
9356
3321
3650
1538
4106
4368
2981
8440
5538
939
1773
5126
7635
5483
9141
1122
3337
5904
8293
8657
9767
225
3356
7127
8769
3684
998
3133
8424
4282
8921
9986
7195
9807
6243
499
38
3779
9188
6414
5600
8843
1943
1926
2013
1554
5084
7231
2022
8806
1714
1914
4255
8605
8906
8409
6982
1333
9273
6359
6108
9557
7898
8539
5583
3611
2931
7248
7661
2804
2924
3111
3289
5924
329
428
7631
90
8273
3540
7494
2469
3747
1149
6320
4167
1384
5894
5843
1143
2860
960
4489
903
4042
2751
8175
2639
574
9014
1433
1573
7534
8039
9211
6483
3086
8314
3065
3466
3972
487
7856
9656
4326
7128
8970
2721
966
263
6637
6219
4418
7104
1140
6090
7434
1516
4953
358
8771
4758
120
3277
7920
6683
4850
4046
2770
4900
5750
7639
9060
8682
4630
7653
7129
9384
1996
1363
3797
3362
5056
2714
9047
9703
8848
2645
6700
2018
8559
1257
5453
75
591
16
6605
4105
6853
5999
4587
1135
1494
59
8301
2097
9557
9319
8467
4255
9204
2638
1383
8195
3445
730
4459
8593
4468
3835
8660
4518
3880
9055
3856
3207
8641
2414
4834
1427
7489
5972
636
819
1403
2591
5860
9551
2924
7288
7482
2196
7820
2845
6017
9196
2381
3197
2834
3448
9443
4272
2169
620
4510
6187
5018
5355
4760
6040
5156
9232
4649
1292
3945
2482
9425
186
6564
118
74
3811
5203
2362
897
6280
5396
8968
9508
1424
1380
6844
6641
6697
5869
9634
3830
1195
5740
196
603
797
6683
8578
8329
2809
5098
2416
2356
9174
1721
1194
2579
4493
7197
1105
3561
3125
4318
5963
938
9704
9207
7914
106
7466
1950
2733
3918
3802
9503
2603
9600
3326
7510
3200
8121
2468
1970
3555
8883
7268
3931
7871
7699
1894
6360
5255
4159
7562
8417
6467
130
4823
1179
6709
4884
7183
2215
4862
6581
7960
7993
7148
6579
1039
9620
353
1704
6870
7847
9323
7114
18
3047
2056
8734
989
1951
7445
2410
1314
5724
1856
5083
972
9173
7014
4887
2960
1800
3146
6251
6266
7369
9595
8746
216
6384
3176
8310
7442
7651
5971
4613
2309
4435
2811
1789
8484
8893
1097
4764
4222
7460
2080
7938
9885
9559
7310
2218
512
3311
6470
9389
4286
2371
4290
9830
5802
2784
3480
450
5625
9343
6404
6478
847
1086
4086
9028
9945
9287
5690
5780
2272
4716
72
5051
6532
7365
8263
2084
3392
183
4516
4102
5987
8420
3802
7285
7153
4710
248
7754
8567
4431
9933
7456
8918
9643
79
8366
3661
9957
3617
6434
5302
6107
9154
1970
6523
1393
2992
2600
5443
6374
6910
2111
3994
7412
6675
8243
9864
3562
4766
983
9125
1707
4692
1345
5736
8043
2441
6760
904
4319
9734
4334
9268
1219
2107
8043
9335
3638
1557
3171
5352
4764
35
5120
9417
2868
7763
1331
1689
3068
2492
211
6389
8041
4672
8141
3603
2524
4330
1326
2749
3665
7580
9716
4058
6294
9048
3634
6153
6888
1966
2793
4912
6113
4401
2856
8129
1381
2948
51
8291
88
7355
7787
3634
2855
4537
6450
8983
3641
7981
224
8057
6490
7070
4523
7032
8232
518
7918
5544
9138
4172
1925
2435
5518
6108
3373
8620
8517
8239
6944
6113
7931
9344
5905
6281
2893
4941
1089
883
5427
6586
6141
6310
6472
9143
2445
2254
4711
9162
4593
16
3998
2060
7822
7142
2403
2233
5381
1429
4629
3381
7735
6706
2206
7276
1055
4719
8280
2015
187
33
5724
1480
7722
1684
9814
1354
4751
1700
9249
6208
2312
668
8824
2073
869
261
6330
8670
1158
8487
3244
9152
2590
112
7870
1422
1227
9894
7725
8814
1303
3192
1109
1109
9671
2399
6905
7108
9552
3860
3819
8813
9400
8011
6116
5700
78
2425
3894
4086
9852
6531
281
1572
2512
6054
3875
4828
7349
1066
8268
1214
1668
5565
805
6925
5181
2059
5750
8854
6725
6752
2267
7721
7139
3646
3104
7834
470
2244
7753
9686
3192
6287
7244
5712
5184
9299
9550
8166
6533
3998
1565
3816
6179
5640
5636
6861
3734
9133
6775
5588
5103
4067
4778
1382
2393
4843
2304
1843
915
2397
5444
6641
4756
3233
4480
1116
8062
374
5272
922
5133
1170
2409
6829
5044
3095
9274
4558
8572
9919
1171
421
1150
3680
720
2353
5299
2325
4462
5835
3965
6770
281
6880
9778
7507
7228
4746
4467
7575
7954
6910
3678
1277
503
371
4569
6096
9668
8767
233
3205
2538
2440
8276
5724
8
9102
3222
6338
7082
1895
4518
8542
3277
2623
8216
9692
8349
5274
228
3661
235
2574
7774
5400
2944
1583
3548
1388
5700
8284
5471
7448
6954
4029
5753
135
4695
8659
491
3702
2099
6703
3900
8461
9479
40
5693
2314
3278
1081
5289
686
4385
8098
751
4381
6558
3228
4575
9100
7438
7039
1818
1400
8714
7359
7988
5218
4364
6099
2987
9533
4837
4128
7799
2750
280
3675
5587
5247
1843
7922
5023
1975
2609
8733
8017
7334
4751
680
1191
3096
897
163
1045
7225
5144
5804
1593
955
8280
5811
6973
14
851
6239
1543
2400
5476
6071
5120
8854
7633
1122
5422
7568
1339
4894
6365
5365
2998
5177
3664
6690
6373
672
2694
2098
3338
4570
5282
2650
2151
565
9085
9719
8977
6871
7148
2981
2784
5416
8708
6378
6619
7250
2255
6198
3474
7113
7233
5083
7127
7372
1715
8426
8879
2343
4828
7967
1841
5884
9138
341
992
5634
1092
276
7319
7599
1796
7249
1138
6088
331
4285
860
6888
6456
8535
5819
404
8104
6803
6093
2882
169
6263
8179
431
2106
9952
964
6304
7691
5923
3942
5
4573
233
8721
5485
7026
7026
1228
4810
9707
270
6146
5112
1843
5734
7546
7208
6638
9109
9904
4476
3723
5998
837
1983
4883
9902
6425
5946
106
658
4326
2735
9196
324
5811
9409
5151
7653
4227
6374
2259
2662
478
6195
7934
6471
359
5516
5002
9427
3084
4268
1144
121
5977
1573
4142
2288
1651
6070
3286
4251
2673
2897
3572
8819
1333
451
8269
5372
4429
1692
6061
9497
9123
1280
2401
6990
9789
2256
3974
2801
5394
2517
9566
6391
9703
8510
984
7162
3679
2689
9496
3731
1448
8273
765
5463
7194
3348
3374
2393
2882
4208
4650
3505
6753
248
7427
3546
3721
5114
9517
6416
2014
8603
717
3049
7500
7377
2111
7822
1146
5912
8169
601
5374
1607
5440
1429
8981
6012
4365
6072
3356
9815
8131
5608
8345
4507
1906
1148
960
4704
6764
8168
3666
7809
397
1597
4756
3607
4997
1579
2951
7382
3276
4208
5248
8786
3097
746
9213
4799
3004
1379
6724
7902
8821
1841
2298
2701
8373
4053
2051
6247
1835
367
4644
6351
3952
4086
3248
6021
5347
4406
1572
8372
8121
8955
6520
398
1857
3839
3362
215
5866
6346
2929
4583
9568
8633
5677
8636
845
1728
7252
1168
788
8997
9189
7477
829
8284
7010
1043
914
5359
3059
2060
4973
1694
5992
8287
8586
6683
6450
3762
5383
8780
5270
1616
3934
550
4911
9750
6527
6042
9708
9921
2595
8435
665
5771
541
5436
8907
2942
4356
6054
2091
443
6050
2100
5520
2409
5195
3868
9553
9896
3130
7702
247
846
1718
4960
766
2872
5520
4768
8067
6700
2638
4039
4320
9346
4812
2637
5687
4407
8049
9255
3473
9413
4540
5988
1538
45
1093
4716
8619
5406
4492
1557
108
1144
2747
3457
4531
3342
3464
8668
605
6223
4678
7228
2295
7622
5677
2707
3398
4976
745
2352
2730
5243
2768
5789
5802
7495
5561
776
4507
3614
86
6539
7231
7826
4278
7067
5646
6063
9052
6034
7666
9256
9290
2934
2150
5691
8355
3398
5979
6728
3608
8509
5904
1504
6023
170
9825
6435
5856
9416
5121
9935
7361
4879
3796
3713
2001
9046
7974
6804
8824
1978
8880
162
3786
6295
512
9058
9248
8823
7544
7142
3727
9322
7682
8593
381
4726
437
5972
9442
9811
3474
6192
5869
4805
2156
3488
9648
2957
8592
7688
248
3914
9110
28
2265
25
2246
3780
7785
8713
2479
6838
2729
5260
6278
3376
8431
4075
7947
6005
5876
2816
5191
592
1697
5023
2447
5238
3070
5148
2558
9960
4146
4468
1686
1719
9706
9855
1885
3848
9189
3030
3545
5846
5234
9492
1517
1700
6703
1248
5948
5264
7066
6740
8193
4536
755
4581
6224
5488
8517
3798
3295
4864
3743
9753
9421
2254
6765
3814
4314
9395
56
1434
1670
5823
4488
380
8023
235
502
9339
1851
3173
7071
6613
3875
9470
9748
8519
3103
6262
558
3973
4729
5284
9458
460
5075
6031
9412
9901
6595
1995
2899
3867
9244
9945
9473
4029
3514
311
804
1720
7018
7132
2777
1818
8901
5427
4031
7153
3075
7729
6500
813
7848
2918
9040
9666
8695
4334
8242
9230
2877
2832
2432
7243
8480
730
4226
7838
6617
8761
3186
14
1167
6596
9635
177
2363
6246
1930
6987
4625
3639
9799
6971
8403
7708
2176
3360
6415
5369
8378
7296
633
333
4727
2659
3210
5259
1134
367
1120
44
1419
1875
7682
2431
1773
3293
9178
6944
6312
924
3620
1933
8839
9878
261
6507
8968
4689
1221
5006
3775
5045
7013
6252
3902
4221
268
3862
9171
9823
8771
8219
4376
4430
7748
7955
8167
8730
9043
6963
3688
8474
1148
1578
6520
5142
5945
1724
467
4667
195
8275
3120
9076
1521
4172
9761
5457
9675
7051
1857
3690
8668
5421
4394
3124
8952
830
3252
1459
2027
7190
6278
6979
5653
9973
7569
388
830
9841
9588
3617
1569
33
4398
8270
5324
2613
7805
8714
8538
9492
7324
6700
8167
1196
8648
9252
4622
7190
3590
8555
3714
98
1025
3831
2917
2236
4821
4113
7182
5489
3238
2959
323
7881
6396
6824
7131
9852
4820
1483
2316
7423
4850
12
109
3813
6380
5895
4482
951
7152
3329
4232
6031
7561
8503
2903
3136
1274
1706
5743
1189
2928
905
9405
6286
2840
3614
7805
2698
3207
5542
5857
7351
4047
7357
1784
8329
8287
5701
6215
9809
6916
2410
2320
1020
7458
7543
8816
393
1151
2200
6550
3738
6177
5756
188
5466
3626
9982
846
3305
6964
9205
1808
2300
4931
3154
8259
943
5827
6657
315
235
4370
2728
8393
1909
1828
9580
8213
626
8880
4409
3905
8717
9801
8510
6893
3787
9
1255
8011
5387
571
6179
6405
3395
5688
3833
7793
1019
3504
2488
5316
3089
5026
5559
7035
9580
672
9993
8119
5546
3567
5112
9629
3069
3443
5135
8227
9301
387
2472
73
9744
8017
8638
9927
3001
5894
4687
7959
7289
4662
3287
9977
6316
3924
9896
5522
4144
3697
7562
5823
2843
9179
63
1793
3094
7476
9687
5918
1543
9651
2622
3925
1806
7588
8294
4147
3484
755
5500
2676
5994
7843
1171
9370
8305
7942
8360
5930
8559
4369
6444
2995
3026
7099
8240
8852
1149
2157
2137
8303
2269
5505
1720
9818
1677
6331
3322
9070
3082
5579
3157
5106
3568
6087
6016
6524
6507
4851
44
4579
9610
5555
7573
4376
8039
89
9031
2746
9268
8262
7329
6447
6748
5963
89
52
2234
7829
2933
85
3767
6248
3448
7551
1983
8080
5467
9604
6115
2506
1968
3203
7142
1570
4406
5066
3264
2284
9144
9560
5270
6687
3130
9224
1517
7311
352
5744
8241
364
6809
5267
7978
2032
4039
7384
8804
3923
2669
8597
991
6457
106
687
8723
4871
4678
6416
182
7089
1806
4987
6986
8650
6715
939
3555
6553
3884
8460
2382
8877
9634
133
4248
5041
8345
3914
6915
7858
6309
3480
4759
2421
885
5794
257
8569
9600
6927
6695
9496
1982
9940
5809
7158
6191
5089
8303
1237
2867
9180
8523
3199
8577
8932
2523
9110
7534
6898
9622
2950
3891
1584
4716
4211
5400
9656
5891
9419
4202
1087
693
4862
8445
9020
2667
4385
8040
3342
1801
4389
912
3520
686
1218
1110
9704
4458
9092
1049
2923
3175
2513
7500
1263
6849
8569
4305
8107
4019
5598
5716
2306
8433
6030
908
9670
9655
3472
2175
3605
3929
8442
4792
8350
6671
6134
160
8414
3961
380
2102
5080
3559
1763
8838
9343
610
6929
5989
1675
6888
1619
5069
6656
5238
2664
8819
8713
638
8888
9584
6557
2555
6427
1959
6853
5653
2522
692
3574
8096
114
4801
8293
4862
9114
3638
9860
5162
2390
6046
9098
5072
7108
6176
439
2599
1153
117
2497
7567
8971
9287
4899
6191
6822
9742
2451
6221
9960
5456
2123
4053
8692
7326
823
922
9862
644
5253
6471
7420
2029
283
8436
1865
2213
6784
8642
2355
293
5522
2555
5881
3315
6348
7370
48
5296
7761
2924
8160
9799
9178
4895
3906
1735
6063
7414
6853
4671
1167
9513
6157
4331
8283
2073
1079
1140
3964
4341
1934
8165
699
3273
1063
382
8139
1248
3406
6637
2100
9057
9573
2078
4991
4397
3358
8713
2076
7945
9975
1284
3513
2070
830
3100
5324
1538
265
8794
605
9234
3102
8005
2362
1555
8992
6159
7540
4634
4757
7558
8710
2010
4669
923
8230
7506
5302
7404
7106
6774
4351
9693
855
7733
9031
8321
9220
6017
6943
9931
984
6263
4363
9083
2868
6839
3228
9874
9335
806
6083
385
856
8729
5659
6226
8692
1203
7922
7010
4712
4668
3484
5702
8411
1292
5146
724
8236
1964
9781
4845
4324
5744
8425
7642
179
5317
3978
8776
2758
1422
7986
3415
3866
5768
8693
9138
9831
4196
1515
7293
3357
8680
2409
8435
4212
8923
8779
6692
4545
3831
1823
3882
5592
6934
1573
6082
9448
3828
6767
2723
7628
9283
7053
1774
7842
9278
4976
120
6122
8247
1841
1956
9987
3956
7714
7210
1482
8631
5799
5565
5031
841
7013
2613
5293
1698
8851
991
6091
1756
2180
2144
4000
5205
4174
1180
153
922
6371
6197
2050
9366
6440
8636
6178
1448
1929
9234
2492
2931
4811
5470
3969
1616
6311
8147
8622
3529
6099
9979
4432
5570
2889
2905
2326
4995
2893
1586
9481
6275
172
5309
8307
1759
121
5233
1575
7589
5043
6633
8360
9586
2841
6217
6183
8865
464
2014
3743
8239
8417
1644
6378
786
2597
1130
9057
82
4459
9649
3249
856
889
9951
2034
6042
7985
7607
5356
6303
6382
4010
6636
9998
877
9653
5415
1044
5486
80
6237
5613
3037
2193
4068
2616
6833
4391
4521
1827
6340
2319
9948
3879
3760
9571
6912
66
4008
6572
4671
2901
8617
2996
7193
5628
3528
877
1617
9386
8210
526
4780
3718
9181
6464
6710
113
4063
8541
6219
1778
3336
6311
6653
3
4027
523
5251
5700
7432
2251
2783
6773
9408
269
8124
8884
4985
7430
7613
846
7857
3270
2564
1280
4721
3698
5630
1860
444
6830
2921
9968
4174
7976
5939
1435
6525
651
2477
3761
4782
6341
6631
1332
7315
1868
5993
3996
2952
8941
280
6362
481
221
6871
6173
9506
9401
6146
2372
3661
7357
6342
2621
548
6953
1686
988
1280
1989
9579
3004
8883
9802
3351
6246
1130
6744
5545
1921
9177
5994
6871
8820
41
3808
7741
9887
6456
1187
7854
3411
5697
3534
4872
6229
4056
7198
8257
3508
908
6015
6068
7018
8384
605
5989
3544
7143
8826
8091
9022
1126
7542
1866
6384
1571
1944
2352
6501
5091
7611
9015
5794
2201
3105
4521
938
9770
4587
4630
402
2996
786
6365
4751
2332
2178
564
1225
3826
9168
578
9968
2663
847
7277
6600
4917
6605
5888
4148
6603
6048
6893
2456
45
8215
9086
8944
560
4936
2155
3675
525
5301
2678
2886
158
2264
5399
3886
8091
1589
5449
3795
8206
174
8795
1125
3776
417
6263
5385
2308
8143
9898
583
1317
5712
1851
6821
3502
5501
9500
4494
1518
3819
7464
9127
409
5959
2239
256
2725
5543
5541
4495
8048
6917
1204
1839
2481
5302
3494
6411
1699
2089
5187
7604
7983
9425
2903
4947
9448
4310
6942
5540
2721
5257
3047
644
2047
9202
136
8823
1899
8044
9041
6514
5140
6429
2999
5297
8168
7065
6704
3311
9503
4970
624
658
5228
3886
6230
4449
8527
2689
7086
5445
6316
7865
35
169
3164
3127
9324
4502
9561
6790
3765
2669
4894
1875
624
8246
3537
7797
5341
6608
1983
5922
5350
3842
4247
7084
8463
2376
5825
5525
4917
4768
9025
761
2796
3071
244
2234
1940
8429
650
7113
4487
6549
7730
2215
4814
905
8434
3231
1500
1619
4465
6655
3285
5961
2784
7689
4907
4414
77
1221
2925
2914
3893
7218
5512
3219
1848
7784
5493
3992
1316
907
4227
2673
854
4208
5674
8025
4295
8658
5139
7175
7633
2528
845
7377
6981
9862
2143
72
3247
8171
5758
988
3065
3155
4865
8081
7852
4737
8646
31
9138
6620
8029
8452
2334
716
3655
6553
6457
7630
4196
8164
8344
1151
8692
1073
8552
491
1648
4803
4823
4177
9925
4023
3061
306
305
1549
1749
1393
8712
3886
7991
6405
9783
795
1757
4578
9594
6430
6966
200
2228
5595
6481
372
1727
4393
7015
2112
7845
647
3106
3436
734
6817
5062
4942
4045
189
8823
7194
4628
3252
8246
7162
4046
8123
3466
7730
8600
5626
2455
6975
3202
518
4022
587
8778
4652
3064
8880
9919
7734
3363
8200
3206
6445
4651
2426
3111
9234
2153
3419
2889
9109
8858
2703
5439
1538
2654
4039
7807
7797
4047
7023
1437
3409
1569
7354
1055
4836
3344
238
144
7588
2007
3883
1884
2080
341
7783
9669
974
5646
2335
55
3130
7196
7553
2036
440
8088
9202
3621
3548
3714
5705
3403
3230
7238
5514
1509
4342
2303
2383
3689
9628
9699
3036
326
5275
2229
82
5650
8919
2124
5993
525
96
7658
1767
4786
848
32
2877
1400
3938
1654
5422
7528
6828
5666
2749
3027
4946
4971
7192
3013
9214
6403
9884
1149
716
9494
5611
81
5877
363
22
4678
7273
8031
8793
3435
9760
2641
8910
732
1779
5056
1873
5225
5713
8737
1689
2137
8124
3107
5444
5668
9219
5691
5071
7900
3384
30
6641
165
7555
3852
1031
8463
6156
8159
8833
1387
3087
3737
980
2570
7746
2418
4282
8817
7877
2971
5860
1791
7565
89
8827
3245
3533
2860
295
8737
3424
6655
9581
6923
1695
3151
8232
7762
3508
4581
465
9679
3742
8984
3336
5586
530
4261
2469
7848
2841
20
1917
1836
7713
7806
4657
8008
8497
2742
8061
2987
1618
1119
2539
5474
8016
3886
2098
763
8489
2585
6879
8734
3178
3814
7651
6325
7752
4057
4246
4846
6869
1264
8862
7150
6088
6743
2431
6834
2641
2348
8017
3680
652
6692
491
425
2129
6815
5678
8739
2218
4441
2792
8052
4346
6581
6477
5148
7480
2140
5555
2627
7151
409
846
9328
650
359
3822
5711
7305
8684
3525
3425
3833
1893
2511
6795
6646
8727
5435
8602
7066
4366
5133
1087
6776
3342
9315
2904
5508
3221
1629
7956
909
9459
9331
4920
4713
1017
7796
2399
6206
2511
3990
1956
2823
5416
8914
2658
637
2904
4385
4475
5237
7323
753
8925
5968
1457
8683
9581
5469
3121
5865
4695
2324
1586
2544
6771
9995
4523
5013
1033
7851
8978
5611
7893
7472
7512
5936
9237
1524
2086
8139
3200
2583
6648
2804
1418
8299
7947
3584
2668
6234
9827
5640
9353
2329
6709
8162
2518
5220
1786
9282
4955
9661
8799
4336
9422
8198
7352
768
5156
1462
7066
5915
9697
2455
8047
8662
3699
25
2166
9867
1366
6917
7364
9279
339
3209
6501
4977
7994
8559
91
9772
5121
7247
2567
441
292
6368
3604
8374
942
2500
6564
8131
2679
5596
7336
6692
7557
8867
63
4379
3568
7509
4043
7401
2527
5658
1004
9073
3732
9445
4406
3457
8805
1650
2925
4989
6389
3911
4991
3118
843
9768
1949
9125
9873
7624
7882
9154
1086
5346
5840
1018
6787
7227
1209
5363
1941
1264
5039
5831
6213
5799
959
2055
3878
6861
6951
5596
6505
536
2361
301
8940
467
3833
3637
5993
3305
6206
5427
3236
5699
6598
4401
7964
6444
4688
5784
1257
14
3745
4171
7410
9584
538
9090
3741
896
5260
4682
5234
8443
1688
9691
4365
1385
9082
4064
9830
7791
4270
6001
8344
4714
8536
9554
3651
2917
1664
267
6806
1430
690
2217
7820
3584
6643
140
7647
1091
2771
4390
7126
157
1212
5429
5991
2186
4783
4436
2837
9938
3299
2402
8522
9161
7248
6374
6689
6756
8476
4561
4484
396
9728
7145
2694
3195
9727
5075
6718
1453
7157
4640
2041
2828
8797
9399
1476
2682
4487
6219
2769
4265
5534
1228
1376
9489
4018
472
6577
3813
284
4324
7972
7107
9597
2660
4932
9236
8389
5107
1672
4703
5247
7514
3840
6558
5880
1377
8018
4369
8690
4827
4914
1234
1671
857
8632
335
5437
7747
8214
357
1420
1869
5156
5302
5609
8017
2783
4056
9430
1369
3738
5965
2464
5729
1253
3685
8623
9252
7752
6644
9045
9895
6626
405
4725
3592
959
6734
4921
8077
2371
1060
4243
7984
8043
6150
2591
6514
9813
4874
8054
1059
9726
1999
2278
4509
9941
9188
9688
3415
6669
7418
162
245
7654
1688
9348
9078
5962
3349
7169
716
6397
2073
4989
3887
9335
7237
6231
2249
2126
7806
4590
9890
3541
4516
8469
2380
4591
1428
5976
2675
567
5993
5427
6042
7225
8662
5301
6666
6401
2689
668
1424
5353
8794
1743
701
8494
2701
4026
1749
6477
7852
3984
4283
353
7734
9755
6805
728
5450
9669
5018
6346
1276
2284
7824
523
9133
3320
8318
1863
9314
8262
2904
3704
2084
2594
5708
7507
9685
7228
8473
5075
9027
1352
283
5353
5704
8305
1154
5669
5888
2338
6247
3593
803
2716
28
3257
536
1320
9447
5267
1205
9302
6137
8871
9384
1258
2586
9474
478
4661
4825
514
1028
5399
2933
433
4949
5015
5907
3758
715
2368
3434
6865
7088
5394
6898
9785
2886
1238
1410
3917
8625
9852
4284
8765
8629
8955
4893
5101
6550
2123
1769
7271
5379
6800
5589
7616
4090
3549
8440
2368
6387
186
6925
1423
2269
3370
8422
1089
9761
3046
8025
3182
7197
6145
3841
146
7118
5378
1219
5053
6504
7302
5609
9487
411
9405
7606
1738
7120
7876
6540
3591
8790
2423
3557
8506
7355
4784
201
6199
8951
7697
3786
8352
6416
3101
4045
7140
583
484
9623
9089
1768
7573
7135
9564
7564
9776
9678
2004
1887
9958
6770
9631
7007
392
3693
253
635
7557
5757
6736
5600
8512
2586
768
7921
9116
6131
311
5219
2836
1385
603
3392
2797
5262
7481
5533
5046
1249
4990
442
158
4977
9868
5350
6643
5258
3169
3443
7731
8087
9338
3733
5847
5030
5595
7641
2280
3280
4365
942
1959
3954
2452
8977
8346
309
3456
3992
3709
3107
1881
1935
5528
8063
4662
3326
4000
4880
6890
8959
2618
1097
8179
6259
6941
4095
6293
5320
7922
6501
9207
7885
9237
9404
1524
8662
3289
2016
1834
3058
2895
1780
7631
3749
8995
9878
3937
1014
3905
1896
972
6725
7869
6946
2825
3302
7327
5735
8011
7258
7842
2844
5955
8882
9644
1985
1518
5889
9809
4160
1666
2798
6412
964
2311
8753
9600
3940
8016
9472
5113
3105
9749
6234
2938
8849
6227
339
9256
9217
7556
683
526
8096
4817
4290
6036
9710
3815
5465
1709
7659
6491
9493
6595
4966
4929
7562
6309
5694
8394
1256
8609
5218
8135
2558
7234
5238
4121
4881
8779
7454
4923
9536
4397
1064
9921
7740
7596
463
1504
3427
5218
4654
2709
1853
6519
7523
2358
6886
8773
6832
2547
3555
9222
5232
3772
756
1670
4616
6540
5001
5028
7434
7751
6016
633
4363
8283
9691
2566
9257
2086
3234
2927
5309
4336
1550
5651
8933
9671
7100
81
6090
2477
6741
6571
289
6732
9723
4574
439
4207
4184
6854
9807
9865
7046
5868
7154
2603
260
842
6849
113
2472
1629
4902
4097
7229
8865
5767
2728
4510
303
9242
8505
52
4034
2677
998
7692
3019
8343
6151
4409
2250
7808
620
3657
2848
6813
6209
8371
6645
5272
1905
2247
9653
5357
4565
8454
5917
5098
9051
6829
4989
3988
816
9766
2899
9667
9159
6633
5520
6916
9146
1348
94
8738
9024
6192
1449
6649
8682
3940
3321
8445
1504
4881
2529
6448
4365
9676
5553
3243
2854
7532
1076
5909
9415
4953
4693
1617
1618
9601
4844
2304
6002
508
2610
807
2480
8608
8179
4607
2766
7791
6325
4770
1453
9963
1394
1742
1408
4277
2312
4261
1197
8498
6847
4365
328
8310
6346
3851
6267
8717
3313
3147
9788
2920
6663
225
768
7027
4472
3392
2388
6843
2392
995
2299
5689
7159
2967
1100
2481
2670
555
5995
5250
8780
3082
9517
5146
5790
1197
5954
5141
9792
6809
9397
6155
356
2563
4844
2364
273
764
157
7008
6783
4874
2217
1073
7627
5061
6546
1287
7824
6348
7401
2962
6100
7455
7749
8993
457
7734
7060
5517
9609
3089
8245
2049
3681
1505
3692
5963
4871
6605
9984
9989
1190
5467
3095
2745
8680
7258
9135
4508
5919
8441
1611
817
7861
3298
7507
8605
7304
5282
6503
9371
2316
6157
2086
8697
9595
2034
9059
3358
1381
4773
6364
3580
7260
1081
6700
9435
4736
7548
8723
424
7687
51
2654
4191
8154
9446
9525
3556
9016
7580
7443
9610
947
8650
3714
2689
3998
829
4078
2648
8985
93
6000
3492
3570
9412
8125
6748
8851
2528
9387
5081
2834
5524
6751
9886
5079
9696
5760
4479
3491
9139
7738
9433
2766
2979
9267
7488
1064
9418
5779
5150
993
1213
4758
4862
1329
3969
2827
1270
6312
4174
8511
2168
8430
2378
2957
8629
9724
4021
6266
8778
1099
7847
944
9845
7838
2518
1078
8431
7304
34
1781
1940
2357
192
2237
7811
1048
1036
1809
7554
9482
4989
1916
6912
5630
2246
1145
4568
2151
7260
1767
1111
7885
4003
9139
6065
7728
6090
5047
3548
7106
3703
5130
4814
7236
1947
6145
2425
3900
8104
2862
7973
5224
7321
808
2393
638
4796
1728
9882
9465
6758
8322
1803
9304
7467
8277
2342
7891
7655
6405
8121
7106
8933
7360
8718
915
6862
1050
4510
1579
8110
3550
8383
6892
7976
1278
707
3135
9161
85
5026
4679
3421
8003
9879
1492
4440
161
9502
2569
9685
5039
5150
1399
4660
5654
1369
3550
1133
2569
9224
1334
6568
9877
4618
571
6615
8358
7748
6305
3307
5231
9100
6144
2979
1684
5551
7068
5970
1518
9210
1674
7144
1014
188
9827
8654
4218
7335
6575
6938
1347
4785
2777
3491
741
4940
5119
1002
4841
456
8386
7624
1484
3920
8469
455
9060
4646
7575
6091
3252
6441
5475
5747
7451
4212
2532
3762
5273
317
1228
6936
1227
3991
6507
1904
6114
9009
6263
388
2584
1912
5966
6030
9954
5924
8459
3435
4703
1623
3571
7476
5813
2953
5778
8740
292
5251
8687
7537
9340
4470
59
4382
950
9335
9231
9105
412
3745
3338
319
8669
3304
3450
9749
9713
8130
8966
6253
1392
7656
715
4485
7986
695
6004
2895
2018
3000
5241
9938
3406
2721
323
5298
5834
5900
7754
6279
9601
9157
4205
2834
9820
6299
5799
4465
7913
7218
7275
1178
2295
3364
7028
543
7550
9611
3663
1597
7349
3584
7778
6993
7360
7938
3118
3418
3806
555
7719
1245
6436
8753
1562
4490
4166
6604
2402
7445
3056
9049
2711
3766
7023
7100
8418
7593
7153
2633
4769
9601
1635
5947
3078
6871
874
8582
7715
9085
6737
4514
8586
786
5886
6012
8266
3787
8335
2911
3762
7812
2539
9747
9272
9614
1526
5372
7547
9636
466
9553
6747
6803
7507
9649
3570
2610
513
6566
5795
8463
1573
1744
297
4023
1516
9121
2734
1747
8856
3274
3633
9578
1749
9938
2257
5459
2312
9934
1970
1881
9645
8195
3071
3493
8693
135
1262
8355
7932
8840
1975
410
8599
1010
9889
4016
4923
8331
5291
3039
1521
1375
9008
4291
9591
681
5170
2043
4047
9223
1063
3661
8157
4173
3854
7923
3069
6427
8221
8989
8931
5167
4972
6024
1406
5061
3585
9209
1292
4565
137
4627
3277
9357
7002
324
185
5789
6013
3773
7704
2482
4321
6128
5915
6935
8654
2830
9137
8065
7367
3580
3511
4496
9395
3693
5215
4742
5096
4658
3785
6872
97
3048
9933
4568
58
489
8205
3869
7287
2175
6284
9795
7422
1832
3468
4242
3910
9530
4257
2540
6070
8732
4378
8884
5609
9619
7232
8282
9663
1293
709
6396
138
618
7538
7988
1510
8720
9441
292
9689
1645
4234
5319
4586
4128
7928
9070
858
4570
9542
9618
4282
736
6200
5743
3993
4746
7418
7721
2730
7780
9376
3919
391
9983
8523
6852
3435
5375
6330
3554
9880
4493
4653
5410
339
9101
3766
4638
7497
5046
9533
1212
1778
3388
9208
9353
7703
1197
5731
3707
5450
9598
6002
1016
5163
23
2865
5956
3971
7202
3493
2054
4641
6777
4508
3379
3662
6513
3811
2127
2758
6711
7140
9432
7668
9256
8932
6303
5275
9350
2880
5814
2673
7560
36
3607
8527
6794
4098
6830
5565
3485
2053
2045
5647
3898
6016
887
7446
2031
2742
3361
613
4619
2116
2644
3850
1472
9798
7826
8469
8412
1086
2732
6417
112
2082
4647
3647
2964
8419
7295
6748
4188
684
450
8754
1665
9153
4382
3849
4648
546
1518
2817
6017
3805
7585
4837
7198
8522
7739
3478
3304
6685
5773
403
8080
5300
7285
563
2230
2811
4658
990
7115
6789
6452
4684
6350
7901
5160
5899
6694
2060
8138
3978
1573
9874
831
1246
5407
253
5880
2093
6340
8541
5563
1044
8827
9673
2413
5722
6979
3440
9522
6633
3605
1238
8367
4764
7541
8465
9326
1250
786
9141
3059
9909
4896
421
6111
2590
7061
3455
2118
7010
8631
4362
7140
1429
4427
2751
9322
6084
3043
5103
4143
3171
4399
601
2687
6829
7622
9731
81
2658
8516
1028
4375
8068
6018
1802
6768
9241
3463
591
9407
2744
6190
9890
725
7410
2690
2405
3196
7902
9973
206
7970
2854
5255
6613
9909
6815
4598
2350
7247
2046
963
9473
9962
7912
7947
5634
5349
5490
7619
9050
5717
9570
9007
1506
8369
4799
7987
890
2492
4337
9592
6389
3816
6110
3750
1678
7677
1406
2937
2180
5303
2691
7011
6451
2278
1111
9821
6545
7741
8851
3693
2566
4020
4820
487
1543
9083
8402
6778
1059
9179
7318
4455
429
3600
8227
1807
1403
3819
2644
5621
8569
7784
1451
570
6575
2046
8016
554
5293
3540
5337
6131
5719
2408
7219
6217
6599
133
981
1925
7704
8706
6557
8320
1033
9442
1727
354
8317
3776
7982
7199
968
3404
7308
4401
5728
6645
2236
9933
1328
2291
649
7413
9670
3325
7996
6604
9357
798
7182
1753
9999
8520
3022
707
1303
9404
1394
5267
3895
2690
9442
7513
8007
9239
888
8118
9308
317
4131
2469
5983
5072
2835
8949
3171
8921
5004
1575
3306
3409
9176
3845
2710
3863
1571
5878
2609
867
7927
406
6276
5818
3531
2092
7501
407
6440
2003
8125
3901
9786
7238
4546
8640
8400
3279
97
2981
9601
3715
1366
8915
4322
180
5911
21
9718
4938
4170
1930
2244
2443
2858
325
7830
8573
8681
1780
5933
8582
3710
5369
5313
9897
2957
9097
8873
3772
3537
4643
1372
7579
7145
2892
3027
5541
7821
4689
4688
8604
8370
5544
4308
8450
4631
3174
2489
193
4009
6406
3393
1868
9048
5014
7228
7653
6462
260
8205
9484
240
8763
567
9482
7712
6226
9555
9104
540
2476
7073
9565
1023
8478
6306
4915
5503
5526
1982
841
9406
7630
7730
6822
4074
3389
2766
9066
5211
2851
7798
3995
9481
2530
2302
2322
1672
2953
8349
9502
4967
715
7840
9844
4164
1475
4024
4766
2202
3311
8741
7949
2094
5363
7381
3172
6683
7444
2077
6254
5521
1700
6163
7258
2551
914
9148
2290
9101
8433
3622
3463
9380
4227
3916
4274
344
5429
1384
5932
3330
6866
8312
12
7062
4541
690
4456
8145
7675
9980
2401
6326
7721
8717
8351
8448
835
1635
438
3429
2827
4325
7849
3713
1164
54
6057
7316
3479
6905
5825
183
399
8727
6371
9329
4016
7431
5869
9997
9563
1068
8060
4583
4440
1673
6249
7076
2275
6991
1284
932
2263
2792
2164
9912
6621
932
1380
9980
8636
8776
3748
3264
8479
8452
90
8220
9039
2918
9983
4742
7998
8515
2866
1513
3789
4931
550
189
9030
2699
2479
1794
2986
5730
3603
999
9163
356
5237
9728
9675
9250
1994
8030
7193
5501
9910
2776
9974
2452
8238
4486
9272
2810
1348
5041
3546
8006
3399
1386
9909
4992
2901
4669
5194
7188
4277
1817
4976
2209
1546
1881
7418
3921
3837
7377
5120
698
474
105
9618
3843
2426
8133
6237
3250
3093
5279
7394
6000
9159
6846
3460
19
7161
6706
6228
8284
683
5554
8818
7754
9416
4884
8782
6040
9446
8986
1010
5146
9930
4682
1197
5356
3196
9628
3801
4101
1253
2549
3725
2007
8629
9881
4490
1906
4270
6741
6625
1218
8318
7943
2853
8762
9490
4543
684
773
6113
2323
7114
8748
2531
9112
5067
5487
3947
311
127
1179
4545
666
2947
7264
3814
8120
9308
6352
3730
7208
9756
8500
7260
5337
5044
8472
8778
8676
2661
3688
2971
2856
7056
1816
7294
7570
7500
5259
2249
4483
7592
7849
6695
8570
5684
2303
6890
7049
5844
1411
3576
7924
6670
8575
1057
4285
861
5492
4636
4253
6732
3067
9918
7318
4591
8800
6758
6320
5010
206
4433
2407
7993
5289
7291
6637
9828
1467
7246
1558
9201
2590
4159
9626
1890
6284
1702
9323
8783
7335
9101
8509
8071
3551
3792
3463
9198
3782
6504
8601
472
6717
3701
9111
1359
9215
2599
5690
395
1978
4029
6589
9437
1389
9912
1138
6996
5823
3139
3081
4923
4374
7916
392
2723
129
8423
4186
6990
3398
1553
5
9532
9304
5480
971
410
8020
9310
8666
5418
9878
7875
3703
4348
8751
9212
5231
7094
251
4367
5810
7743
8889
4873
8703
1188
9344
7370
1050
7518
6760
538
8806
6898
874
710
7437
4625
6106
8052
3174
890
1996
5834
9584
9091
2909
4229
8833
1334
2403
9849
2098
1833
4011
2330
1783
563
3442
8482
6712
7690
7247
1305
7064
3430
9315
4950
8665
1441
309
532
6462
2774
8788
2656
695
9536
9116
8309
6935
1253
8388
5074
282
8435
8017
1532
56
5804
2530
7520
5395
3298
8383
3299
8581
4790
5700
4627
5396
3451
7730
9069
4200
5898
6545
7104
3372
3945
9075
398
9854
9916
3603
3243
2521
1041
6315
6606
3483
5124
2002
2347
1203
8870
3823
5550
8981
7571
2895
334
947
8167
3799
6779
1539
2665
6727
5458
3227
1026
1652
7833
6905
4728
3814
3687
3960
8267
1571
9507
3712
7713
5816
4396
2609
7432
4226
6505
2708
1192
5098
7522
4024
4296
54
993
7927
9225
54
2755
8437
1902
1770
2917
1844
950
5684
9454
7758
8410
4770
1464
222
7270
4945
8840
1144
2638
3024
3988
8130
7466
3250
6204
2491
5744
5828
1079
1986
75
8939
869
8879
7974
324
1984
107
94
7503
3530
1996
1635
493
8716
9521
6962
2984
1940
7467
3302
4266
6800
2840
3090
9284
8274
1940
8395
4860
7615
3450
6584
52
7946
742
3600
8756
5872
7471
8291
2527
1842
8884
1242
4727
3446
8809
8285
208
3038
783
5429
9275
3843
3099
8969
3170
8723
2858
3014
3956
858
2473
7720
1198
3226
5111
5728
7723
9819
9587
2136
1514
5209
8405
2247
8007
9213
8186
905
2851
6629
1137
1123
4849
2762
7033
3516
6034
2583
5541
129
5873
3130
164
7522
7998
8066
854
3073
1600
3613
2637
5256
6809
5292
3347
9854
7092
3307
6847
7132
4890
1676
9506
9611
1629
2719
3203
7377
3743
7579
7816
3904
9698
5345
3781
9913
599
3932
9248
5130
8134
7908
4893
3287
8413
1271
5821
7508
5616
3090
7243
8662
1104
296
6083
9178
3965
9649
6799
6351
6325
9483
1137
3211
7628
1385
3563
4355
2789
5126
6190
6151
4333
9369
9342
1106
998
3359
2176
9295
457
9761
7216
3010
6059
9641
6196
1929
6179
8219
8866
2654
1846
3812
5945
751
7385
3994
6330
9181
92
5299
9388
496
1326
754
6175
2888
5202
6752
7106
6779
8550
2813
9757
424
9165
8795
6598
396
9628
6591
5114
7540
7109
6076
6059
1437
6498
2377
5029
4059
8456
4591
5122
2437
8873
4343
3111
9341
1995
567
1675
4398
8794
9282
4909
7846
3348
5318
5233
6294
2381
3577
7635
8512
7091
2730
6263
4531
9210
7767
5161
47
7316
9671
8807
9362
4627
8351
1540
76
8364
9494
7789
8820
8952
9354
7879
9846
4891
6332
7585
8768
5386
1166
5681
6408
7757
5402
1761
7435
9148
8821
7233
9833
345
8122
939
9596
2865
8656
8232
5148
5865
1249
5414
7545
4055
6029
1636
5788
4264
8597
6803
993
4746
7715
3981
7837
8943
8576
6328
5722
1961
723
1743
1187
1565
303
3364
7614
265
8467
5467
5887
7750
4179
6550
9017
9683
9875
9707
3320
110
1208
3836
7072
7174
4627
7032
2548
4600
9045
4525
5692
6371
8553
42
3245
2718
8625
7769
3685
695
2438
7015
2879
5521
9432
3705
2731
4001
7446
2010
7645
9171
1868
6634
1162
2661
9517
6202
6155
1452
9296
5121
568
1984
7222
4050
9714
8253
9553
3019
7213
7823
2090
1608
214
2962
4627
4594
1676
3106
7417
3939
3153
7630
7209
6269
665
3987
1805
830
7004
2540
1777
5849
5096
6564
3560
3801
9442
3582
1672
4788
6789
3281
6614
5854
1868
5122
1876
6799
751
6933
3185
1739
4124
3004
2926
2410
9474
287
5494
7792
7970
5799
4534
5005
1202
9356
2330
7495
9396
9640
4420
4453
6810
8338
6416
2857
4505
3585
8829
9503
3794
6066
4056
8375
3604
4921
2422
8439
2258
7486
9858
8996
8196
1681
4983
8706
5973
1950
7832
7204
1195
2304
5534
9975
844
8134
6159
3953
1796
2992
1961
6762
3189
8960
8568
3760
4482
8376
1301
8234
2537
919
4241
3582
9542
3293
9972
323
7832
6983
2342
7432
7467
2748
5829
1070
40
8933
535
4788
3211
4001
61
4608
9389
7586
8798
9911
4699
4959
601
7032
8054
817
1508
9735
5424
5489
5001
9178
900
3358
8954
4654
7860
2937
7479
5772
4000
4498
8816
6730
3415
8000
4627
3821
6919
8015
2762
8100
929
2685
7470
1747
5157
6504
3278
5532
7538
8787
3552
9278
4193
8462
6209
5875
2795
2587
5651
8238
6736
5322
1326
5307
8974
768
7921
3443
9465
7469
3618
9398
7924
613
4659
6067
7628
1261
7208
8306
1079
7771
7041
4346
5179
8570
9923
9050
2299
582
4947
9083
2617
529
3324
1718
2279
6220
4565
1834
8163
9974
8227
2835
6210
1472
3274
3359
7823
6782
7247
591
9284
2011
1244
6386
9537
2513
4060
2636
155
81
1401
8088
3997
9178
2837
383
2732
955
2530
425
9981
9489
4161
5967
2605
3139
2111
2049
812
2834
5996
9603
9769
6356
1385
8787
5864
1407
742
3545
2137
1939
8702
5206
2456
5160
2389
5438
252
6551
5916
9961
479
4022
9566
784
5031
7285
6556
5584
994
9089
7149
3253
7378
7642
8572
6951
1390
7195
1667
1039
4615
2557
4087
1670
1307
4762
9549
8394
4056
33
663
7016
8802
3126
8574
9932
6090
3654
6015
3645
6876
2468
839
72
959
6849
1819
2055
8497
1126
7693
2614
5228
3639
9304
1429
7647
1667
2386
4588
2688
8950
3104
7792
3025
3935
595
1052
1337
8250
3815
3442
7417
9762
2542
2533
4559
7307
2887
3723
7657
9415
4207
9549
4591
3549
6753
877
5456
6911
4017
6844
8702
1952
8933
8958
9557
3983
2657
6759
5704
5265
5324
9054
1657
8913
9488
8113
8382
6886
3119
2193
6032
4203
5275
9465
5487
9469
9929
3150
5423
8530
4660
5898
5834
1489
75
400
9318
3539
945
2330
6709
8375
5431
3525
274
3183
2107
4868
5959
3711
253
5309
6646
4317
1758
7238
8252
5685
247
9949
2702
818
4153
5973
437
5991
8084
6578
3225
7626
7116
602
7868
2485
2255
6477
1902
5736
182
23
2445
2754
1257
3143
6917
5122
5063
2120
6402
700
6807
3090
4174
5160
3034
7408
8323
6099
9094
1215
4088
9533
137
7652
347
4551
8589
9502
121
9132
1856
8700
5674
2756
9227
561
4979
414
3053
1061
4158
5955
3076
6172
8038
1901
64
1780
6657
9430
3676
4360
4954
8157
7446
1314
6859
9882
5585
6302
3740
5207
8186
8753
3616
6483
1259
7957
1225
8173
2832
7597
7878
9448
8848
8017
4129
828
2020
3715
6454
8450
4701
9327
2940
2438
625
7022
4875
9183
5494
2851
7076
6392
4008
4183
8810
6922
4732
742
211
4546
841
6637
5512
6227
7402
8996
4801
8008
3421
2184
936
4571
5336
6241
3890
6938
7460
72
4624
8391
7716
6918
8258
3511
9003
1287
5090
8822
1087
3972
5516
6148
694
382
477
3634
5104
4110
7585
461
4267
4453
7719
3862
7725
3178
4148
9902
4659
1910
821
549
3392
7808
3949
5800
69
5316
9795
1349
5706
2766
5086
1449
5782
1797
1040
6585
1648
1075
6879
7124
9212
7196
3247
8018
7364
3692
4162
9491
7601
7558
5669
5165
6365
7048
49
1913
6576
7808
125
9825
5697
1870
8966
4421
2768
4824
2669
4134
7298
5775
5933
4120
5588
9940
356
93
5203
4712
8713
6575
4663
2611
3895
4906
1376
2225
7864
9167
492
1398
2225
8607
8981
853
860
9666
3317
6407
3706
5288
3592
3606
133
1388
1008
6070
1584
5106
506
8668
4190
4243
3723
6659
4195
167
7771
230
5323
4918
1125
3406
2372
921
486
4410
9032
4
9019
5784
656
1617
5393
9956
3025
4880
1323
5610
6186
213
2559
4213
8581
942
445
8221
2030
8315
7396
7575
7732
933
3233
2667
2229
4868
3357
6269
5657
7571
8366
2360
2470
2596
279
6835
7967
291
4362
2885
1680
6989
7543
5592
3415
6222
3806
2435
3293
6276
918
7551
8295
2427
9921
4036
2282
6487
8950
9825
5365
5492
9673
298
9676
4649
7492
9136
9329
4086
7293
3359
8095
6810
4982
6482
1049
631
4905
5029
2625
7966
7605
2901
8322
2841
875
5747
642
2151
7058
129
7946
2284
8378
4369
4845
5166
5460
2584
7899
733
216
4672
5964
2564
7751
2028
9380
6239
2233
9002
1971
2812
1635
4531
6954
3980
5467
9273
248
9033
3710
3500
2575
9801
2206
5150
1154
4447
8024
8097
7554
2085
705
7235
5376
4543
4425
8433
5450
5384
3490
7996
1705
8642
159
3646
5232
9742
359
8509
8734
4136
4495
76
9815
4402
5658
7527
6708
5482
482
3979
5429
3615
7614
6391
6041
1759
1768
9210
4159
7954
5662
7825
7972
3153
6996
1970
9215
7543
7068
6289
9849
7706
3743
2156
9830
9665
3634
2634
1162
7942
706
4129
3761
1626
3528
4781
7337
3193
7254
9261
75
2657
8364
6757
5809
5259
8948
6421
746
6624
7590
2112
6717
1342
9199
1981
8858
8096
3871
5560
8375
2841
2181
8488
5799
9430
7591
6894
4174
1509
6994
5635
8881
5049
8951
4161
9594
8492
8497
899
2499
8947
2060
5913
4265
2100
8982
2507
5410
107
5503
2196
498
3215
8159
4552
7652
875
2725
6943
8118
1428
9901
8544
1261
6373
499
3515
1577
5764
3029
8805
5676
2041
6896
8546
931
7538
100
2074
5625
5502
2098
6310
8457
2475
6907
352
2269
2827
3694
3360
2662
7537
4455
1364
2934
4650
1883
7141
6396
1485
6857
6131
4556
9352
7583
750
4406
2296
9941
5254
2592
2907
7015
1410
4390
9508
4378
5024
2691
3365
3101
7921
3224
772
9472
6918
6133
1137
8690
9176
1623
1837
2672
1768
8528
2240
9616
7338
1533
8576
1245
5568
9490
792
10
8075
9657
6423
1174
6891
8797
6112
2867
4193
7022
1145
4736
7872
3225
2143
7250
3688
8421
3265
1826
7313
5460
5019
5569
8276
2179
853
9121
2601
271
2558
5839
6799
5573
5024
8918
9202
3638
7148
447
4046
4902
420
8093
7031
9326
1940
663
4098
3346
319
7956
2210
9533
8972
3501
5207
1703
8116
1437
9199
1637
7295
6575
2192
4926
1266
815
5521
2742
5730
7866
9168
4832
4789
6911
8078
8750
8458
1116
4630
5805
2277
8229
5295
6820
7818
9696
2387
198
5909
1861
5450
929
2039
7275
2001
9706
7234
2377
1273
7592
9769
938
1041
7011
419
4644
930
9992
2240
2529
3820
2243
6130
7079
3842
8345
7280
3737
6667
8913
6757
3361
8613
5697
8491
3965
2924
2330
212
3866
8587
689
1213
5725
1846
8945
4699
9631
1381
6126
1021
7002
4948
1519
2059
9946
7160
8642
8986
5903
8027
5257
1231
8763
3943
7364
3427
780
2250
7545
6292
291
1708
8028
3839
7535
3555
6693
7701
1307
1924
79
2438
7760
5872
1796
149
3614
3048
4838
907
3229
8954
4183
1561
3857
9727
1449
9434
7083
126
952
8405
9420
3626
6772
6373
4404
2737
3859
3324
1875
1434
8567
4167
1317
3139
5909
6925
5964
7584
7652
5076
974
8918
150
5021
7637
3580
8284
9378
3383
2934
121
1189
5054
3777
1054
6856
386
3865
3902
5080
1493
2576
6614
4018
3196
530
2251
5235
8918
5018
8612
3019
3655
1831
9988
6463
5264
4909
746
8115
6128
9392
8889
8025
5431
1186
8929
3030
8134
1522
1239
1126
9463
9742
871
1373
2324
2660
7250
5881
8102
9049
3936
2945
2644
8564
7330
3171
6487
1876
9708
7985
4746
8467
791
9819
7380
6354
1107
9398
706
8294
2440
4989
3247
4149
5706
1718
1337
7698
4922
8607
9886
2820
5572
7523
9404
3120
4201
22
4314
9032
653
9556
5013
4165
4116
9978
6721
7253
3518
9193
9704
1194
4395
4566
7637
5066
9315
4055
3887
5522
9988
9054
5417
179
602
7313
6658
9377
4727
5058
9885
252
5567
3172
1966
1403
5241
1764
4146
9633
2643
910
5938
5621
1653
4044
5855
945
7647
7679
3909
5276
7885
5530
4815
8242
1596
8291
9359
5774
4094
476
5418
8120
268
5385
2204
8292
9947
6970
8182
7399
1236
1286
6120
142
3808
4274
1778
3252
7193
6632
4663
812
3296
5036
5841
1167
8925
2042
9690
1833
1091
3690
5911
6547
6511
897
6066
7162
3126
7806
7201
982
2722
5409
7700
5097
9090
9175
4256
282
4969
502
4866
1627
90
853
6808
8781
8924
9060
2493
3905
402
9624
9526
9374
3202
1463
2637
8469
9856
6988
7707
6159
5453
6256
4780
1915
4334
3210
7058
9773
6968
6963
4871
1688
5438
2993
331
5567
2865
401
7197
5888
1753
7744
4475
8630
1814
5469
5998
7225
2606
1586
4998
9761
1068
2604
5257
9248
3787
4262
4136
5982
3352
3355
2962
8305
3582
6182
8072
4402
2423
5138
2844
9624
769
2408
3577
1428
2254
1568
3712
5317
4777
9069
4870
1684
9392
5575
8051
7753
4053
7044
2654
8937
9261
8884
837
2750
6757
1483
6840
3437
6051
5278
1468
5914
4862
1852
9048
1155
6240
3366
504
5543
1366
7331
9430
9961
1706
1870
5627
2669
8598
9021
966
3087
7518
8761
3393
1039
1157
4051
1838
1210
2628
6188
7774
8246
4827
7457
8028
1062
8932
2198
4322
1553
1264
4921
3009
4042
2885
2864
4272
8803
8332
6154
9010
2502
7829
5647
9470
7883
6224
3399
7926
5291
5466
4377
976
3798
4618
4914
6921
78
8321
8568
5672
3014
2269
3694
5771
3545
5703
4028
3899
5824
9343
4981
2214
7980
9517
4832
9866
6928
4970
465
4934
3590
9208
5274
6110
490
3517
7333
5762
214
8009
4805
2514
7571
1336
2243
5095
661
6912
5201
8742
8183
2653
3180
4073
3152
8047
4121
1369
5844
5869
9880
5633
2264
1430
9597
9823
5384
6530
3366
6538
3926
8283
6714
1956
8450
6283
1259
6455
9762
860
4711
2559
8404
1510
5613
2223
9228
9330
1401
5223
6964
5279
4617
3075
297
8566
185
5735
9863
6913
4920
5318
8200
5211
9144
5652
1605
4348
4415
3304
8963
1608
5230
2334
9065
6422
1786
8595
4937
8129
8629
3736
1627
8550
9282
1549
9155
4743
3426
4213
4126
4609
9779
5234
2021
9690
3767
371
2934
616
3328
6216
9272
4619
2904
5445
9377
6461
9146
3723
5070
1672
5919
9782
7253
4838
4479
5425
4252
2177
535
2056
4896
1662
7800
1908
4441
8106
8155
7879
7450
4389
4782
5020
5128
5713
9176
65
7241
9512
4910
7067
8050
3811
2078
8644
389
6451
9611
4782
3466
7789
9238
1155
7720
3790
1291
7943
8970
1908
8502
7529
7615
5048
2952
2848
8548
6207
2452
5263
2309
5345
5908
9327
6997
5936
200
5453
8334
991
4139
7522
3439
9393
357
2433
6805
9512
3572
453
1069
7630
7111
5682
3249
5226
2009
1607
684
2532
9744
9608
6415
9098
8122
6752
6299
27
2963
2923
5911
7527
4568
7473
8534
1947
6623
7516
5570
5862
1738
2374
8011
3712
3901
1904
9673
7850
167
5851
9445
5456
4360
615
1830
2239
5256
3664
9735
8536
4489
3795
9495
6143
9974
3932
1091
7043
1973
1737
7055
4455
6324
5611
9624
8010
8281
8066
3450
7072
3319
7980
5290
3833
3571
9724
7789
3788
3801
1683
3043
438
1171
5437
7255
2492
4938
306
3408
673
1784
9906
3745
9482
7620
9091
1728
3308
6180
480
5682
9024
4783
2501
7162
3764
9092
8613
5478
6106
3562
6050
121
4086
7380
641
1534
5775
402
4446
7559
7357
9606
4722
1445
5498
1922
6466
9334
7723
3239
7121
6850
5606
4738
2295
4274
8924
8479
7272
1860
370
5487
3455
2293
5452
112
140
5907
4820
9158
5335
2833
481
1096
9792
7190
8445
8557
1242
9518
93
1958
5812
547
2124
68
7274
7818
8540
5328
7503
3574
2267
1851
3640
7646
3457
9351
9798
7338
9408
2218
3073
1368
9440
6506
8215
4973
4121
6562
479
3708
1109
2514
4304
7517
2339
6702
3926
3246
4285
7793
3428
9537
8012
980
2169
2773
8295
2450
2344
9044
8184
4654
5711
4537
307
4135
5796
6312
4699
9996
8945
6329
9488
413
7626
4354
1794
9683
5922
2504
8272
9509
2511
8246
1639
937
2268
9289
7104
5042
9464
6005
6282
961
6170
8646
9814
9719
6470
5386
6220
556
6745
7487
2801
1495
896
8848
2149
4451
4345
6680
2144
5402
6635
9151
3662
1875
5560
5329
7925
2579
9682
3116
5649
741
2936
2675
2697
5922
6406
1068
7004
7564
6911
6219
2136
1731
2325
6922
5021
1024
7903
2016
2294
6601
8039
517
5045
610
329
3822
3685
4032
150
4730
5150
261
9918
4028
6590
2361
9066
3794
2763
5043
7715
1572
5715
6253
6805
527
3896
5460
8251
9005
9403
2551
1585
7557
9657
6836
8854
657
1201
2928
8182
9280
1485
9643
2381
4601
1599
1880
7912
4914
9374
4115
5961
405
5764
8731
1173
7511
9382
4804
7019
3504
5361
1910
5763
4059
2542
8855
9710
9611
5011
7925
1309
124
7407
2835
1167
2911
2204
6591
4428
7107
1804
2382
2142
9512
5229
5496
8106
465
3668
6593
4461
4820
8956
812
4756
4622
9078
2768
5854
6089
5465
7776
7270
6554
1966
6128
8541
3134
3891
5169
9558
9197
3686
1450
6265
2715
5033
4181
5565
1707
7263
3760
6415
1966
3282
5104
5138
5804
3252
9532
3752
9343
9650
8498
9135
8758
3463
5317
1288
3922
7458
4219
3055
4575
716
289
8113
2107
4570
6828
2544
9172
4759
8703
9569
9260
1027
8401
5568
9579
9307
5231
9614
4658
6634
5667
5871
8823
5552
6057
2833
7279
7369
6319
2192
2706
1341
4584
7387
7061
2140
5410
3823
8324
6328
8058
2899
3706
6965
8115
2002
4432
5991
6845
5972
9058
2879
7975
5448
623
6032
7791
4562
7667
2352
6538
7667
3659
8346
8527
9760
624
710
9239
6566
4536
7159
8742
2731
4045
1263
6958
1446
9409
8934
1031
7145
6206
8690
5540
3034
2615
9589
2011
4107
8277
6599
412
56
9335
8984
7637
1065
8008
4547
5269
5500
1396
2734
9389
5034
5982
1389
454
8781
8878
3160
2751
8423
4469
3273
5037
4655
8766
6441
4503
6302
2038
219
9288
7031
4441
9048
1735
80
9674
4266
2167
4171
2682
5561
296
117
6980
7986
9297
4073
2962
8810
3755
8308
6922
7940
5468
1810
1131
2919
6984
7093
7708
1195
8225
5072
2694
779
1148
3420
6497
6712
3159
7490
4596
1239
4552
5474
2934
7108
1410
7883
7024
2936
8674
7534
644
8641
4367
7610
4277
6820
4940
8910
5345
7521
9949
3444
5072
6658
98
5631
9372
2466
9701
6676
3273
47
5417
8114
4789
3107
924
5272
9693
7474
8387
4735
3418
668
7817
9258
4573
1167
2125
7623
8186
2237
6711
6263
9639
9851
6192
966
8347
8508
94
8423
4272
8674
4955
3389
3174
9366
6827
8909
5817
7371
1074
7007
9993
5969
5069
1402
2177
5782
2081
5170
189
5419
7982
9972
3260
6385
5484
3011
2400
7632
3877
3348
5425
8275
1035
6885
1892
1088
2645
9776
2498
4352
3104
9665
5090
4898
6205
9291
5890
9080
4091
8386
9540
7019
8705
8723
147
8171
7893
7756
8408
8692
8455
3234
5865
9607
7417
3718
2001
241
8052
9238
5177
3097
966
6199
3297
5444
758
3271
5828
1741
1558
1204
9274
3290
7172
9712
8405
4902
9134
183
3830
4552
7156
9232
5822
4496
1223
4203
8043
2479
9479
8602
1223
5912
1682
3195
6992
7981
8141
2562
2184
7460
6636
8781
8962
8916
9346
5467
7058
7194
9389
7216
2306
6310
5585
2095
4555
3608
1885
3127
319
2982
3115
2044
242
5070
424
8976
8238
9021
2982
3424
9748
8633
1475
6605
949
5422
5127
6169
3851
4145
9198
3847
7883
3531
5300
8935
8595
5784
5834
5479
2812
552
5843
2464
9131
9025
2587
1657
5105
4064
2693
1480
6567
5078
7046
6354
3723
3214
6553
305
4768
3488
4621
3992
9695
8710
3000
2597
8039
2801
5940
7427
4317
9407
5967
127
4475
5947
7867
6902
9092
2964
3254
9888
6962
6144
472
8395
6880
9775
2762
1140
1549
1450
8310
7000
8542
2128
921
913
5425
5908
3379
1644
8122
3567
2573
3672
3629
1261
5775
2897
6998
8917
88
1104
5500
614
4324
7638
5573
3403
9140
6133
6293
8885
7927
9272
1627
1918
7701
3109
722
6383
2008
8064
9507
474
2988
6556
6365
5154
8671
2499
2078
8781
8878
6925
8562
2190
1373
561
3079
1218
2060
6926
4293
2362
589
4093
2543
1054
933
6809
5869
967
4089
6191
6952
8417
6782
5536
9520
6298
3724
6526
6429
2709
6734
1119
7382
8724
8885
8329
8861
4433
4064
6028
4773
3605
6386
2894
5803
9289
5184
6012
3622
491
4453
1913
1740
8383
1735
8666
7492
4037
8753
7700
9678
8502
1194
3192
7351
5826
8005
8757
433
7679
5820
6834
4969
376
5618
8939
299
7380
7454
4021
8047
6358
7544
1055
9874
1392
5106
2557
5618
5216
7393
666
1332
9146
7334
5868
4636
1551
7462
1574
3257
7654
5199
6070
2544
9747
4973
8332
2932
8525
330
2642
6885
8235
5934
3236
1997
8132
1549
4774
4346
2282
658
28
76
358
4279
5495
5217
9762
902
9568
5839
5002
8309
4598
9792
3653
4206
8974
710
3774
6258
5848
2804
3625
5782
1092
6798
7534
5528
6007
6623
8003
9685
8945
2160
3290
6337
8950
1594
2898
9646
4120
5554
9276
1433
4854
546
9506
3920
6700
5828
925
7718
5737
3283
7576
5835
3472
5454
6019
8245
4221
9632
7027
3502
6090
9234
8515
4817
6101
2724
112
9929
2626
3310
3044
8607
8089
7361
1856
4155
6966
870
3914
9218
6374
6620
8331
2797
2387
1112
5250
9643
4348
168
479
569
2423
1947
7508
4905
7113
3595
5100
9539
1677
241
8563
8281
9068
446
2134
3730
2118
9329
2194
5327
4538
578
3993
7738
9968
4548
7310
6898
5665
8770
2747
2047
9261
898
7401
9281
365
8116
7261
4933
6834
1123
1887
5752
8613
7242
5759
1931
8582
1147
7843
8970
6583
1159
3348
463
8657
6821
2190
6079
7781
4588
3468
5414
3936
3735
4208
8453
5556
6829
4338
4971
3368
9092
4934
3484
779
3226
8444
2620
6842
3258
3608
594
9479
7045
3099
510
534
2266
4325
3490
1771
1755
9114
3735
7095
207
2231
793
5653
5380
8973
3970
9493
6917
5912
3776
689
6441
5467
1710
7467
7822
9866
2953
7764
3239
5163
5879
5005
3444
1831
9856
180
2605
5971
8116
9045
2771
3405
2934
517
9413
6970
8412
5252
970
3379
4527
952
7692
8944
9992
5969
8738
4700
3048
225
7571
1939
3758
3337
7882
9931
7646
5029
2486
9302
3440
5427
8817
4809
3049
8052
8541
6004
7982
3036
2999
4494
4129
155
3699
0
0
0
0
0
0
