10000 100
2021
4410
28813
42286
48302
54140
69114
81856
81950
90271
101650
107042
139182
140002
172418
174632
182164
187656
192892
208405
210450
219067
221943
235745
252179
263915
289787
296923
298988
302088
318672
327177
354655
362641
363648
383868
389172
393206
394650
400535
409718
417583
422845
426633
435183
447150
447174
463739
511889
519213
521372
521518
522536
524965
525107
527605
528664
536411
536553
554615
563661
573497
584498
588668
593376
607764
620816
627588
635961
679735
694497
701516
703109
720676
722370
736090
747244
752090
760006
768727
778497
780969
784231
784291
801176
808757
824096
832640
833720
835397
835800
872872
892290
900788
904044
908628
908976
919511
922225
922944
933306
947468
953292
961655
967929
998085
11947
36346
36920
49390
51265
61629
81784
134806
187883
199661
212399
214779
221715
234251
241543
263079
265604
276330
280791
281952
296831
297155
300163
303330
317826
340062
343372
348655
349563
362752
372667
382889
394009
418786
440136
450014
450664
465255
491411
492749
496356
497643
507645
515683
519815
528141
541184
549880
577723
610887
611447
618810
626300
626804
650841
657367
672308
689330
699791
724948
736456
739724
740405
752418
766172
775380
777593
786551
828737
835509
851926
863357
874804
879236
893442
893646
903148
913477
925297
932257
940176
949043
952538
953777
972215
979519
12116
72843
80443
82862
88196
90442
91892
92776
92817
94799
102500
111892
114130
116279
118842
121261
121897
127665
134954
142716
144898
153574
157924
174074
178694
192826
206973
208418
225278
231305
237613
239660
239877
256709
259437
293267
301258
308024
315446
316607
332640
335582
343757
364883
397565
399886
413121
433148
440083
446885
449065
461300
463648
465545
487074
490424
494336
503597
505936
506365
510357
519607
539020
542057
562392
579498
587075
589712
600854
651354
664267
683890
697102
716592
729253
789147
789490
796522
808456
828341
834940
841267
842271
857859
863206
864776
867750
918234
942251
981161
998390
7410
17178
22354
49630
53684
86255
111306
143632
146784
149937
175211
184392
204123
205136
210433
211880
216516
231269
238202
250999
264555
281956
282675
297422
304731
318669
322406
336191
340103
360641
393211
398567
399624
402257
406019
413167
413517
422951
433940
441148
442783
448569
450589
470176
487236
492593
512012
533907
535357
542600
557513
601972
604257
608487
611291
650224
652866
655931
660711
667379
689093
732294
740294
746125
748609
775996
777784
784794
786780
789290
795502
800283
804180
816115
827435
828035
852049
866219
882355
890563
904810
921770
929099
935578
940585
965996
974587
2587
9345
17752
22269
50840
53319
57229
68901
74303
74916
81070
83301
91256
93617
96155
115918
123704
127340
130042
133452
135318
135416
138551
144940
150624
166722
199318
208668
209691
211820
224017
238552
240342
244394
249279
250953
252235
254037
255503
260294
260939
264607
268288
274395
276999
282807
303133
327434
337409
342748
346228
350295
383388
389226
393577
404206
404269
407365
413037
429809
430454
435708
437580
443110
450797
454352
478613
481292
487051
488593
488628
489020
492844
504374
531808
533062
543205
564622
587409
596392
598129
623870
637092
646498
650075
656277
657493
660096
672812
696016
703902
715016
730854
733283
764139
765147
779787
788877
794383
807398
807831
812539
822545
823926
829682
838256
840433
849804
868480
868847
877093
883775
887659
891221
892108
902069
903233
905983
918278
940307
943628
958272
976388
980120
990791
18963
56133
66879
107738
121635
163940
177619
194981
198205
199892
215847
220505
226773
247560
250778
260872
268877
275666
277117
286414
301113
306145
309862
313526
317478
321298
330403
337990
355042
363686
371122
379029
383406
394553
417822
423976
436135
437551
441978
453533
472107
483929
497376
500966
505935
534646
540969
546275
547909
550314
557118
560049
562450
571441
580928
582647
591169
613752
616501
616979
624767
625935
629252
639035
653609
664787
665961
674219
678076
689707
692010
710396
713512
720528
729133
736789
739891
750408
752855
754753
766345
775234
779670
784595
798413
805532
810116
832890
833376
850623
897534
918336
918856
927178
946980
950145
950482
958457
973267
974009
974083
981144
983604
985935
992753
7503
13045
27196
28101
35503
36583
45784
45810
46359
53909
60692
62513
80103
82962
85417
85662
95783
105307
108281
112235
112806
123584
145549
150110
174179
181954
228471
230980
237550
240988
247052
249245
263052
266958
270987
272254
289397
297595
304616
307311
320705
330147
334801
341564
359266
365494
365674
376587
389536
390377
405894
414158
424905
448679
474806
486737
488731
503397
505983
546890
553163
584451
588865
594009
607096
613967
617067
617930
625852
638384
639827
640198
686040
701566
710363
710673
724714
731132
752055
752083
753389
754807
757697
781209
803170
805788
823849
849714
852733
857463
862463
863649
863949
889036
898191
909713
917381
918612
926036
987108
990203
14576
54652
76591
77991
97273
98259
98842
100571
101310
110421
111992
113864
114183
118892
124510
126923
135524
151368
158245
158743
177265
187184
190932
202016
208031
210963
218385
225290
232207
234307
255334
255792
260851
262193
264286
287467
295530
300012
305773
309669
323025
356670
358801
359167
362138
365832
375508
390311
396768
401574
431299
445417
446970
452884
463231
472895
473533
474470
478579
480755
488360
503489
504801
526412
532220
562860
567650
574907
577472
601566
607168
626891
634392
641209
649835
666701
683173
684613
687411
696811
718416
719066
728702
729446
736229
745801
758697
766740
773532
789832
798447
815636
817558
821736
850912
852485
856883
864715
898836
903288
915010
943394
943720
958708
959754
980413
983063
996702
694
32489
39921
44123
50388
57872
85639
94946
129413
132348
140703
141390
154364
179428
202226
204501
206897
220740
229509
240999
242247
243314
253759
258314
265505
273690
277023
277598
287335
289035
296606
306419
317393
328213
332089
363638
379929
387411
392173
420079
424541
428357
446782
504445
524959
532956
539884
557621
561054
566568
585106
585997
594389
595283
602627
608355
616813
641441
668677
677383
697827
698912
699038
718418
720469
725287
731901
743238
757814
760499
760884
772733
780958
783145
788160
794464
799507
799610
832074
838348
842018
847579
850217
853290
855183
857057
869958
889791
924426
927271
940921
946289
947955
949745
955336
963977
964090
980490
993720
3422
7160
32852
33843
39420
41061
41412
41697
47455
52793
53567
56079
57228
60600
80413
85797
90339
100054
131012
139915
150665
154323
163399
174861
181707
186108
196420
197186
218658
230453
237914
248674
263667
273264
278519
285449
295516
319760
327522
341695
347837
352277
366455
367309
383069
388125
402742
408616
418545
420405
420769
425128
438024
438313
465635
471067
471978
475492
486330
486887
495709
497582
527572
538922
538967
539265
556859
560609
576596
580055
585372
602538
612593
620919
635094
651440
663428
670105
674918
674969
702613
705033
706908
713562
724873
771663
780013
788447
809963
809965
810925
813031
814227
820670
843409
850289
854502
855833
856028
866543
900885
901637
907427
913093
944721
977305
979112
981573
989742
997936
4859
13009
13702
14965
16818
55495
60079
64627
70130
85445
102922
105732
112010
112466
115985
122024
133072
138967
150382
164629
187856
195051
209535
223169
239719
245648
247065
251103
262875
275291
275522
283136
293301
299177
318845
319711
331511
340662
345622
351445
352786
364130
375886
375986
384678
395981
418681
427403
449337
466709
476838
479447
494368
496019
504725
514067
515825
520311
528218
535232
555954
565599
572926
577607
586201
606302
626841
656224
671891
674031
684005
694895
698147
721480
734879
747080
751764
754903
773556
780787
784520
787788
791956
800379
802921
807794
814292
851838
871809
908994
909807
930475
946964
947461
958877
994972
3495
11526
11594
41464
43318
46839
47773
47907
53673
65237
70578
72566
85317
97725
109737
113704
117032
118713
152676
193799
195291
234857
249597
280092
326016
327300
339195
342997
367727
368865
376326
393396
398885
412631
417343
424237
438274
441547
447489
453049
460578
470636
498012
501224
508005
514394
534413
538660
567434
574109
590866
614641
632124
634296
635150
641429
653455
682439
697364
713723
726637
748230
773335
774506
801201
811138
819468
834565
836815
851374
851908
855159
872057
884393
885210
887757
931639
932019
932182
945731
950077
950716
959202
960440
966189
999695
18231
21999
25668
30773
40342
41228
42833
67408
73551
85648
105616
124920
146005
154524
160823
171425
173479
174426
203214
219485
227109
229248
247465
248427
267478
274467
280681
294064
299256
301002
304928
320279
329380
331339
333264
345498
354106
360767
362978
372370
374829
381231
390514
406538
413306
414409
426554
428269
433375
453759
461186
469860
496455
528390
540257
541691
554649
555617
558943
608798
614986
625136
641250
648609
658300
659720
660809
669282
673119
718959
742178
753849
754666
760570
760810
762589
786716
797870
815878
819183
835262
837343
840097
859162
863231
866224
868269
874494
877673
886667
895823
911075
912174
916841
929213
936082
941656
951015
952362
953142
953777
957332
974372
978291
982420
988369
990690
993128
8753
12938
13529
61022
66125
85652
86103
92273
95667
97746
107786
109124
115021
118215
122336
133987
141304
148438
168366
182949
202850
217661
227512
231968
241492
242763
264115
279604
282776
301474
309401
310960
322758
326602
341877
342663
369844
377038
380883
384812
411201
413285
414313
430272
436381
452385
469858
485457
489389
494429
499610
513616
516517
518555
521539
521901
557070
565462
567576
570228
590933
610597
611391
636851
658458
665727
681339
681732
697513
698208
711705
719769
722484
735178
742380
747993
749549
777769
781195
798185
822484
823997
838986
845253
848015
849978
864295
865579
873058
878962
891632
893423
897135
913402
915321
917411
951288
963389
981451
996409
2848
15345
45657
56568
69123
78519
89421
96216
106263
111031
121840
169375
197110
198785
212896
236245
243599
273302
283397
284928
295179
332394
332909
413280
433321
436121
444175
450685
454445
455041
461125
493272
502626
511923
512250
526684
526749
530235
541785
560595
564358
568824
582671
593384
606577
619100
624893
625457
633659
642965
644730
648776
653589
657073
662573
668882
670553
689006
696020
697299
702954
748414
755417
761230
763078
769966
770391
775008
803062
805399
834773
845247
847495
855388
856250
857469
859408
875514
880865
884323
896725
917951
942216
984513
989854
991147
5414
7076
11534
14180
19589
39511
41436
54439
72720
91291
97795
107481
118522
148371
155077
161325
173311
178713
195611
212631
228863
235134
245997
247566
263649
276992
279988
291143
296145
309756
319779
351921
359452
362729
370433
386219
422038
441427
465367
495337
509092
519511
523360
525164
532851
542301
546653
548646
570121
580763
587332
590199
595817
597723
604686
608484
636110
647421
665162
683526
694847
709754
713440
724658
733550
733895
759638
762495
764166
780151
790961
792879
793080
806113
808338
812985
815298
824691
830423
839577
851763
852144
857682
877034
879757
882817
883067
887862
889076
893142
896965
905095
915785
929788
929795
931738
969626
974158
979327
980707
9717
25079
35068
55847
76588
117903
119364
133129
151362
158573
176782
188131
198871
204733
229401
250989
259077
271139
285306
302075
306691
315653
322118
332727
349001
351151
355207
358085
365516
373171
397436
407748
418827
419481
430404
433161
471893
474171
481567
498139
499328
500248
501192
554121
556213
575930
585079
590987
594728
600507
605892
613432
621102
623905
638562
645176
665534
680440
681226
700974
704669
705286
713021
743546
777061
784651
807584
820462
824717
829464
843844
857573
866592
870106
883370
896886
907770
910630
914462
920027
927294
929988
932530
934770
939023
939298
947248
953161
955170
997682
8152
25135
27036
54113
55808
56898
67635
69580
78135
86515
113088
117043
122439
127765
132074
136552
150215
156679
160661
168765
182843
194759
209559
212892
221177
249657
252942
257862
263751
272937
294049
294637
298712
300079
320824
350910
366421
387470
405258
411224
418100
421484
422071
424560
430636
433760
445617
453439
467452
490663
498623
511261
515200
533304
535356
535716
538182
566319
570003
587641
589707
610363
614033
614446
617055
635630
643359
714768
725362
749262
769913
777638
783297
787607
818721
823065
833200
836120
848870
883423
883664
884478
887810
899843
906791
911805
915356
925653
931895
940816
947743
972283
976212
942
50573
52421
57566
100782
115577
119796
128292
128721
135166
135204
151383
180671
194677
201241
208379
215780
238884
249430
264705
270545
271692
272528
275780
287471
297004
303428
308361
311054
316647
325911
344901
372039
382173
396353
420726
422398
424492
443397
444335
445154
470937
480525
482685
484278
486658
520736
525692
526364
569143
571287
572790
576326
578226
588340
596013
598932
605118
621788
632967
654556
656979
667000
680214
684304
687409
698244
709619
714378
719846
733718
743932
744542
747381
761531
764893
768949
786362
827128
827931
831157
839238
839255
846132
884089
884485
886990
905619
908237
908445
912873
929085
933277
935212
939987
948125
961657
963913
980300
998169
14532
17660
26237
31589
35038
56472
60691
70653
85470
86682
101848
106082
108055
111278
115509
166040
171926
173588
186862
190050
197265
204906
206587
211755
218762
224142
229557
233767
235743
237255
238635
290820
307552
307783
321402
344415
354806
359091
383498
418387
437021
446610
459129
476457
487228
500004
504380
504536
506198
507149
514133
515432
519065
520499
532119
536665
560678
561666
569017
569073
583779
610292
617725
626388
638907
662425
663519
669806
677282
687976
708802
709736
720638
722679
722939
725162
738313
738776
745111
753476
759782
764448
769151
779228
779413
785078
791548
802274
807871
812741
815630
821948
853187
860993
865843
875260
882143
933812
937385
960752
961501
961621
964729
969189
990433
996645
741
14538
17933
35550
41796
60643
73048
90564
102738
105053
110893
122069
122145
137598
147541
156385
156610
167196
172472
173008
187091
188712
190045
196095
200995
203620
206657
225969
226924
229553
235618
252640
252673
259603
292188
301473
306325
308950
309840
323658
326262
337648
339458
350260
364177
390029
412619
414883
415093
418467
421406
424989
426685
430997
439536
443487
447750
448390
458105
475220
475332
475633
482743
519986
530164
541632
544676
545610
567031
567858
578528
580751
599223
616526
622999
623558
624329
631258
635428
637134
647829
655676
655875
662969
665152
672088
673706
679924
683592
702239
741947
745518
746296
749364
750532
760689
766646
771886
779386
789619
790776
799946
820095
839741
857288
868400
870753
878630
884432
897544
907358
908688
908753
929168
953740
953935
973044
986637
989356
23256
34319
54719
77570
111162
113150
114966
119509
127233
153743
167120
188355
191593
195677
221506
235165
245294
249584
256939
276742
278007
296507
306515
310588
319374
333437
346647
352230
368259
401058
410608
413419
422826
430554
435855
439799
457821
467280
485976
486900
501129
501579
508093
528303
530213
530880
539659
554811
555696
556718
566972
588316
603832
614550
629259
648553
653052
660910
663018
664140
671322
680539
682002
689506
711499
712222
717454
717509
740145
741735
749050
753185
754621
759395
764880
789603
789986
791530
799141
825814
829584
838309
842840
847151
864623
880797
886208
886960
894288
898143
910969
927277
945253
947349
953691
989220
994166
994942
5343
6813
10829
13616
19133
33031
49089
50797
56792
72513
74446
83543
85395
138754
148433
160516
161161
174413
205204
216378
243842
244242
259292
260502
271979
290119
313894
316607
316985
317559
331541
335025
337382
347698
364281
378986
390070
393801
399874
401656
404180
408628
415465
424207
424534
438763
438792
452748
454275
485307
505934
508066
536063
540204
567315
568002
580399
631351
651148
658156
660842
661039
662796
670676
696921
715764
720890
721675
737381
752734
785496
791201
791204
797914
803802
819730
822785
848438
849203
858833
891801
912416
914687
924008
929107
935640
942458
961370
963129
969465
970018
983158
985928
12643
18524
26029
37229
41485
54402
65725
71572
88263
90422
110956
127373
128384
138996
157843
170442
174222
179320
195273
232095
239231
250469
261589
268603
278449
282317
301489
302791
320957
326120
332795
333450
335420
338352
348192
360750
372850
377409
389208
393626
402931
403883
409643
414248
433695
434155
439230
442099
453890
462577
470750
473099
493240
511681
519318
533835
534115
542727
549844
554840
556498
556701
558711
564805
586539
598460
615278
636284
650556
651379
652591
669424
669491
671670
672598
684617
692821
694008
710306
711816
735048
737069
737411
749656
772609
776649
781189
801308
805369
823370
834668
835838
835881
836564
845578
848444
860561
884288
884737
885089
890278
893295
895572
906653
908507
915446
923596
929567
937252
971805
986173
986795
998950
43356
52686
62074
84595
85849
94814
97527
110653
130545
146832
158194
185909
197587
201896
202722
209306
236957
238526
241859
242440
245693
257399
261015
263568
271029
271545
290771
300182
335323
370312
376200
396668
435690
440494
444215
455440
464296
469027
515125
516419
524599
529768
533119
552330
557348
605756
617184
627712
628453
631239
640086
649875
653322
658777
663673
683645
698366
727227
729057
732474
766100
766276
793349
793488
795819
798215
803855
808511
816708
819480
845532
847852
857081
858809
887014
892858
905507
913679
932873
955954
966475
972606
980289
982691
985647
991604
1505
5179
10869
23538
36491
37066
53469
63930
67673
68297
78086
82607
91122
91749
135858
138341
139716
141767
149318
154117
175729
195799
204332
210181
226058
270552
291060
292676
302450
311361
326714
337953
343938
349058
352207
353443
357697
364120
368167
372963
378635
380363
384612
401572
404886
410646
416512
432172
434572
442784
452203
473488
478638
488382
494258
498516
511151
512754
519731
520698
529657
532758
534860
548736
549675
554167
556072
560898
571962
575375
588802
602308
616481
620693
631763
631992
632198
635430
643986
655187
660426
662589
669289
684426
684712
687889
705499
735033
748405
771925
790939
830884
846346
875553
878727
892977
895638
919924
933235
941264
965910
975019
979426
986278
987017
12
9417
14315
24648
25513
32966
46080
61610
62401
74156
87973
102621
103442
103669
104294
107100
119898
132925
134480
137011
145230
156024
163002
163715
173769
178991
216315
225317
233935
260521
265711
280607
296461
300788
326195
330939
341857
371012
383623
404213
422683
427555
437635
466566
469133
474872
480116
484286
486284
502067
517908
527376
533219
545259
561989
594662
601970
623460
640592
641492
644461
644617
657937
666382
693101
694788
702108
702922
711798
752042
768058
779527
785813
790024
794813
797333
816448
857787
894496
894853
899768
911527
924708
932161
940276
949081
962745
976081
991949
5182
7331
37642
44052
46447
55346
61017
81984
87692
107021
112196
123222
125783
140322
165173
169460
174553
175688
179103
182378
193317
208864
234603
247417
249864
264613
270441
275463
292133
311893
326298
333228
342801
344001
346847
359088
365153
383634
393818
393931
412564
418959
420009
437969
438096
456519
469274
501676
518628
525441
528001
538979
568353
568506
581666
584722
590654
634587
635642
638208
643353
675509
695382
720766
741767
752007
774659
779690
814190
818497
827850
834880
870772
873181
874215
883155
886866
893969
906812
914778
923701
947849
982842
990702
991406
992636
995881
24714
25904
37337
60609
65848
85795
109485
115849
129021
129926
135094
143764
146152
147151
155943
160711
160718
167609
169945
175254
178604
184313
198467
207279
211863
215988
222055
226369
235321
245364
276865
278078
289910
306238
309267
319455
328145
337346
342380
344002
350969
358192
380011
390288
403491
422010
422168
422544
435363
438542
488526
497235
501336
512779
523270
527536
563404
567870
569414
574877
576860
580062
582008
595349
596450
609607
619781
620578
630441
634924
636023
659778
659892
689326
696012
696382
707446
712084
713668
722512
730906
735759
748465
750277
756849
765532
785557
799675
803652
807609
812915
821442
825807
866100
868310
870865
872053
874179
883724
887252
911843
913098
924223
940159
944780
944997
947948
956403
1579
2109
14368
21605
27132
40250
72770
76262
84406
87193
104310
128148
142358
166603
178081
182857
192250
199056
219737
225871
233947
244999
283582
290621
305007
313602
329591
389584
390145
393708
418184
425109
467587
478002
487526
498117
508889
532843
541989
553998
554226
577648
577897
586060
589646
600954
609967
625431
627240
638209
643293
643359
660911
660959
671475
672107
673110
698024
729814
731655
732064
737051
759215
763572
776876
781918
786866
789499
792246
798499
799716
818728
826831
831566
845394
868272
879921
882560
888968
908354
938310
939279
956531
958382
962372
964532
990894
996247
337
4776
15276
27224
34219
42579
59934
73919
75288
86747
88901
94288
95574
99797
140102
166236
169089
173639
189362
193409
195068
232446
245730
274698
290827
294569
298744
311140
316100
326309
334130
350791
356480
360986
373432
404579
405024
406070
406446
439511
440509
448148
450271
467436
470821
481372
489617
496706
499167
506513
507071
516159
528292
546988
548145
553583
554196
557221
557945
565356
577178
583648
586937
589287
593291
614187
620181
638056
641179
645057
652720
666642
668784
687600
692092
696930
698781
700411
707520
723514
735856
736946
747461
747828
756175
780740
794458
796407
811717
817008
818315
822589
852569
867557
915804
925796
931196
932354
968441
989839
998616
19649
22897
22932
30869
35038
36737
44690
66551
72530
90112
101192
102997
145915
151470
162058
164666
186822
189446
194917
196157
203319
207172
219059
220641
226672
240444
299741
313251
314446
319615
352834
374954
411587
414720
417873
419122
439119
442885
458427
464480
468492
474277
478423
480887
484756
497922
502811
503000
503936
504996
526104
561515
587969
591762
597105
598721
599363
599565
600109
624581
630758
690840
690859
717213
717411
717705
718409
742566
770204
771462
785241
791556
792465
796144
803708
803774
812068
817362
858047
858202
874740
876912
879981
881156
882571
887825
892219
903125
904202
909009
914176
927284
944167
946121
954856
959022
973274
992398
4966
8255
14512
15442
31245
62876
66137
70537
75025
85891
93360
99356
100275
112693
119090
135611
141856
143662
167885
177642
228894
230217
230568
231167
242969
251335
259588
262517
286637
308106
310255
316797
325000
355472
375894
382296
389971
413488
420725
462706
474482
474994
493977
527230
539016
542177
552811
561681
570532
611158
614045
617194
635367
665752
679898
680866
687692
698172
702052
710166
713906
718053
719795
742999
767220
788579
791143
796552
801105
818460
820068
848754
852063
860238
861488
864988
865473
865541
866856
871777
882020
914933
967078
994584
996724
4644
6468
8186
11114
16834
35405
36753
49884
61712
80492
83683
92560
122784
125189
135631
146226
150388
151158
167092
189397
208763
257705
259533
266799
287071
289933
293036
294252
312596
314147
321912
342779
345986
356269
380083
381956
383328
384988
385072
385802
392854
417469
427797
438105
443293
446257
467355
475994
477166
482977
492815
499145
506586
510533
521096
537502
540009
544642
551494
552049
562604
572524
576420
578337
579262
580802
606143
612906
629147
646038
665415
684764
687533
692519
700666
706794
716974
733522
740265
741035
757176
763269
765302
765587
769770
780027
780384
781553
784435
793755
802698
810850
822916
823670
824674
825985
837374
848530
851700
863145
893575
911470
913787
920366
924183
925055
927120
951717
998396
796
31247
35481
43420
43695
44620
57280
62700
72683
77225
88524
111537
138937
141911
144761
172255
175488
191387
205388
236731
248225
256479
275317
281800
310784
324299
339576
355412
364017
368298
372262
378680
384838
388383
390762
400439
400854
401177
403620
415763
429272
430593
445106
453755
476400
479975
480431
483937
490671
492989
496549
498841
500928
508114
511527
518907
523988
536293
562595
562737
585293
586724
593649
596995
598664
605189
634341
634619
661051
697956
703774
708690
713282
714643
716155
720746
740587
745391
760415
777267
781302
790063
792618
804044
820237
826548
826888
827581
831901
836881
844713
854227
856805
859709
861490
874109
883815
884737
887859
899085
907092
921978
926133
927372
929113
933494
943602
949157
959074
967422
975937
982420
985890
993844
28706
40561
42180
45743
50789
66614
73322
80832
93968
101724
107554
112435
117440
120047
140364
166886
169351
169986
170933
191620
205497
210394
219327
241433
244322
255609
267520
284559
286014
289245
289528
302803
307888
309065
314315
314593
318084
318673
320138
322953
338960
354277
358742
361559
384550
387955
396073
400357
412291
422653
423626
428910
430834
438871
452069
456950
458388
483336
488197
492980
502199
504364
508684
518937
523210
525021
533725
565928
571555
580542
590538
604317
606322
609358
611780
628240
632746
636433
647544
653041
665012
675626
676096
683498
683852
711121
711411
725102
728824
745652
747986
758118
759088
768050
776456
785847
799047
799170
804619
808730
817231
817944
844417
862857
866974
873388
876487
877714
883983
884543
896196
904107
915947
919918
925549
928264
931946
936933
968870
970471
977705
991915
32092
46487
48807
52738
53062
54076
54781
56037
83904
87696
99508
113632
120783
125277
135126
142450
146648
148103
155700
157430
170482
191818
201267
202688
204340
207135
213701
215505
215611
232018
235625
252581
255165
256411
259383
275010
277493
285028
288651
314124
317185
331521
337185
345102
352593
352669
357597
358328
360052
361700
361762
390769
406759
411530
415073
429370
443474
445889
462217
463071
508005
522108
522674
523405
531724
551363
576879
582404
595899
600032
600978
619694
628206
634315
642890
644766
670098
674829
679117
707369
707956
711710
728367
740314
743553
746370
757837
827031
828397
837465
839648
840788
859191
864187
868498
876565
877229
877458
881699
884237
894556
898547
901202
903061
918060
923532
928296
934134
958423
958724
970308
985661
12084
18378
18565
21216
37600
44551
47344
52040
54362
67844
74445
91739
108541
112971
129944
135838
154445
175505
181832
183323
195653
206152
208842
214287
218176
219715
254550
259067
297633
317555
321267
330370
336532
341675
346334
352532
353827
355203
355696
360225
365356
367347
375760
387965
403650
403971
435639
446185
500764
503139
508801
511311
516198
526958
529304
532636
545091
555689
578882
591345
596811
655472
655799
661420
678529
682749
697575
698052
699240
710033
712241
734160
741273
741630
742187
746513
770761
782652
795278
811188
815234
821881
822343
839101
846275
867609
888371
889466
897929
907076
920358
924119
927538
955936
957687
959996
972601
979297
985233
992472
992796
1466
13445
17283
28124
61824
90500
145629
145833
154200
169593
171975
193219
223919
224531
231347
235897
236577
237996
238265
241523
246532
272256
281141
283060
285139
288409
288979
290133
294499
297864
307011
324423
325682
327921
330398
368839
388186
389686
391596
395006
399282
402484
419210
449158
451913
461970
462076
471270
483799
483812
495165
496541
496675
506598
508035
529365
534526
545403
556808
570275
583094
588923
596430
613892
625051
633371
636457
655789
657528
680602
714526
714769
733405
742952
761277
768214
769731
809868
838797
840213
858672
872400
873407
891216
894863
902915
916402
924011
927623
936832
939547
946936
972085
985469
633
4042
8289
24181
28367
66596
72358
74107
75698
110210
118095
127450
128837
159490
162156
167506
177011
178212
190246
201854
208400
238010
238989
241028
262749
273146
282226
289875
291642
310011
319172
333749
340620
365126
368560
390639
403642
407265
428220
445775
449724
458661
465787
467204
528806
533726
535642
539840
555151
562615
570988
586339
586548
618797
619885
620409
637414
671318
673608
675919
684608
688086
694058
698802
707081
712234
721954
750890
752331
754344
773877
787752
795787
796394
806065
820025
844537
857987
866149
876565
890311
894471
932847
933868
949446
957687
967574
974537
974625
979216
998746
3903
38985
41558
50922
54621
71999
73885
95641
97757
108286
121792
126981
136875
160119
162516
164855
165182
171057
171583
181688
186551
190956
212598
221881
223194
230648
242861
254532
259761
266494
268400
294529
303721
312080
352797
361528
372724
378838
400630
404264
414329
422130
437367
508509
510433
574012
576282
583706
594618
618376
620096
622530
624280
646803
647317
655406
656513
664706
671223
681403
681528
682428
694685
716443
735604
751407
753173
763891
768056
768326
779149
824807
827669
853500
854357
876308
889811
901484
903583
944849
955104
980623
992695
993727
48651
53044
54146
56139
59054
63451
71565
71591
92261
92658
94922
102193
102459
108672
112900
132545
142786
150374
185283
190486
198239
207218
211232
213345
230908
236168
267385
270582
293426
299016
299356
326128
329548
332091
349314
356094
364195
400819
405819
412062
414829
423929
434319
438713
441246
446845
448059
506474
508027
516723
523267
531171
556948
573543
589280
599960
615162
626039
650725
667650
683611
690720
691308
694600
705416
713449
713654
731144
737135
763113
765896
770873
780327
780617
821216
822301
826611
832733
833567
839639
847290
871517
890894
901635
910714
915985
922973
932540
937230
946501
987178
990291
996661
1209
20129
22194
22643
24637
32223
41910
60030
65218
65722
87119
91087
101087
101226
105216
119694
156133
180343
191773
203334
203752
211829
215109
215600
215716
244486
248064
253989
261827
309580
314634
335813
349134
352305
361349
378242
387483
401485
432342
433665
435530
435954
435960
437864
442708
446477
446834
448400
449717
476192
482297
485396
486431
489233
490554
496742
508391
511079
513832
515051
518422
552222
596820
601368
606642
606926
633828
640274
654378
674344
691738
700888
719992
732425
735949
747392
748604
753384
753699
762747
766464
768190
773743
790415
821376
841122
847973
858695
859595
866850
896695
897298
906126
911496
925446
928718
943304
965915
991094
998438
8740
23758
42729
44428
82693
91863
123645
139321
166696
202661
205263
207235
232544
240053
245489
253666
266673
284583
290997
292575
304501
310281
316694
320114
331017
331480
351016
352693
355370
359399
368412
387926
392434
425413
462038
466614
468431
480961
485043
489742
504902
519518
525046
525899
538839
547563
549464
557420
561012
565645
576361
597827
598999
603422
616490
617622
621013
661064
662445
663677
665104
704809
718631
723396
734393
738190
741980
758412
764692
779013
790042
793957
794175
804118
809515
810544
815381
822369
832741
836590
842527
859515
862350
868059
883023
887928
908969
919431
922930
963948
982901
989905
11115
39073
46562
58215
63577
78123
79234
82803
92834
96917
124902
132387
149646
150471
203532
209209
227341
227639
234684
269758
276251
276851
325431
337180
347371
381054
400064
403177
414948
419507
421793
447514
448866
453477
463085
468871
488157
509755
534196
543240
569171
572307
585999
590761
597471
606679
606781
608147
611523
622865
623692
664914
680469
682219
695704
719149
721128
726446
744221
771184
794269
796808
799425
819382
820296
823715
830358
870457
871532
883323
893934
896097
911317
917098
918400
924822
927959
935344
942914
945581
945757
957654
962403
979481
980798
981219
989350
990717
7989
27110
41589
47461
62909
77860
101149
103517
125086
130911
135964
147672
151005
170277
171868
196694
212845
227083
230300
239560
261862
279801
280917
288355
304066
311261
312202
323474
325982
334156
338238
341238
342582
348099
352092
358456
370805
385207
394352
399886
402266
411663
414639
425389
432883
443780
446069
446709
447380
447815
470968
473234
506310
508324
510394
513905
515433
518792
526270
541090
544276
544880
548746
573782
590469
592878
594579
620422
626361
627483
642749
686874
703836
704259
717592
722590
748384
752498
755970
755980
772074
780578
796434
804871
821368
841347
841451
849509
881423
882694
900633
905672
923969
934688
938454
944200
958734
959820
980871
984067
989904
99
9488
23500
26939
31954
40382
43619
44720
50637
67952
71915
88271
91805
97633
105370
108157
119621
134427
144549
145694
145910
148741
184088
195611
201589
203322
219978
220531
247424
265622
284356
296138
300425
336434
346676
359614
374753
375589
380845
384257
386650
394514
399722
402484
402801
404463
413272
416768
432710
434715
449852
450607
454685
459086
463478
469060
483574
484558
491300
497997
505381
513536
518189
536659
537602
546158
549853
559206
583235
589877
598370
606364
629477
633162
638835
657083
666177
670339
685504
714305
750539
751294
752882
763169
763344
767967
769339
789174
795784
811486
812838
823862
829051
832318
842283
865165
867547
876691
896702
906024
908609
916949
927803
953957
957724
960574
973745
976344
5467
11887
17574
30676
32015
73752
73806
76642
82429
83319
84516
91498
103867
113705
118844
121752
128462
128617
133548
150128
162592
165888
169584
206045
230108
239148
248100
254624
256990
257903
270493
287575
301594
302354
303752
313916
321238
330832
333306
347358
349709
359269
380297
386584
390207
431728
438549
449408
454341
475556
480262
484212
507680
507908
521255
540252
546800
552045
553568
565513
589153
592819
602563
611458
628270
632859
661551
674699
712237
713160
717421
722716
732758
733792
741513
758522
781223
789191
796140
797672
818924
852710
857516
871646
879616
883994
893220
893329
893368
895597
899465
906448
909738
919564
923429
936417
949039
967119
967211
976624
981471
988434
991128
991167
994869
995037
999401
6753
11245
30665
31273
34317
38734
58604
66185
72604
84946
92546
99767
116032
117711
149913
171198
220272
241160
272303
282338
297869
301672
314058
316038
327036
331867
339185
343939
378077
387146
390507
404114
406652
412321
414906
417556
423123
432519
437814
449681
464767
472656
475605
492684
509147
525932
526927
544217
557069
565744
576758
577662
585823
604485
637326
637816
642876
645646
648561
649095
672188
682220
685234
695936
701280
712083
716638
739546
764987
768302
772089
775389
786466
796690
806995
808885
820060
834056
836434
839640
842746
848976
853571
894744
896948
930704
932377
955203
956123
965939
968451
970718
1786
16135
38034
48153
55482
61309
64014
81872
86091
99977
104291
124646
141166
157016
186029
204845
212252
216415
221323
222142
241895
245738
265286
267949
281134
287923
297957
307305
327270
335430
336066
352461
362088
366777
369181
370627
374240
381430
383256
383885
384898
388120
391301
404538
412871
418369
420278
423350
432471
445086
448774
479466
482262
484799
502612
506832
531159
533420
534319
564140
564212
566460
585321
595641
605609
612404
618293
625177
632651
633325
640457
658050
664587
689924
692430
697481
703099
743906
745561
747662
748672
752466
760323
772170
775647
785766
796627
798348
803224
803795
806687
821863
825720
832376
834653
835617
836901
841561
861731
878228
901724
906701
916729
933193
933977
939053
950584
953442
959060
963463
974930
976499
11415
22075
28769
29447
30991
45091
49248
52779
61179
76503
81722
90294
108053
112698
116334
139760
148219
165228
174330
191751
201582
206711
208140
225883
226292
239723
243205
254485
278531
281581
286963
305212
316189
345457
352619
372003
375549
380266
383187
404914
411788
426904
437909
438276
451006
452091
480629
500583
506743
508191
512371
518200
519538
552559
561594
563086
565076
576762
582958
583939
591395
596468
598401
599748
605784
613928
626718
631495
644087
669039
710720
723281
754522
760655
768037
768385
773411
776499
784299
788770
792576
805020
814192
814753
832880
836555
838623
856737
863098
879386
886096
890786
898455
902110
914830
918000
918479
920932
924137
931621
932975
941748
945890
952759
989080
23865
25087
37528
51830
64571
79570
84731
101141
104695
117482
124202
136029
149640
166493
189592
196850
201000
207519
213736
224814
236824
238403
251007
268458
299996
305530
315711
320216
330852
350271
352957
356554
365184
365475
367953
378197
403151
414185
414483
419091
429296
433522
438037
440733
447009
455474
457633
474409
479603
519404
523347
524207
530062
549206
562852
566180
566662
569207
585425
606960
607074
613269
619173
642349
648422
649138
649766
656280
664433
688845
694569
696903
702941
703161
725162
787384
796589
810711
824981
843018
848138
848395
854223
857904
865791
867491
883216
883917
890371
918443
935846
940773
988735
8924
21513
30110
30509
47058
59080
81605
109686
109840
118495
127502
130420
155480
163633
164503
180658
224447
225733
235148
237224
241916
293861
313256
314220
315608
336954
345146
350263
358271
360587
364911
367579
392459
399838
400026
400400
409743
414855
417847
440323
443047
447421
447910
460319
468997
472177
473024
474490
475606
480116
485216
516623
516690
527506
534414
539815
541967
553678
576816
603760
616708
625621
633867
634565
635658
636162
652819
659231
669357
675805
679351
685040
686582
697136
698529
742838
746674
764908
769598
771959
779837
786620
788591
794141
796144
805623
813191
815584
823461
824228
827520
836937
844928
872589
898642
931269
945323
945373
949601
952564
958410
963801
983222
985146
999331
5872
39780
57205
70123
89625
111950
125982
140390
160121
160379
177185
192371
201481
221372
237694
253725
263050
273906
277693
295019
313620
318930
322839
344133
348961
348966
356240
358226
367281
376655
384172
393636
422727
423359
436405
450133
464411
468646
474632
482017
483085
487270
506824
507029
508616
514142
515631
522225
531822
555516
560893
564160
571892
573703
581244
584242
599855
606389
607479
630139
648738
664175
664585
665682
698680
703527
709427
714372
726545
743840
745189
766927
771896
783565
794493
794865
807046
819994
865465
874655
879627
880983
886658
893292
893772
899551
912031
945699
952557
956387
968100
968409
981664
988761
990537
993489
996969
14828
26550
41871
56040
68221
89250
122793
140977
143199
161226
164720
180498
190090
206938
215930
220270
251360
267571
273253
273951
282649
300899
320002
321957
327621
339055
340653
345641
359162
369866
381164
406211
426007
438295
445078
451300
455466
477848
482049
494138
496681
496818
513233
523586
526688
538168
555688
556387
572900
574106
588818
590440
594875
597719
630658
632571
649325
661415
679238
681656
683838
683970
685104
691135
703094
707226
711311
713272
713700
716140
716469
716807
717089
722344
744106
753229
762281
763527
765488
765623
766681
777431
783031
809014
816509
825865
850824
860111
860760
875133
887091
889530
889994
897968
907459
911389
928071
929352
930091
938497
984046
995887
32200
33735
50350
50648
58165
65344
71440
99853
119909
124107
133712
140795
152019
156481
158146
159728
169921
176963
177142
178575
179247
223600
236263
240567
241138
241454
241782
262246
289917
291628
292099
313942
328961
331141
340975
349813
367183
375543
396605
428530
440278
461473
476184
483844
485909
486742
514870
517255
530995
532790
534720
544407
567180
578079
578326
584094
586043
588565
590705
600315
629391
648619
653159
669157
679862
680723
681969
693442
696135
701052
720717
723601
733576
742214
746761
786769
786798
797235
808252
808728
810810
826484
852812
865343
871546
874914
894889
897827
901893
915989
918707
940710
959675
967262
973102
980871
981149
984706
991018
999953
12102
16990
30562
47248
49001
55523
65028
71037
71864
101499
113824
122161
128006
130328
159961
171152
179164
197292
198663
210889
216396
216882
227557
234370
234619
241571
263798
287817
290010
320835
353636
362289
367145
370514
385359
395712
400305
403764
408341
410976
413963
450075
458916
461342
467108
467474
481429
483936
499166
516525
521344
541031
544914
553370
565258
573870
592100
614458
624489
629745
638441
652439
653510
668707
673877
675247
677906
694008
696216
707995
721853
727533
729085
735188
764397
790727
802235
805169
837991
846232
848410
861957
890105
893129
895143
897588
898684
898712
898817
907153
922986
929852
937929
942282
964518
971314
971392
980559
19796
25326
27548
30705
31357
40773
47189
51032
60401
93023
99545
111055
112055
126450
132132
132286
140400
162341
168822
171033
176222
187124
203871
209444
235347
258448
268702
269820
270253
291623
319008
330019
334185
337959
338909
367122
373244
378973
385059
394493
394506
422801
431666
435536
440509
440663
449570
454159
474705
482464
487868
488300
497028
498571
507947
517876
526678
527894
550528
575929
581928
585281
606382
611276
618692
624464
627103
642290
655549
677935
678114
680263
680538
682074
682169
691485
700851
707775
724225
738383
747987
760445
765239
805847
840973
856750
871691
873434
906797
923628
927922
930013
939992
951425
953770
964617
983239
989957
990743
19136
27084
40999
56518
59006
61792
65962
69380
76319
96610
99480
114646
128931
129407
164438
167397
199151
227136
240618
243553
246146
251733
261933
275176
282904
285142
292718
294915
296347
298918
302625
303744
312726
319422
328849
331636
339061
355499
374755
388835
392999
406047
432844
435728
439149
456368
456698
472254
476654
498860
518166
532204
547457
549412
575333
585050
596306
600106
614272
619441
626422
634708
641767
642316
660541
669898
689303
699029
699460
709140
711427
713821
718459
726459
738146
745865
752315
752800
756616
796608
814052
817383
821546
835278
843424
876961
899127
912063
942335
950805
986201
13727
14388
27808
28248
43077
45877
47356
64906
83109
87891
94594
116592
123925
166233
167259
168908
169783
181920
184441
184836
187995
209342
226670
236294
243355
249009
250453
255821
271008
271207
283786
291470
298820
329515
333171
342236
347535
355956
372229
385734
390483
393018
405252
407152
413976
421466
428128
428640
512150
525630
533770
538511
541498
544991
549236
549273
552849
555715
557125
562802
574268
577172
596758
602926
615016
627355
629570
642465
656090
656875
670099
680660
696408
696634
701513
724417
731800
736397
740082
751253
784761
789786
800000
813949
831210
834167
835163
840066
880579
885580
901543
909580
928204
928539
931978
933119
943101
960475
965925
967773
974610
988325
990902
998500
6159
32434
34795
45058
51025
67369
82970
88186
92474
105520
118017
124060
147509
160147
164277
167575
171334
214859
214961
234353
239527
261307
261541
265148
277156
288720
323966
335995
339502
343077
349344
350406
378725
406746
407546
424615
456035
458790
469210
490513
494184
496063
515058
521905
535039
544723
581916
582396
585088
593414
603504
609152
614775
615743
645273
667936
667956
680580
688121
691241
715832
718573
720411
724617
725354
732011
747100
762086
807208
809777
831242
832074
841099
860239
903871
905032
965424
20259
25831
28325
62073
69269
110996
112124
126031
129940
131456
133415
133706
140451
142135
176089
208653
232061
232530
236337
250315
254654
258193
267429
271937
275974
286559
309484
324976
326634
341617
343353
352252
362850
417046
425718
444404
461876
472249
487808
508153
521761
532653
533397
555483
556851
563321
565199
565773
567878
580494
582816
583560
591973
620132
650028
653469
653831
656277
661814
662973
673724
675360
676272
676648
680384
691728
700522
701842
725872
727526
732797
735004
737559
771521
790767
806703
810042
813389
815481
817823
821779
836727
846386
873245
880638
880754
895579
915635
933793
938955
939293
984245
989766
998249
12193
27963
37963
67530
85632
89219
108769
114408
118294
134804
139888
197114
203091
207654
209153
225659
252855
262776
278726
290218
299257
300008
304682
310321
317086
344520
349365
354075
363162
416119
422062
426866
430249
463662
479639
495074
502214
522762
529192
540878
542788
560082
588559
589567
599306
601104
606164
607704
611477
616395
616397
618377
642390
671256
671731
728249
742039
766776
766827
767886
771018
787984
808662
814151
833217
839716
857971
858548
866224
871270
880301
896087
896809
907059
916234
922237
922614
926237
932251
938735
970925
976430
977497
981798
984039
3254
18956
26659
59019
68864
69716
79225
98961
107501
108886
114833
117072
118208
126894
127095
137509
137913
149595
152998
168677
170056
176190
178274
186130
186284
190779
197597
209379
213391
241818
251457
255001
255425
258431
273268
275441
289066
293814
299515
300128
311380
312324
324274
325787
332756
364550
385075
393687
401597
404527
405199
412752
413297
433549
435166
442564
460388
469822
486601
488991
504208
529645
541390
545811
551361
551655
553658
561349
579830
605301
607496
618168
621691
633189
643341
648432
657138
658897
672537
673273
678305
678957
679792
685988
686209
761343
769622
774012
807633
818188
831000
856400
859454
861311
867163
882482
890389
905739
925368
976958
977321
7272
10265
41203
65633
82592
109578
124474
149702
153550
170051
176603
218029
246992
283504
284162
292378
305727
310316
330855
332054
353782
373669
377922
386215
389905
402011
407948
414550
422867
435375
435643
464384
494113
502911
507284
511010
537168
542812
545121
550684
574670
586859
609884
612752
618447
630493
642264
643728
643812
647404
662723
685375
703078
717226
727983
740546
747003
749826
757715
766303
776009
789847
807062
822548
828034
845224
857354
865853
867833
879072
880207
893187
935981
950157
952992
953908
974312
974768
985040
986537
988138
996067
7916
9959
15574
39854
49232
49983
56459
60353
63161
69792
77467
80557
86757
90032
109118
116571
120707
124800
126758
139822
139964
143752
157211
158417
165118
177223
188702
190296
192686
211659
220362
228154
238299
249978
271433
290809
302817
309570
323765
353776
366537
369313
379316
387860
396650
397513
402008
409736
419447
420419
427632
436605
446039
452206
470547
488813
496970
514111
516267
523754
528084
529270
534375
542381
543989
545166
549777
563898
576259
598616
611338
612206
613050
625748
626870
645845
664951
665310
678141
685816
695162
698081
699504
704523
708832
717691
717913
718034
733696
734341
739746
763364
782624
788917
792632
795364
804248
808066
815204
816598
829279
846391
854724
865622
867579
878557
882631
889705
895235
902123
912989
914269
915575
917532
927579
931567
981472
983
25184
29599
35290
44534
47787
49095
49637
50957
51070
84961
91404
92553
115886
131561
149562
160412
161807
186547
212018
214332
223256
242826
246469
249373
250304
251234
255290
259928
263991
264584
298327
310132
336524
338954
356145
358212
361131
411613
415912
438917
469935
474820
487288
488326
489275
494315
511337
516456
517322
517485
526354
542685
552136
552739
557288
573423
574384
579642
603719
632620
650209
653339
662357
668912
674461
678944
704795
717626
723156
749260
755347
759129
759515
785151
789798
791090
800733
805160
808256
809308
809727
825977
831043
841217
892222
895976
900922
902349
930242
932862
963610
968585
974137
974415
995508
23352
33514
62336
78755
92431
94164
98140
105606
127755
144052
147447
148072
156340
161207
163223
166383
198595
217251
237671
238199
250710
251388
253816
268438
271297
272065
273199
295641
303124
317611
342378
342650
374386
383077
384975
397102
398929
404406
435552
446065
452950
457052
457728
459141
459200
460056
461534
471059
480213
484105
489569
490351
511356
521211
525249
528602
529490
535573
551288
554307
567145
601782
622311
652442
655735
668325
679908
682000
687616
690678
694380
695384
723338
730965
741994
748942
781212
782281
788823
801125
803499
803629
825979
827242
837777
882343
885432
901158
907243
929377
959347
962435
992613
993338
999728
3263
11833
22876
23004
34658
84136
84709
88261
133151
142888
145880
147315
151105
151223
159896
183939
185027
189454
211687
219845
233829
244677
266026
266727
271561
300035
300638
301717
308278
334303
367400
370410
371438
372316
376011
380297
393088
397569
400882
416813
425837
465811
470185
475566
485429
486614
499674
527641
556553
566573
573843
603431
608347
612470
615156
627149
646599
649835
667408
684208
684472
689642
693117
697080
719232
723706
731568
732287
750152
756195
763160
781594
782001
785583
798342
805427
805685
809351
818041
823990
833696
836261
837930
860249
865785
869240
891274
892624
892777
900845
909831
912578
917414
947083
986433
6870
26196
37536
44956
59485
59569
63674
77918
87445
92354
94335
99764
113955
165720
211899
215282
235437
236075
237586
265546
272258
273376
275869
289638
304253
315868
348007
352211
356913
368268
376499
387935
391123
394596
397013
411098
430720
438640
467062
474105
490001
492462
513246
526461
529842
535320
561282
564125
570508
602074
608594
618143
624115
640369
641802
646081
657872
672390
686303
690568
720519
722434
732527
736506
754965
755494
787390
791370
791640
804543
817399
833108
834117
835770
837293
854147
858816
864544
875146
882911
917000
935369
946086
949555
952034
952706
974521
987230
991221
6699
10711
19002
21105
36766
59789
78980
80057
96734
106654
113648
115020
119753
122908
138836
142227
144976
171689
207343
221493
224892
236931
240375
281487
283235
301820
303568
304139
305221
337287
340200
392821
431813
446168
466639
477546
496142
497378
514265
516544
523269
528401
530106
535804
539199
545704
553921
567650
576583
578143
579701
583814
586814
604856
632796
634160
635692
639793
644001
653821
664685
676579
702000
705591
720203
725983
734943
745599
749079
766253
771740
789837
811841
818749
821553
831379
836004
836281
846864
853085
853696
854617
857535
861137
864731
883788
885126
886460
913642
950700
972738
979932
988872
991689
994730
20267
33817
35318
42155
49034
59226
68155
78344
78609
83286
97517
124435
125839
130732
138936
143596
148209
148612
174149
184038
185278
204011
209492
213790
216899
218039
229856
232327
241775
255661
261410
267399
273175
286633
308747
329384
359300
361162
394106
395359
409041
422965
428386
428720
439050
447802
452491
459482
479937
480352
509819
516314
517227
529774
538141
548207
551691
568064
599887
601457
602478
610993
611235
628715
650641
655958
683679
693857
695948
717963
719767
724860
728794
738637
743818
767666
774997
795464
796210
803275
830242
832410
841563
849288
884734
893566
893726
901854
908934
914624
919986
931591
951169
957469
967632
970011
975794
978204
984558
992169
189
18473
31497
31818
59464
75945
81596
87197
88342
96850
97930
134704
142335
144893
147590
155654
169496
171021
184446
201221
219467
225422
244966
247531
269909
274256
274374
289904
311598
319184
322845
336601
342013
346913
347084
366764
368358
368448
371588
372120
377322
381037
391284
415161
417903
422863
443200
443858
444418
447655
473404
476750
485726
505706
506451
508260
526441
541321
556319
561644
567130
569758
590971
595830
604046
608303
618728
619617
643580
664708
670941
680172
693183
696539
702282
705290
711822
725190
733099
740087
760960
761655
762671
763060
772227
785166
792123
799150
818918
834066
845897
846921
856543
865001
882769
883808
911387
912069
916234
953751
954773
956463
957225
970258
975258
976227
977861
980652
984237
987206
987828
991272
1626
24146
60934
73852
83979
85206
89310
89438
99276
103215
106253
106387
117972
124481
125991
131278
145395
152943
178122
188129
189655
207128
231541
231808
247131
248478
308153
330815
343199
359745
370319
377085
386188
389262
401186
403082
404391
410048
410570
411437
455219
485074
490578
500947
509745
524216
524226
525013
530067
544519
547582
558886
566656
578382
585150
608732
612963
632398
657206
658693
671475
682423
696413
700700
701003
702251
703201
706542
714239
736832
752063
754982
763981
768782
770564
773085
774631
790685
803241
817763
826459
827848
855426
868146
875616
885875
899159
900338
901225
903457
904086
913824
963054
963392
982410
982993
988957
993021
995524
996723
999119
552
4037
5035
23273
34741
46095
80245
88995
91169
123000
137746
144639
145960
206469
221221
237133
246304
257390
283391
308886
316039
339818
340813
341376
352096
358284
364537
377241
382374
383089
387093
387628
399790
401145
411153
421073
423416
424033
430785
447451
447924
482762
484474
485107
490791
500736
503259
524209
536711
539599
541011
551584
568171
569900
570702
585849
594584
607641
618418
620804
626527
632333
649528
665878
677293
680177
691647
693401
696360
696823
711255
725185
725966
732931
736736
737813
738006
741850
742176
745864
749296
755716
757100
765232
771487
782807
799444
800299
801633
811976
821289
821618
837680
843528
844410
849645
853442
853924
854302
856802
882288
886315
896304
915302
918465
923790
932613
963944
967250
986401
994834
7922
11455
19352
25420
29232
37533
40353
41416
45108
56528
57713
81578
105596
109447
114110
124390
125358
132643
137106
144780
146431
157577
174194
178206
179492
185980
191928
194707
208278
219005
229206
229870
239995
251591
257943
273492
280495
295327
328941
346902
347175
359709
377299
382571
386855
393801
398446
401459
421027
421215
421340
431380
433419
443587
457301
459368
477531
487146
491790
496073
531847
569866
581328
587160
588708
606394
606449
607644
608951
619914
620175
628401
629709
634175
649757
664917
675333
682855
692382
697877
704682
711823
714153
721612
731134
795247
811735
826280
830149
841757
846127
851336
853983
857726
869153
881920
887529
895107
905688
907611
933118
941401
941809
949435
954816
958709
970002
1799
2897
14468
18277
25611
39808
40819
41894
50329
52307
53183
58099
79145
92329
94310
107035
107969
115453
123006
126990
137871
137962
151407
163099
183092
191694
192050
203885
204669
207516
217324
219767
230914
231041
238101
238751
246826
263478
267363
275251
281341
284432
290271
291437
298612
316936
323811
326755
333853
336634
352582
358181
358666
368258
379635
390406
410759
423908
449773
509561
518437
529978
547130
550607
559888
567887
571799
582421
607152
621261
633136
633206
645668
655593
657140
666879
671854
680031
680415
680431
697600
709525
720889
722696
742977
750752
756416
761192
777901
781147
781647
793921
858603
860364
873671
909959
918051
950032
953798
966544
983197
5888
30188
41642
46578
49537
95981
99260
105887
111596
117600
132364
133638
134417
137199
148404
148505
159843
196797
205217
218538
232286
271406
295203
302515
346108
367907
380573
388591
398243
415008
419263
419354
439882
443724
467021
478203
493104
497168
499287
499735
500506
517762
534667
536904
538910
546475
558785
562229
564342
565555
580398
582929
593869
596318
596561
597340
603696
609022
609219
619835
655664
658610
669567
676701
678010
685437
691677
700068
702069
703171
704762
705000
705315
723967
745478
752307
768596
769892
800309
814865
815909
828065
871261
874070
885332
889544
895189
934922
942841
960447
965828
973679
975827
977946
985179
143
13197
20310
40687
71283
79775
125442
127867
129601
135626
158982
175853
183973
193854
200105
206037
211865
262907
264464
265863
283747
286521
305229
308963
317586
320782
326113
330761
332630
335639
340429
348747
356613
370027
370500
377952
384874
393618
402261
409531
410952
417453
425838
426261
431359
433481
442262
442623
443574
450956
461132
467548
468112
468635
491057
498541
514053
516462
518493
534508
536019
540193
543044
605387
611233
614023
623942
634531
641348
702115
711753
717734
725009
744641
766544
770196
775463
782157
783880
868436
878356
891846
899914
903183
908576
916112
916498
917195
932002
934460
940728
950696
954684
962419
967425
971026
978828
984022
984590
995136
6264
40779
60066
67339
76494
81349
113662
113928
128165
131402
151765
161696
162303
178668
181663
207795
219129
233441
244099
246103
252713
265303
278071
294492
308816
313676
317259
334366
334823
348288
358308
361843
377133
390601
394257
402943
402966
416236
433001
434070
440753
464600
464628
478710
486177
516629
516844
518232
522255
524354
525000
536260
572980
583865
584429
592194
598070
602744
615658
625561
638050
650098
666450
682052
683648
720792
727887
761118
780129
808331
810685
832137
833190
835067
841718
850671
851498
871883
877376
881357
885961
894615
896541
905907
907422
931332
933020
937499
969039
995077
504
9133
10556
14118
31746
53062
66911
72589
85140
108178
109098
111375
121829
127219
132547
137717
138312
142024
148452
153839
188702
193456
193828
194827
195987
201099
205449
210097
227594
239646
239912
240968
277465
281158
290987
295026
302748
304693
310553
334405
341646
358418
373017
374134
376050
386696
443550
453537
453712
467567
475330
476708
484489
497912
498747
500369
500437
510873
516828
518897
520787
527404
528517
529078
531619
568581
573746
585785
593781
602916
613980
614499
618158
637973
640838
642190
645433
653423
686431
687913
688125
693872
695118
717422
733122
734089
738607
739623
740330
746632
746858
748038
757030
776908
780859
799410
824357
833283
835949
842292
843172
869347
873617
874016
877533
891388
907757
949275
980925
995567
996430
21007
23235
32234
32690
44026
54481
59992
71042
71730
90376
92163
114899
137233
148436
160711
167599
168724
172905
175531
190825
215139
217532
229173
257357
262197
270276
283814
289447
292802
315106
317825
330344
337237
348078
348264
367154
382003
393565
396320
420185
438550
439366
452971
454422
457039
459936
462562
464371
465193
493238
522774
527752
531976
532666
577327
580220
584911
594037
623833
624718
641469
643403
664632
679168
693624
718731
719599
745279
747797
748430
758193
765343
772253
776211
788008
796769
796836
800715
815566
815647
832064
846701
847079
851158
854375
869788
881471
882964
890038
922628
929552
937589
959927
966374
6087
14749
40475
44306
61054
91899
93332
95937
100551
104174
112912
113303
119013
153367
182728
184323
190032
195535
196081
219096
231169
232463
234801
240944
260116
262863
266806
274148
291550
308295
343805
345613
401777
408665
420064
425447
429610
430843
449669
452171
460785
477984
479422
485844
501681
505198
505802
530804
534165
538599
542139
545708
549940
565274
569236
580011
586573
603203
607789
610748
638169
646399
659182
667010
670159
683430
710157
719545
724269
725735
740562
747015
760991
798215
806459
818509
820703
838328
852922
862891
884127
900241
902569
915158
915986
921918
926793
927588
931412
967289
972579
977935
983414
2029
3338
21556
26023
32914
48536
64752
73998
82655
85614
100321
100917
101424
103818
112762
113988
115814
121157
124343
128527
137814
161442
163976
164015
167208
174095
177984
188678
192596
194997
195787
205713
214644
227384
235038
260382
271321
288029
298529
314136
324820
350528
359717
360852
390238
392516
430052
438253
442409
442820
446440
455447
462752
478042
479908
496834
504166
508536
519283
522458
534858
537634
546390
552603
559460
564340
564486
566496
571604
571899
574891
582015
588808
617715
622446
632923
636776
644441
644513
648151
650728
658834
683397
688463
690975
691709
697298
709638
711117
720083
720293
731312
735266
743468
753617
772257
784712
800614
808900
811900
817417
827256
836081
855354
856477
866022
866272
868847
882097
887538
901749
903314
905971
915541
936163
936430
942487
942522
958687
962270
974074
986218
22514
26373
35297
36961
52877
58142
63054
64413
68431
69598
69890
81879
83162
90732
92540
111297
121488
130428
132479
142025
157239
160480
164027
191779
192447
192811
197055
205106
217591
220538
228621
251871
254532
271806
279701
282328
291238
303928
308378
308884
324297
357168
368223
375128
385775
388584
388630
411654
418500
433063
445446
449594
465286
476200
502079
508099
510392
511133
511828
513562
515804
522826
523991
548888
556878
570251
570336
588248
592413
595479
617066
625151
640191
644728
656508
657469
659978
660066
669780
675838
679205
682310
687495
691308
735736
736251
756112
767616
769190
773953
780349
786774
788421
789014
794733
800905
813541
820268
831180
833830
843917
856572
860869
875990
890758
893250
931015
949667
961049
968706
2023
32291
67826
84711
112265
123886
127401
133507
138940
139029
154826
163243
168650
174855
178612
195006
198298
200134
249590
265524
266868
280930
290889
295816
298691
304715
326187
327695
328562
329729
349792
352104
361194
368522
369674
389587
407036
411589
417222
449771
453625
463238
474717
480115
485891
488475
492147
492845
499844
503264
506730
526278
529710
544574
544674
546314
560889
560974
563054
563866
595892
608920
645970
650584
664471
668377
676700
678707
681669
723671
740256
740978
765791
769462
800391
800811
804976
805233
811891
850927
855602
866172
872416
874419
875496
876800
885125
892554
897975
899259
914414
931045
931957
938750
946370
959355
976386
987250
10909
18697
30635
32194
33416
44693
67761
103514
109555
121893
150615
170355
172586
184882
195975
198024
220337
227842
230244
234638
236900
238034
239214
245424
247915
249441
252346
267903
271401
281082
281265
300491
308395
316302
326793
328979
330119
364354
371786
377771
387523
390437
414134
421974
428040
428384
453782
466883
471447
479302
486592
486922
499303
504612
519548
521304
529315
531208
546140
554156
561177
564346
574346
577302
587933
590154
608396
634289
635172
640323
642454
644912
649903
657876
660545
666865
675022
680264
690413
695837
700555
715155
715431
726378
726389
760633
765622
771054
776738
785422
791337
792693
796982
798634
799722
806009
843281
846730
846850
847998
857186
865376
877423
881745
897864
903597
916686
941165
949387
965244
968553
974748
975622
978500
6296
17220
39608
41821
49868
57094
68603
103434
106786
115243
115877
120038
125802
129905
162048
213002
213272
221404
238091
239469
260336
263579
265086
282802
307396
311013
314594
318945
326873
328743
333788
336240
336677
352680
362870
372389
381772
384198
419847
427442
441990
447527
461997
485738
498825
500671
512370
514484
525472
542113
544455
552675
563132
566387
576753
578588
600394
603755
604898
608384
620756
624916
628360
629591
631128
631185
664975
666196
685663
696573
699790
700527
700676
714461
717946
720126
722446
750140
754198
777349
786891
790273
797166
800154
807764
830764
841306
843450
848338
849562
861321
868529
871176
889139
892981
898828
899438
899469
907158
933369
937055
951335
953166
963089
963536
17215
36282
42918
54521
67077
71513
76477
105764
119389
120145
120784
122655
126936
138453
139299
161406
176568
179744
184603
206842
208892
212273
224113
233449
235882
245781
281438
291445
293388
294362
314421
314839
318141
323240
325127
345570
355179
362459
388798
399182
399361
403050
408389
418908
429425
430606
437559
442027
443471
458000
517253
519248
529316
531726
535461
558459
571913
582363
593495
600036
601375
612339
614865
621023
623527
627513
642936
657306
670522
672440
678382
688250
691109
695550
711438
713879
714627
723363
729625
739984
745781
749050
795434
802870
806238
815729
829443
837768
883750
896611
906948
907855
913860
941477
951356
968415
969298
977904
239
7573
7923
9686
32592
35628
37677
39746
73637
142883
147129
148069
150988
153427
154214
175574
182887
187071
189778
232856
233061
271030
282473
285435
301773
305007
321133
321525
336472
341908
356608
358401
359365
364710
365323
373626
384698
396958
406801
431946
440746
441125
446517
464932
474704
475888
477390
478379
489889
491092
521245
524022
544327
558444
561505
569432
575705
582462
588509
599557
606807
607325
609909
613021
614811
625622
637266
658762
671721
675756
699516
712581
730954
732951
735368
747094
749969
775959
775989
801362
836281
837987
842567
844543
855432
883626
892896
895351
918672
926047
927256
940111
941717
956793
957460
967928
973943
989204
997676
6366
25286
32279
69377
88881
97017
99265
106781
118092
124539
129488
140189
151129
154713
159887
180493
186863
198870
202662
208193
222745
229067
229885
233344
239577
246329
263446
271456
276523
283418
289202
291459
293494
315166
316804
318272
333012
340188
343841
348366
351204
351284
371230
377541
391637
392051
393713
399067
449503
450584
457573
477456
493073
500555
507514
516385
536056
549546
557144
558882
582880
616576
616685
618934
624138
645617
649112
651016
662344
669565
671437
701856
706163
717383
719584
732044
742705
748213
748917
780061
788367
788489
816408
820210
869831
891124
892219
894991
899772
906745
915067
932080
935388
937576
945985
960414
979845
980763
988361
9749
19206
22213
30464
35834
51998
63630
81416
118187
123138
125229
134490
147460
165007
181772
192872
197172
201734
209372
220093
232130
248270
249133
249859
262463
267174
288655
295894
303979
305178
306355
334066
373246
395137
400745
402690
408291
427743
429697
437992
463649
464357
477178
485612
491597
505851
507500
512035
515363
516058
517069
517611
552052
580811
586756
597771
602111
619138
623541
638787
650652
661864
692741
695388
696199
696534
697672
706982
710507
726662
739143
743864
755568
777709
784669
787145
795979
796591
805838
822233
822345
829999
852855
856919
863911
881522
885704
895918
910016
926918
931668
938092
941400
944802
961216
969851
971392
986214
991565
994106
8649
11283
17773
18926
31929
32805
38873
42397
43102
43730
62899
70377
98716
102102
109396
113990
153460
157750
175963
179124
191204
209035
221265
268937
268959
269319
269733
273078
289202
291854
313661
314921
316839
323262
323914
337276
342836
345723
356775
368598
371803
374335
389124
395761
401871
406273
415566
426316
427421
428015
430273
455941
462203
469422
469702
472927
475354
475417
479759
485703
497519
511195
531864
533635
536754
553968
564168
610867
620388
633241
637995
646742
652441
659263
684158
693283
711380
715624
720713
722643
722852
723237
728435
738825
747823
758111
762309
769057
782333
833624
835993
843651
845635
852945
859677
865571
869970
877724
878177
881855
894019
894507
917059
918294
918494
918747
932610
932661
936398
943779
950163
958991
963666
971171
978247
986301
988347
4171
10900
22943
44013
46285
48008
56020
59419
69417
73529
74733
80708
80738
86464
94785
98957
112498
133570
136946
144308
161285
163692
191478
195848
221661
252118
259331
274266
274825
290154
294865
303397
318397
327175
351160
373452
376090
385559
401823
402183
409257
424037
428971
429705
430892
454891
458312
462828
466684
472461
502267
503542
509087
546671
563524
574542
627790
631342
635456
642899
650540
659822
681409
683450
699521
711755
723198
726772
770968
773610
777711
789910
814774
829440
838318
859973
862260
898851
906668
909162
909390
909647
921133
927361
933599
933771
945463
958786
970470
980500
981173
991051
991512
3290
7495
12855
17020
21794
35253
51430
53053
55667
66551
67771
76412
78914
82797
83394
106660
125231
127422
145039
149524
154229
154682
172205
181003
182960
201834
202791
214126
215995
223560
228828
241469
254644
275048
276412
277300
283089
285798
322210
341244
345863
370471
382532
382565
392711
407455
432862
442105
447403
456783
464289
473600
486655
487717
488386
500607
506801
519985
535554
538774
546732
549573
560666
567785
569967
574369
596681
612271
622567
637913
643571
648437
662615
667395
674936
677083
693519
707249
725195
729192
753348
753854
755176
761154
791678
825082
827472
828779
833262
856021
859070
863338
868506
886341
887101
889855
906900
923399
933622
935398
945641
958858
980645
984267
992982
993125
16433
17625
23189
30126
36865
40658
110436
110633
121785
133520
134756
135617
147341
153547
161016
164637
167379
184587
189058
208514
214348
220741
234924
239776
239977
243923
249071
250501
254249
263926
267646
279257
283675
308799
322042
335169
339086
352735
384048
384155
396047
405820
408609
459888
462143
469921
469934
472155
476970
486988
488205
502077
513841
516112
536344
567469
568529
572542
574164
576215
576374
599357
612407
624724
631234
631670
633070
644117
647136
664260
671554
688369
692532
697385
701743
702175
704369
706513
719737
727724
728624
748208
755088
773890
831208
833292
835696
841986
867273
880377
891577
894036
895188
899724
904120
913968
921734
932089
943696
948672
954735
956634
961858
964334
998350
3891
29051
31505
33374
40679
41426
43391
60226
68072
71321
71337
100940
109388
125121
148959
151427
160314
165926
166493
168877
201920
207586
219194
219814
223552
237867
263220
278887
284484
293308
298384
320476
323490
344702
346567
372219
373796
383916
399034
399812
403927
407485
410746
413410
432896
441038
450684
451402
451585
465470
470979
487380
492622
497526
505752
516612
532669
533654
554585
565331
579633
593621
594175
596135
609215
610550
615418
641548
648907
649369
649518
665742
669052
678229
691400
696420
703484
705932
711368
729467
729537
743766
745312
749932
751708
760573
761241
766196
767015
769314
776768
786297
786936
794261
809864
812585
831324
839227
844467
865791
895478
896192
919461
933985
943654
945768
953301
953922
957621
981783
984869
998900
999792
57
10797
29419
31805
34667
36959
41589
44455
54798
57398
61062
96456
98158
104163
104944
116205
118040
151495
154399
154599
159081
168367
168700
170315
186731
189923
194612
198328
201703
222695
235847
237294
253911
259493
262351
267462
273217
277460
283650
288774
314810
322673
326323
338667
349340
349742
351787
352118
386161
399627
401413
438184
474550
475730
483798
492916
509550
534240
536797
543860
545440
550825
550954
557286
563008
563317
581941
626848
631307
634875
650140
651447
657846
667701
667793
673655
700249
708748
724836
751711
761265
773701
776666
777748
795251
830536
843154
859599
864764
865955
880696
929421
935475
949308
963178
976041
977625
983524
990413
991736
998693
12614
33093
54402
59957
64083
64119
76652
77148
91247
96040
98463
107418
113453
134701
134990
142275
147255
154914
185427
197380
201192
215302
227348
243776
265975
268227
272774
273554
296036
298329
327641
335473
340149
340497
351079
353316
358485
359845
370094
389199
396577
413228
423908
424890
450650
456673
460809
463978
466208
473278
474201
479886
510580
527229
541357
555420
561897
562142
575093
582264
585470
590066
591747
594219
599138
616930
640066
647834
652884
692393
702207
715622
731621
736229
742355
749031
751915
763188
764219
771819
775715
809535
811863
839357
853474
858148
860965
883007
894357
894571
909547
912208
928408
950584
955648
963776
977586
980179
981337
986146
994561
995130
995797
999864
8285
21416
23268
29654
33130
43427
49533
61751
78577
98058
104617
111333
111936
125351
128948
130811
139112
139128
144078
154317
168753
171172
177418
181688
188180
193131
204606
210420
218093
227924
230763
241333
243769
246192
250033
267216
268121
304448
330646
333563
341598
345775
350806
351375
354037
379282
392448
435615
448453
478564
482099
484698
485999
489284
489491
503685
504887
508277
509408
515062
531365
569960
576754
579723
587730
618190
618571
634434
650198
671538
677181
688961
693560
695352
703025
710194
717655
719235
725019
730731
760867
761087
767878
771680
774659
779325
792194
802616
810052
826207
829632
830646
831901
840240
854704
873197
882192
884297
889301
889794
890594
896664
899980
914920
917963
932698
983893
986731
