10000 4979
207598
217708
764291
614349
583454
36997
572373
842012
144660
964949
150923
284201
802007
458229
575254
139263
815000
908977
723548
455664
568799
328595
540916
927045
893057
352533
378691
601413
531746
87477
640344
512467
276471
93308
602912
672110
381665
839124
439277
470533
550304
765289
715197
354339
980371
621466
913876
502292
604845
513243
629243
210544
104614
550469
818956
442501
866182
920780
163073
197363
368972
852675
783950
783644
161810
415603
718646
595358
144460
136532
709858
963624
906454
886634
112286
545336
200998
634825
372123
954205
525787
975488
108601
793861
289125
268280
299799
314498
564272
194637
523073
767393
688730
10022
570944
860313
662288
355319
848018
483161
657011
362243
841176
217529
621390
523642
991014
237186
405845
794699
648393
215305
654423
615463
565526
332329
739691
210395
337333
457598
841083
854475
944136
669729
431314
559599
848027
401622
516365
610637
472644
8564
281300
207938
665890
686293
727949
419815
678391
611873
998921
808543
792768
629796
960806
214059
688302
45440
545814
222208
167510
838039
476796
841507
425848
499839
829741
29336
727482
880590
928691
702797
651430
655205
350574
579365
792960
288998
373008
851357
933054
825329
997264
76911
437615
4541
962574
109053
523237
349456
959581
389580
743058
866411
521314
333176
70534
504863
25159
658661
355682
968078
393297
570774
606064
542884
970034
713607
5238
248060
841925
644096
916704
674731
212461
93199
236246
919859
615414
333678
812505
446703
397670
357691
218456
886869
826453
575923
380183
565988
4391
61482
639842
73717
783298
418081
154974
875148
205356
426236
378411
262426
923143
228282
249728
467903
283509
517050
708615
580348
751724
881838
930898
692710
36575
615964
739702
882143
511758
351211
990046
928880
433439
815720
358918
677054
351452
165415
172431
914589
463986
919375
937620
477762
628867
591592
327287
258930
189211
979113
705732
210539
727710
617926
881968
375500
218519
564588
784395
453945
330179
486841
561219
307970
546248
311437
749480
220354
575455
177450
121719
318053
159055
957096
200219
962443
790857
989541
895691
514381
54653
243346
846949
379974
923363
286690
940169
172038
948368
649057
203957
667468
59726
391039
73482
142744
220673
902372
50555
967677
912362
146765
959548
45469
634186
699245
759079
481011
96462
676454
109408
998565
35518
977123
959154
13422
430477
79167
383022
42994
18028
845640
587617
158668
502760
383306
612886
615589
726910
305352
687827
494782
890353
60948
328501
248489
980966
29328
381238
362454
912046
800575
774766
793380
370864
869961
551293
463552
633448
152367
274835
242561
948082
525702
490432
448693
89387
639313
208834
935983
953864
310119
98863
389178
792177
488872
930669
32596
462321
630417
224472
717260
697516
821425
453061
624798
983008
106029
937097
508939
958635
853652
468077
434977
44848
689334
879357
795772
864118
253530
26734
317072
980154
417190
792652
769463
119101
345529
762811
813691
38148
888688
351533
50705
683613
5409
28281
106807
766251
576151
29276
654934
962444
690238
823547
734557
787557
124737
983387
758858
801146
553568
921146
512028
95888
2934
763799
216436
828227
867858
906975
498718
820570
900470
95099
481148
52587
643385
300000
82381
543539
966835
657453
875688
900476
165082
83667
283377
227499
520601
51920
550401
355295
997029
788148
507382
957617
359374
81030
949981
83324
31220
57940
926306
91371
840667
873021
631081
792390
269864
800721
650487
36320
902095
702735
503622
736664
811200
166169
775317
779262
530708
667823
833360
554135
562092
356480
610139
536174
381065
890990
254823
537869
666853
734150
435863
845124
902792
666200
549441
128063
376539
82561
173942
366327
218805
194371
129328
115648
712295
574097
433035
425735
192092
595918
411517
39348
378126
551296
737255
77000
167094
333407
337365
885128
373095
718231
374120
814022
38485
906512
831009
169140
195120
791995
792278
449179
71480
936336
536646
693585
568652
395116
819319
22897
7929
534128
816783
987566
164930
156906
210654
649406
563614
374572
374853
961112
118074
403555
432371
74681
669023
790491
628263
345257
664798
631731
745301
626166
136877
326691
993500
585090
222056
502475
184916
967398
272882
952600
313809
506061
910962
817666
95165
135335
282877
833078
370306
549198
453734
807964
965367
775397
335678
980859
893440
49193
701408
643155
35208
616285
391951
786456
35562
890840
568018
285527
556792
948004
679961
423140
501727
815384
419827
95535
45681
723203
654063
323046
438531
94829
768056
160872
749025
121200
989505
974914
717240
653322
591625
266282
623601
279626
785673
237709
505757
848368
159628
119106
1631
626306
665369
516338
927598
580124
698806
924431
59657
662581
393227
653900
96522
733232
497814
795677
936731
27293
677176
214443
41323
36233
50864
724131
589582
957228
125128
254107
483646
479376
903089
17031
788545
259962
569065
409635
3969
825073
720625
146208
471876
58623
434223
21425
197878
753900
768953
900827
714456
87522
370294
781435
926555
751608
58071
4903
611707
387097
479234
777436
221769
512474
246154
676357
362040
502650
843045
473572
610098
901515
890396
635940
797803
745194
991021
764466
550659
65447
288931
665258
560905
253942
976070
852469
290330
461922
704463
731670
310456
202988
932305
864033
31101
112317
546395
740929
465729
502713
309055
64197
360763
692566
854561
760197
944165
717236
605232
640788
832694
688322
403199
600495
77995
368277
266232
369457
513614
334934
188372
365821
859365
329632
127595
577862
692081
782765
169941
320847
189534
582759
251723
323189
103833
875613
957105
844341
433651
62151
19049
285076
573422
289734
550233
254205
939800
818431
545847
7641
804915
241569
581659
57490
538412
319451
604181
19423
958191
126966
378609
947357
615776
799532
923447
37866
755237
691270
102272
830777
548952
573443
703833
309964
407779
183259
539726
909606
774466
799405
459046
410643
644592
500873
87683
866595
811353
731458
571844
495164
634903
930228
995203
762143
928260
45395
452229
140925
781697
741213
258337
261795
440094
517436
710589
699433
132014
95762
72269
678119
617631
629021
122019
370808
700880
841317
727632
602110
625041
716864
616721
493135
667666
965544
52547
490611
728013
880101
529676
23057
277517
53279
416191
912955
445180
778599
839898
728918
201856
309166
222036
412664
433993
659493
239566
943292
583630
91609
563344
693191
889336
786938
86738
213883
898300
32617
468973
689449
562478
824115
89829
603446
196944
100100
80045
925228
666134
227121
965229
991028
413113
937175
5118
114824
792508
341762
347140
482233
618722
237277
69488
821540
577772
770652
976503
443713
427574
975390
721611
889348
879323
98559
228260
207068
86303
691936
983969
216299
579134
582666
324522
732377
434803
524496
946652
163328
202811
835448
135248
448792
552793
748804
169359
565623
285659
918715
895043
683774
30385
546345
144944
695175
977456
813745
545383
925123
191009
818863
838693
686554
514615
439972
868698
77113
520453
682680
136494
877255
483409
842943
991096
639540
198115
456988
864670
352272
14291
115940
252946
527757
988455
561028
606090
369642
309892
806769
488348
872594
281365
97960
975670
392311
525814
610384
175873
831988
113270
102004
440887
154250
155485
981301
51602
189466
48139
278616
349441
87661
96209
777687
800627
81172
815371
325657
464898
986995
254854
885763
347960
649319
475000
147239
332110
917027
28249
563884
383323
465220
560498
562208
614263
894003
95154
909572
725484
563106
85219
808294
125936
978161
639918
848007
301293
423533
170427
579306
142446
94032
491570
400390
92818
80993
476527
304871
963576
354708
668920
916706
72673
417274
855504
199494
152689
59697
855095
122669
17934
261567
373376
26055
220313
891517
733475
525855
4055
780041
202732
282498
872166
247115
521740
674595
579833
148396
291100
613858
144642
787535
191944
376812
453916
296849
507928
772554
213074
643826
635979
873763
223188
907078
927758
611363
724073
544138
921648
217505
986358
900715
427986
115977
207809
845948
783462
311018
457830
962265
212279
554243
728585
779335
936877
243944
578177
560676
296978
227483
387879
527822
754486
850816
353556
406045
773296
539160
273305
947686
582923
520057
770010
787426
320960
849624
788756
110379
748870
198015
610136
69187
920056
909013
39382
363619
12640
95624
967854
827790
400544
864968
670654
1876
690107
904525
855335
726369
460675
731625
495713
858321
120929
304006
714959
33643
948197
637250
703639
195004
82135
624051
144479
751240
394643
974874
796456
246513
340057
144470
770538
415470
961567
110464
359858
851807
206371
740209
617393
156140
706729
728289
479602
725865
8435
43382
67179
313359
331275
431332
893459
653932
942941
583151
114826
279186
978522
413681
308592
55435
612619
281394
379307
962808
301758
906439
527162
219034
354682
938404
663822
616680
863388
785331
995749
125442
827094
231792
514825
545431
298995
498498
79581
510967
493883
196838
781225
570608
773567
979223
115732
220944
315874
117934
185940
171472
968784
912047
878340
1522
348796
842535
359970
357280
892450
817117
343680
736078
826464
951908
704026
474590
992160
50867
362377
803003
302264
560510
444056
821023
956867
69275
117775
871520
859704
566034
590930
857823
236971
577981
423083
974561
523402
844240
334135
803504
928305
332816
108143
340931
961889
593033
586227
459678
731181
687345
187703
291853
855778
758990
690334
980083
309573
759708
892260
228405
929711
210790
342997
829486
14092
373507
869637
54106
581951
859512
437836
581926
432361
230589
221146
622769
724488
671014
288669
314304
250950
678860
685837
385573
555633
608095
937962
466419
205829
424447
642686
819782
142842
273757
838761
719723
114130
32059
629055
60175
306657
687671
579106
305246
940086
92036
568313
960897
574885
100909
589173
400999
607585
118250
534169
487879
161625
868872
231101
865825
927647
488486
40927
188353
735662
384999
618266
158484
458989
312181
309047
511831
669700
637168
751619
250277
582720
905524
106026
522577
268749
981839
134209
681348
869565
733706
965832
3835
226684
561269
751411
276615
625443
168589
850660
903820
909067
13080
511714
156121
590917
570226
170845
186564
736307
365663
654510
486294
46619
254694
534911
522039
75556
266597
361510
462785
736161
541623
504108
602515
682963
56180
592424
602245
493724
939184
553594
570237
511789
945091
874150
265918
91651
268887
702231
724078
772206
364938
528762
713788
492820
502437
205491
773300
493686
991189
199568
278216
969813
171317
404158
980164
524578
783153
813313
605361
117810
294712
145382
725443
937389
888841
840375
302847
191095
898542
486973
681652
33696
235647
649330
306269
833192
330727
1998
436671
608862
154128
304327
67694
414044
271406
226057
130899
49847
426872
807641
586980
993186
708036
214142
956168
941093
604649
166156
70369
615683
619909
943535
526709
584779
441351
775451
310716
965796
810983
18597
631060
661016
580855
266377
700647
649668
335016
227054
762575
539801
796726
303555
121495
283694
403767
832428
285466
986617
135852
693536
846497
966731
542191
664037
984939
240993
770415
641381
846562
277547
175825
470016
505408
282688
369340
103918
652727
950207
944270
977436
768079
417414
906702
924054
31484
21519
491853
274139
320631
504355
807178
58131
274993
241599
802021
37329
386861
448116
649969
912508
405202
991026
750233
921053
899223
363925
353406
313020
903812
147332
831555
300500
290403
440512
373622
365699
280737
221944
68608
616500
41855
23125
383728
966317
813690
119654
638553
973826
899412
35659
382330
693414
507801
645468
639067
509390
34332
43235
601609
118648
545461
917983
748098
382923
674714
219923
425031
74250
156226
442486
766722
66047
250174
984551
915962
623847
166058
651707
13276
959723
800228
611183
310909
223247
755277
857190
197740
885261
406414
170314
852462
901780
667375
872892
718753
591600
809470
386588
860769
103373
998971
660943
235320
3464
1579
622193
802204
92455
543660
609605
174935
746952
818621
969232
439234
113995
396219
400097
929524
222544
636307
432797
362312
663037
600552
598168
4014
671364
425209
190497
482948
370162
117940
900704
817985
312199
802876
37028
231433
170777
416387
968969
31156
573644
421646
819439
664330
96810
253074
888962
867413
64095
728937
743984
851393
677947
990071
354211
456239
908083
195588
611633
394380
707828
558989
205016
137633
305832
336004
530660
488333
355726
126525
647760
345934
425562
211991
452230
472988
286176
78128
119186
243784
216089
53907
756755
923337
685291
656311
642996
365307
892004
244619
111979
223993
352152
621686
81138
952872
418113
249617
169791
137194
62060
269458
948192
102385
746858
965650
74588
860731
750672
230953
38229
172115
414116
477209
724280
767482
27206
592374
848090
689786
366707
963097
115120
958935
449643
79986
105360
478605
672613
146079
674498
380396
201847
272393
799930
109748
838189
863942
352704
157110
321546
982226
687205
31004
290598
942231
29671
63847
275982
102874
727352
142514
49649
51003
113807
796301
966983
829766
654391
39600
169511
964831
137816
63263
73290
169712
605257
335247
618968
862022
762914
568844
945905
894270
604212
367996
221567
652072
657124
414775
327026
907416
785293
183036
821202
918234
153709
551459
402608
134859
354783
142274
246763
492537
562865
151494
747240
289848
985665
247302
488967
123450
292980
307611
675925
72833
263368
664892
58826
3542
509658
246273
210368
558917
59967
408670
740381
829225
23868
221984
123699
91467
611761
398213
572290
389132
178381
910459
823897
82673
88103
165941
560611
16307
476736
216378
629221
887425
446878
584379
451493
835151
644623
741723
465375
750626
119647
138613
614986
680655
698728
826857
105623
86134
597195
589758
626213
462364
538154
302747
511438
509836
847608
687659
561356
606949
99818
880302
713869
563567
373345
285211
305487
251677
963614
634351
538485
630125
592621
594777
571869
725790
65956
121434
146313
932378
760304
806263
573221
618139
496717
381224
995482
45653
152065
200703
227475
26512
605239
891625
554741
854984
766936
566998
280106
386495
876680
35093
97199
788709
88570
943651
821041
202186
740173
268424
33065
480004
647278
403100
912158
889808
380880
575224
375773
796976
71537
877323
547419
541314
896158
620117
34101
693992
70309
464483
946456
852006
953045
623695
996137
632387
846089
959231
407313
372137
968646
484849
512174
706359
478507
477822
450409
288206
510483
757531
320360
967568
342144
727217
672428
468192
220359
615404
36829
77044
630764
496235
3423
861231
325505
136406
567817
894672
581751
505764
43155
257666
623668
908133
512391
235576
369147
987785
362883
419588
441962
40378
410620
807004
161571
775945
615556
538538
438084
96648
36149
106608
930974
49756
489049
885618
900095
461815
918690
858358
762417
616101
524237
586129
38209
870362
328005
779109
718486
155453
918229
55809
279056
858959
895477
925422
645664
406596
648354
674893
9035
192089
647458
888402
281449
513125
17201
684437
843056
881619
58496
616044
630704
978211
614884
768688
389810
807809
181973
177210
493169
244811
52658
945841
500792
108369
906523
553696
323960
164752
768125
325295
419948
786901
494061
445265
139965
790047
509297
946163
289350
76722
512303
507062
29559
662422
859153
192416
710400
720523
983817
534083
474182
62243
664122
483028
137784
669810
438903
977180
523635
759484
534025
301028
37228
22949
188482
369864
114974
740527
834642
674597
698581
874397
217836
120504
666967
756740
485246
130541
983000
872733
720391
948163
274473
46760
607057
813906
747856
7795
377974
338858
169737
461569
938095
386379
163966
615081
182418
181514
358245
301802
569044
805478
329459
242048
82209
601596
830939
29261
14143
491382
566451
421166
316442
278026
587371
312351
510683
266469
933023
17099
788238
748808
209858
46015
194016
437548
334136
851863
22200
109150
358018
452983
484359
568862
539866
862442
926713
413804
568024
780960
746250
792882
458219
639408
300425
142582
360544
643620
820685
584857
102379
864166
658463
853030
825851
849291
454754
421383
983434
358345
697535
514627
516217
37896
680288
815030
164982
299357
692527
944295
83483
264459
906946
127321
803358
402754
123164
522465
996098
666102
15798
754369
941153
800490
725895
940961
941046
803172
396077
573369
190591
13580
311933
169783
783359
520448
43359
667443
81904
921957
193808
680903
821438
444123
380043
490311
330695
291232
674674
151581
76736
554552
731718
392048
115374
516629
663618
397568
986633
831095
281191
835145
507284
984249
32844
15093
129475
64028
258794
556518
677506
819204
171176
677877
816699
366698
994682
258719
501766
598673
911946
256851
644846
539045
726020
325202
97470
676043
813431
421887
54436
790843
514953
771066
392744
115090
137538
90566
656076
929175
818078
13394
697005
865798
574525
219670
36566
34963
449102
443421
164568
24536
516307
74857
734422
539497
996321
298741
531168
157740
847857
846774
12210
386086
865319
311078
709778
318642
151710
496977
20527
910566
222967
418788
391826
647821
514983
362741
822766
626891
375804
944310
564347
687165
644227
166523
477414
975064
733029
737969
90810
490498
865684
994600
222363
812471
203994
348074
101728
982185
353276
148304
373851
91042
627650
317086
726778
453476
346051
408113
6845
31533
461324
330808
312310
278183
216304
315805
906775
761233
954419
464786
912633
291721
411679
386814
137953
741236
158209
299409
296823
725922
751299
604547
257669
642037
274383
493818
852671
152839
18499
360257
215021
824599
476520
116451
902424
285124
152215
117300
892055
635268
905883
62077
65465
714533
4966
383142
219830
398303
331426
865108
257741
510094
791726
743059
232769
875576
587900
443563
250241
544081
866036
936811
588532
531779
91278
928352
62880
929383
654140
253913
825945
785693
221035
999768
880336
858064
211955
627061
584189
51817
690693
815394
57567
671625
29397
847939
40655
4276
677313
121500
995376
266662
899308
644675
890564
180858
366956
485943
795178
56336
666455
605581
731134
693413
255422
10166
740120
445083
672991
60421
186829
971195
853598
827633
340088
237664
630162
420650
514257
992513
936718
973531
908193
829019
946890
970450
903769
307047
931780
926883
303402
865958
640289
19416
505425
522818
158120
170246
544781
474386
507556
108167
530121
771690
624876
309792
785012
979135
644160
795141
205125
421040
986388
232672
710643
392695
98757
236088
477658
299151
741810
715096
447797
540083
528309
209308
966494
90112
240797
79973
562377
674844
407406
318857
602421
144436
59377
519554
302127
478798
892669
816264
819839
339313
433721
222095
22978
846204
991510
755916
599471
540892
497007
349722
142128
923310
585100
116103
292861
841095
260043
651730
671241
200227
555158
799178
502743
231827
213245
343822
140623
67151
523057
596755
872686
247746
297536
415747
897076
799612
190211
280177
646955
614975
968337
448055
505410
284548
317469
966069
589351
872089
289223
996630
872609
497496
958569
490397
814640
767748
964571
17725
368039
59799
194662
654714
29806
921672
818356
695624
148155
118273
554600
768413
889222
289556
63179
92997
164487
239783
545624
3432
760116
480610
746897
567771
956706
53988
152630
977488
357753
122964
71539
360932
28158
387275
762714
417947
45979
433919
420266
406174
222218
486453
380452
46598
151471
188639
519517
792020
617559
505607
172711
924052
765171
193599
20401
670138
250836
370422
716381
929248
118968
567502
782016
671856
351474
49042
144312
865535
587831
41517
658676
599435
388176
995394
349552
265833
550308
283449
64942
817605
205521
405415
772852
547284
809462
256642
598134
785635
367506
439353
948368
975257
892616
430631
925047
724241
941893
94556
149638
972448
899578
384717
702014
329047
461669
875879
111021
84867
76192
858347
567504
81195
746823
75354
358138
963062
133756
7770
291917
438841
455853
466213
731542
640469
735484
456245
217855
920452
10228
37008
633442
86287
494530
829081
878806
78283
805335
367290
765676
721279
201570
384500
976214
733409
268898
922673
84382
22540
929204
67128
909087
828831
902683
654408
501070
244468
730277
407540
402162
190500
246807
774509
438259
187242
135758
423100
375651
822783
122887
731335
529241
204729
612375
435074
650422
289108
527342
577776
14802
621533
739644
916014
517441
746427
124007
395650
37491
90677
410262
594251
490290
995527
594897
960462
712155
183008
560638
156471
150462
629048
823476
887965
624644
97965
857704
974731
365634
204241
671728
493308
964636
835919
461499
767308
619868
182581
595216
64503
900139
393530
302529
67567
764003
853202
236398
191127
77180
278358
954530
126089
35033
629163
724628
781270
751439
48068
888947
587646
387301
241891
792589
960264
833969
528775
356450
569333
756950
322738
952242
968079
977834
977283
310864
724088
436192
662421
159651
373708
367911
169578
360701
540156
362596
118986
705391
376016
744179
505600
201554
351979
296450
255742
117077
960686
884048
501868
236453
506024
632565
875597
213911
540977
478997
344305
35831
291999
491375
620887
216683
244162
896799
95082
157502
82082
812902
548295
65722
662137
887014
593000
150975
309033
768294
554204
176941
233819
218249
60785
67636
965789
286157
19171
358304
27880
856470
528163
995929
311554
981122
301009
337104
764777
475286
421551
535786
284725
412182
8154
603836
877725
833351
577656
539123
989644
595847
862554
427422
575271
36592
414171
528137
755386
638709
189886
835998
422209
597312
790335
271850
604554
911939
583053
288458
686355
797406
921428
431266
243704
132404
279269
914067
427575
852802
617579
94598
928554
272412
636109
278923
63596
569406
24789
462782
250785
389544
543313
381051
386736
243586
360215
769198
55149
272397
563279
632181
761472
268379
184508
138304
623606
888854
487329
903815
601222
385815
575571
217709
623814
76126
599962
288604
8373
51847
844224
252037
495952
298092
151502
169070
824761
93735
327239
629315
573137
950696
542853
2980
973043
171537
28717
871306
902203
987818
570345
600332
608579
715232
717045
18135
516227
307006
970356
226456
374560
222851
274914
429723
2503
58052
126907
503887
406382
34208
263812
2401
464084
168798
757218
14946
462814
573530
360817
908063
100018
752804
919765
256034
495621
331618
478110
312249
881474
557553
389809
877652
137117
75151
467477
254004
937087
883416
290005
718444
149608
625777
192580
418898
260129
940494
813488
461723
406258
884959
86431
613588
645098
394345
957375
185340
66238
66046
136454
43261
126156
379871
39982
527941
914734
793840
295976
830433
140146
374355
490857
775707
202339
480957
452440
454337
98828
545321
501196
406882
242440
322167
519216
443428
898435
96742
343508
349784
343504
4205
418694
574003
430051
58153
166312
652848
466576
933236
21673
565865
378581
200805
257645
366907
44001
517532
150814
666747
34089
214460
910022
928330
560462
627377
836742
508772
996786
395218
180952
872931
838362
665486
14786
503425
761348
996033
273671
649202
687807
571400
352202
514739
427867
842011
743474
62352
55855
567179
689004
40452
734261
863667
991194
685908
965067
106500
502157
456633
273878
61613
531607
921595
629281
936436
346533
391979
971843
99545
81290
685554
174036
694102
681686
960234
110474
106703
195371
675389
842569
601050
424917
486103
185728
832552
494946
961136
694959
122404
839050
765990
730329
354054
565180
439647
42848
792674
344033
929683
696775
897754
147469
643708
963048
348453
769208
657386
554773
433035
340017
506297
3766
625777
69038
232729
127750
436618
964316
975464
847973
753207
524796
662099
52187
378724
172917
915882
935317
543614
309393
649176
920437
741844
471401
273838
912474
481016
284434
726677
524239
739414
861851
837182
204672
841972
906900
189559
240634
875070
908980
549316
492185
503936
621283
479644
647939
753254
979418
497746
751280
854614
602556
669376
734501
428751
691225
362468
882518
527016
21786
468633
839740
484722
414829
375956
403733
604563
89598
372813
766850
620220
139273
558000
710458
569192
235258
537027
964735
7679
321678
288230
762760
688567
318997
589797
624691
901571
298155
769541
108903
261689
324842
277559
401040
68089
20972
713690
854
912053
633018
696255
312579
686683
606488
518271
668453
499540
212884
366787
864266
671606
547775
600132
111671
411567
268471
977613
495946
65140
894929
733682
897329
607096
574341
893809
491921
843646
851769
606962
146263
159132
819395
219664
606006
849870
923841
65283
540922
266377
885271
268962
721250
965366
1131
406462
913742
363145
710571
204655
730268
753710
124778
472714
988314
11141
238937
967905
840692
5246
11980
927803
79216
780630
592308
51239
664817
513180
81964
601823
211734
892601
623266
428927
265675
576076
489066
607768
627585
933255
540334
855909
748423
511227
594751
19291
278412
5436
223802
513187
973739
641070
656772
784569
704715
248995
194408
233735
342714
800827
252734
128882
351191
358459
108977
607135
320617
716951
565911
587603
486152
502090
878956
86271
260950
593257
859257
664889
558118
440371
363916
892861
94115
564098
824961
179633
133252
633897
554993
426140
374211
119605
589182
46636
756005
863208
474082
360225
350249
181550
725851
47680
715843
736206
165371
550134
608137
650698
370435
140717
181850
604127
764688
729887
328116
481217
421302
151006
646416
294812
97037
145782
645718
21789
946390
853101
440000
340380
980867
372420
151742
213669
519846
210749
138971
401773
713159
818319
55556
890444
599864
566466
445333
907965
582264
295331
985541
597145
88483
810999
809003
21144
563692
313645
959777
468239
592658
16216
780641
974371
431080
68163
665599
388667
558054
186854
411963
768080
187564
736104
687021
623596
591792
945864
196087
983221
842311
444941
662486
440353
420320
444171
41394
58176
866220
315690
351655
469881
438205
515795
838876
236616
184397
396149
2679
887888
713067
345750
415643
370633
196968
111310
640473
535505
73529
361912
382129
865861
961697
694193
474747
382984
218585
694566
877922
736211
272154
503875
391541
114941
147779
458649
455394
996072
575327
823633
409753
128617
399298
200461
444041
272674
250420
865943
271043
429316
713495
800339
698828
944647
248323
94831
680525
526455
185489
754557
343400
641260
326579
422533
266068
407489
714358
848753
28301
359157
531709
193350
73026
398325
486955
632205
844480
35413
259002
493363
694247
170062
151492
244906
713468
445464
181968
169932
911514
811012
168826
213343
682708
359551
841075
626626
184007
254167
339828
17535
26867
627015
403433
512619
561567
635245
439823
93326
647215
604449
622070
904290
338340
306706
192776
134981
149753
29819
966082
103449
429968
552379
754204
57052
998617
984733
24298
116103
51607
95750
717000
460635
801004
881215
328571
369861
422166
711019
811769
248449
450906
385400
707842
651144
746128
922598
689775
744296
576173
174497
586152
407099
416857
609436
980940
334434
258726
31157
592585
215478
371134
91919
784245
969410
980790
982165
182450
958990
501868
799210
198605
521296
913208
92227
429419
885448
797037
460267
500284
476259
813190
434289
531698
741014
846670
465336
817045
534899
167660
678459
621306
508084
72077
461947
122272
949457
107131
105955
188999
536395
508390
990943
485324
275501
192873
587840
33213
253630
13765
143862
687092
423416
309568
262663
614379
255465
369910
758497
978135
449292
73276
969639
425227
373968
501618
556211
22770
237450
84165
803183
992258
694397
793778
499653
333692
298840
883857
471637
329553
627461
799868
552130
450903
880831
576813
85498
499973
2182
535998
831770
985973
661224
933047
138810
80020
185027
493105
948975
86189
656070
148859
476875
228082
487789
204397
694205
743933
287293
779467
64365
219968
133651
834647
651632
547847
267018
709114
241611
402700
770921
349240
586112
571506
555298
245363
156089
691845
478068
330918
514443
138572
884113
603686
60323
596394
201251
40839
118127
970864
64191
430887
983188
681092
719828
979434
906005
41402
917622
860433
709240
841739
669718
531864
670744
321901
627501
195509
149607
468950
696321
114196
557185
109928
588064
644621
704871
547343
507054
438363
692521
286767
242188
204585
575362
321408
486089
57465
425110
376262
626477
815485
389616
753455
816669
928200
704189
351962
590676
805650
100768
21623
310926
951597
441687
394401
975067
588987
824908
453457
51270
545538
346825
884847
773894
914849
504300
649955
746342
330027
482591
288512
723658
670551
952535
426466
69012
396207
260624
365524
846190
400192
142198
558814
985655
296772
865647
532047
73938
953416
907743
235105
112708
503975
853055
32952
41911
528698
284847
800574
602402
743004
320039
610431
524483
987487
156943
900409
354094
20537
567705
622707
217527
148709
676195
974931
201739
750344
932382
132049
612462
902554
888852
468661
803408
664717
268119
731725
921006
325537
9633
601455
906361
626261
338062
568260
862729
133799
197173
283251
761076
841294
511674
446665
516205
239825
901528
926804
643237
838862
295564
889898
536865
155068
743152
275309
80459
145340
879331
298424
650469
452509
264815
656270
220082
160155
538129
328577
326277
617993
621795
973863
940424
148905
476245
760860
188175
596242
453137
694394
77663
862059
618910
582804
491681
78246
427368
741259
621169
182395
623073
429821
539008
23245
237929
913084
222291
880466
895939
8482
225379
826241
582084
216916
738002
645505
493631
778058
190446
572421
573687
690194
523785
37089
64844
289331
674634
161525
147340
156158
395000
271843
350672
490110
352424
440252
928095
316091
787116
223254
815549
947321
899902
11889
341400
598838
265715
900380
799390
792864
756961
436346
675297
539414
675192
110686
59938
9710
667234
70178
286335
224233
91069
440551
403902
362443
776636
275327
967476
905012
746114
483580
71943
769695
224750
776853
326062
587090
314960
200144
907018
305627
496532
578094
33706
718561
125940
297235
665385
489855
782831
197168
631224
298601
667314
404519
527292
656104
105570
907757
271962
31238
248410
559937
192898
104946
507605
798083
806382
19314
543078
2698
117038
410039
606767
186219
241106
974881
612391
701054
674468
187569
706896
125234
221665
428094
809048
107258
215726
227691
663946
860811
594238
931960
889173
166027
627109
750777
205965
109901
241338
393884
679209
361167
953376
421264
216905
855530
612201
910525
688906
555136
22214
835704
384409
894103
859742
429712
152754
759144
922478
84904
319604
360686
183314
598807
71023
186833
380171
712259
594218
866140
815479
166671
55893
463177
821887
739793
134159
807097
86530
653895
857164
577288
455370
547802
224064
61123
237079
317253
560299
413195
656419
329860
109560
264638
158038
129022
839298
271882
646905
463293
855087
880888
716992
306426
482673
214837
296930
82153
335967
160701
343970
481229
198324
661846
289683
853810
645786
968719
556276
807075
850359
703133
272018
290237
5055
764720
696547
634995
815926
96519
117397
433789
210175
571277
764104
760476
867438
230335
330908
871613
202197
760344
841104
317238
967346
42618
708313
719849
604179
679296
497893
94208
751446
860700
24256
44105
892751
761320
401954
407080
831538
9205
250704
665043
976674
242534
287057
378892
975126
675522
453416
442850
913803
712152
351422
422560
326601
215660
556399
723972
744837
225590
495260
314683
417203
802693
657028
136523
133329
328576
312144
240955
647293
335716
784876
182716
446936
73499
737175
72262
673883
737013
378767
758373
127700
281998
953798
908614
226431
762401
383995
359075
541941
116633
534426
771288
121010
789820
792350
598579
991356
65980
784881
627657
225522
528557
491683
328673
496814
656737
429961
971444
59547
439028
674825
847622
308018
899038
856193
926740
210480
547678
474710
3205
302070
208202
94077
997202
52345
173574
959652
295291
29657
102170
386551
558802
912355
112425
126298
909579
837506
40218
908648
955305
150471
723673
820655
414468
596812
272542
457527
91770
715023
624356
751041
921131
742322
831693
474039
276787
324031
802208
287329
659556
559847
643640
229018
451664
460885
482723
652150
542988
153551
459928
358096
493321
193538
449097
463277
900103
253605
981929
606145
229263
309773
869030
539016
146742
870962
953537
900869
384764
348271
357644
497755
966141
178679
36873
628829
581376
674269
919172
45445
533179
263040
766037
278195
152220
238474
824290
158490
526760
495415
411031
941275
698149
569812
38307
633640
122497
274769
659559
210321
507429
784082
856844
241138
776738
717913
924632
453007
462482
817835
166775
101975
172430
840347
779403
461368
72855
894580
553936
353612
96367
310262
26524
863463
827778
797756
12205
922608
985026
431354
263
489654
144602
958222
722212
742311
717186
869894
615173
460936
453843
58428
666577
548319
782767
151036
580065
735478
919579
671426
473312
556244
491378
973283
574996
844348
705966
28121
258773
979334
980860
448152
880559
475403
600701
135042
763632
306201
739347
211798
559194
861917
423888
355672
696468
630439
293482
331670
284237
755905
788137
788853
544544
958339
235316
316976
832366
420425
405502
913197
930196
38167
827613
50427
881366
56494
42421
592344
91825
281439
919931
280144
118326
598731
330132
40596
353896
52204
174269
521911
834225
318019
411780
524614
451140
150607
345170
746166
310584
211907
816635
44000
557710
586414
225823
187771
149719
496628
222188
720568
162761
155577
211364
558941
355236
410536
313540
617873
167808
27108
709344
830154
215519
746373
366221
258055
325696
695415
987848
632795
469846
274493
95705
722907
9184
105012
282992
834730
872960
791244
290217
303258
630839
586013
995407
19411
825434
486674
680748
824937
353744
824259
511007
114823
853487
999185
871622
938006
466297
464918
763142
571834
228273
766353
391156
527324
962921
589384
234656
711953
176867
169849
830840
471875
108770
582717
364167
345132
863042
340369
803298
98953
130696
297093
581340
583998
234466
937306
176226
52256
266507
689647
545249
693295
867304
277537
905514
51683
108400
419942
785363
544093
347634
35995
360469
30309
917501
27815
872383
94372
649810
121845
187835
720761
428764
96167
850692
536042
527246
566639
747696
836792
769682
967145
729650
952467
81225
439332
689493
599328
78736
256343
519488
43563
832451
479100
96509
571636
638399
190012
903528
375918
782936
437831
496932
421200
487634
346875
679390
916371
171814
422156
562970
44359
90897
129960
520041
296717
110319
63481
642539
440030
586581
90791
44165
751524
462051
57172
293274
856674
695858
448599
866529
388127
441997
176762
496879
452967
106393
545991
75117
495835
452578
463423
605865
742441
727202
667813
174769
695695
550094
450207
904150
357218
436465
311123
402983
779298
390236
517652
627495
463103
54339
68871
797925
596906
880980
345092
695074
553649
447908
793342
943074
974310
179095
674105
434367
552920
203965
144601
353702
433334
190748
522699
28174
154243
551028
722356
494592
865111
802413
743017
783151
755187
419674
817459
783374
642359
890954
331947
428835
591496
693039
453085
832986
809742
929806
919853
601505
916651
826373
407042
38577
138036
532969
638938
916966
97225
640949
100043
584398
295031
260241
766951
205229
234109
656094
742720
584428
510585
983234
436666
392528
922985
894087
804748
204196
335882
13960
788833
437438
795203
594050
455500
478694
31801
814025
79150
778450
408298
465541
628866
620683
231100
785401
292258
390637
822356
459896
684692
80344
635890
464582
438757
298490
504244
518815
246609
433774
740244
110940
827401
425356
374818
672908
801519
523485
772205
742063
81846
321774
567344
212358
584853
721250
120156
190566
719796
745482
655593
804609
330468
830812
323929
370759
258394
74845
594165
601528
920283
258124
519209
278729
314173
424340
392763
301002
460076
711436
247458
95500
743919
270081
800483
60934
163698
125358
544816
690539
383176
908591
401900
365423
602393
422902
922363
350708
479987
252520
401988
956181
826624
817039
867992
78031
481841
8441
84577
792856
889725
523897
556446
196404
952661
53136
882528
825628
367289
785930
608893
638764
747074
938379
773072
57212
818581
370065
893688
309155
729254
708253
361446
881913
524473
980709
735920
647341
439663
819377
877959
810596
194394
984398
296234
998919
323048
360444
392811
178129
699713
141353
416817
620806
988497
483044
714457
495126
247095
933621
196986
635680
114707
875090
714709
11796
443045
277253
335791
581053
89805
457311
813258
515607
997931
571788
772694
299280
204166
804598
69584
100060
715854
30115
499508
277782
75202
159870
828600
77512
431754
252832
761570
119856
419012
657810
752082
910390
960760
805237
124041
63611
638032
33902
89825
147389
90832
724215
284654
567720
687381
513317
943665
163252
7100
8755
432516
886038
811043
175309
338882
275362
402191
646065
339661
630813
991375
700508
347756
794168
682035
123741
202674
72913
899389
948700
109276
663656
329829
677837
853581
424948
909343
387754
75598
677852
187100
701430
756892
478762
160860
619894
339093
970857
124036
41134
561985
883080
374299
864670
748399
834487
708229
721890
742976
200048
519022
490898
102495
402106
806691
109147
680231
288154
146654
44676
493419
955570
760758
405379
141233
834401
536522
460915
181460
291847
168343
313204
442857
609757
49559
143753
105607
296618
208627
205605
191109
803871
148773
990951
661776
602275
555189
571650
588534
154004
700778
661105
970497
877002
698444
179597
320505
99714
749939
953295
339312
912555
199769
837313
32070
186758
870332
682031
841469
88568
204357
992642
137060
763528
914394
453298
631235
304601
758548
111062
831204
191094
564255
484233
216967
173849
372764
424796
117170
636389
137856
336322
564939
949754
802394
673229
115096
665173
59701
523345
378529
236349
603550
144
770901
107545
893343
121332
223025
727985
599967
73914
145800
359459
760352
968115
556936
591350
206611
970628
915973
632584
380668
929517
137202
445268
843512
265331
643171
335947
451872
286743
412765
596725
450048
587615
156303
504162
549405
563648
436209
336574
973195
916762
392702
844830
793819
346839
193345
680237
640889
680279
104792
686202
529771
501588
183410
920708
767035
627435
530834
828581
796789
389001
275756
414366
95238
630384
741902
717630
806744
817096
508262
924563
419680
740433
28956
848078
832232
886711
866855
955792
164005
770082
823442
894279
467360
165614
968184
847580
470106
938306
9383
900835
695033
584917
297652
150061
916533
204330
377677
255163
882028
16303
11430
317587
564047
863984
786237
212696
185675
545056
785575
157561
87098
675170
921886
14981
457132
874684
118535
397044
116496
253447
778566
931530
440785
580711
136909
932714
879557
90652
643762
646144
946536
123254
998887
112711
193761
940542
105931
542776
399127
403994
860256
24615
895224
527872
930172
998101
67521
397422
644997
257803
484021
7391
397916
759231
208917
581187
9394
986688
419001
559615
438413
496499
924314
38438
514669
648282
833080
43
226945
668179
845923
917188
225457
268851
496651
985887
45059
514259
995712
489210
555092
18810
961708
874989
845
959531
746926
156899
82442
17942
840915
86156
158120
744177
836909
187307
212616
242860
246504
506772
749095
645301
757574
298931
954885
834691
741052
419184
11962
493400
680371
48369
780776
652157
54448
44135
247453
326396
621225
22486
278530
846588
568475
392902
535207
90661
961653
130246
657580
218773
64465
453526
129333
187047
713910
354355
992034
545878
66604
705606
962765
106264
680427
796569
739371
303437
25836
212990
472214
977932
516789
158480
52862
222737
292142
804825
164353
818413
221135
117395
637791
336391
438950
824417
366589
341896
571210
820471
210044
707178
481809
436466
112449
436655
601463
883615
651387
863260
657828
553941
758406
122353
261051
987871
620393
775178
224882
269268
812830
929804
810695
830459
636190
689555
481981
824987
117294
271794
10064
302137
386541
271473
793516
216244
964726
605188
382955
795053
349874
379458
691066
210607
436266
67356
102066
91
573049
769213
969936
463604
803646
168572
361753
379569
622353
146590
593805
118647
28610
690110
777755
394004
848061
79263
674992
967575
164900
902644
248668
931989
371172
44454
440141
575902
355117
262117
918768
814869
665926
108251
375570
743727
435003
301260
294020
552192
45222
503211
149962
826364
481996
535595
892241
213567
960759
939762
505596
227480
462596
506666
532926
623803
80577
321339
42973
384942
279805
38806
778884
346305
497204
990941
740268
352819
761554
462995
60064
266096
450611
954789
670150
621281
663012
806970
415185
592380
941154
607903
238353
174146
456557
41981
691431
706375
482989
264171
703069
999956
600981
940938
925795
133345
187086
566413
658974
634503
24396
376379
764384
142155
146861
749898
728028
922418
661205
80475
726491
39231
816528
426657
701445
493883
114263
622283
382549
863824
163288
347501
716180
676243
92885
927359
527590
610696
268487
728501
682628
633370
647728
970594
696532
883534
276633
259098
636343
212797
751913
367375
640079
632015
108971
434474
940883
476137
988688
215540
950706
304953
445356
122380
741735
787587
539581
376836
149585
235313
817003
365986
653094
992415
674967
821952
371762
842888
860912
647066
384648
244510
100591
61284
499417
724406
571502
363754
896096
422588
836439
220244
613082
935697
346740
583717
49747
193848
527936
416480
897269
160664
811957
416274
919330
986292
599901
372216
215323
278742
985556
302195
973182
382067
551612
472797
509025
20595
132646
993045
785916
634432
115123
791954
907468
179113
134086
46642
724248
977524
769810
934583
438911
546700
950365
91813
387317
165780
319573
534495
443002
404340
417329
441855
575585
752792
379558
598933
689822
759438
69203
204880
929524
353462
949304
308917
410601
101575
889595
830833
50288
124365
493091
951574
865073
5668
370367
102285
571679
410939
393822
805602
413363
925545
400181
448495
950300
241227
584918
190672
228189
395557
430225
963149
422992
933732
590802
72151
335161
253861
778354
806372
813922
390379
593678
546011
743809
482036
982067
731194
658353
177690
92722
479132
614746
688376
50806
205209
632029
224485
361053
33655
427549
813101
917357
317702
574386
859736
13488
851462
322853
636397
405291
886688
333258
282273
452638
495089
875052
577919
299886
977712
870993
374896
778838
246854
294217
756241
724201
743142
754681
691400
419403
125666
678376
712851
561163
408367
111362
169220
252222
608772
569725
580561
380408
653288
552766
967873
788071
609766
573018
134732
439872
350528
393157
433412
165575
792165
659034
208020
733282
829020
713829
923347
619115
11119
843920
288990
313807
951069
295464
668495
460886
955828
88328
448886
70238
786382
309355
835973
31049
766483
155990
564725
906646
514144
602378
308212
735127
328977
243009
720015
152082
397636
531302
430178
185647
527932
741141
73265
519953
156617
110110
824426
306512
656285
219990
495182
183485
963385
447859
456884
671955
331297
35714
79139
75679
853019
194581
790505
41987
989104
801606
970760
408058
82852
473636
654940
250268
12237
580714
622521
524583
878489
313079
189298
612441
760629
470946
794979
858359
379869
142573
431135
527841
369058
513658
489358
721746
129392
459778
847947
569249
833427
260726
790751
726711
491154
792491
962731
725911
750977
202971
151576
812050
94009
241451
697013
367675
663221
219289
192546
869796
889586
792300
654954
147061
454292
798651
698279
696729
353796
696119
728567
378794
658847
389683
608487
41752
513341
955499
708304
228227
942361
359731
396020
714113
426235
829374
154905
451083
844292
563350
270961
278163
336073
269624
774342
799127
93664
349739
862990
157539
452131
44826
590335
980876
234197
136518
177812
222045
335604
25276
297556
695256
259129
318176
281394
761854
593794
924748
76661
609424
689747
835726
402051
664679
240956
62059
258420
867729
809440
832861
852245
251479
755955
572038
239814
18627
693822
400331
342961
695090
471779
914131
804694
818715
5348
866935
979484
275739
999388
435273
395284
547195
430028
753502
119632
959932
711342
145160
272423
764062
368079
142806
907027
554200
664454
408833
214353
87988
417413
996102
140208
855865
186291
490233
787209
693883
154916
824450
410939
94041
189440
712098
409131
320338
601494
46340
891588
879980
692719
789684
329716
461920
640482
629303
8965
300830
485950
321158
186083
133791
766448
155420
436085
883941
117492
688851
975151
368781
979320
467293
772205
154661
550572
842390
923735
175720
47481
584593
362729
648910
233256
788346
197264
324285
142805
636590
63758
455421
594025
883694
944341
308229
866148
161034
501750
443490
196537
38733
200686
984825
314185
951988
531624
105003
177163
242641
968532
439220
924037
181610
952047
431216
545139
513709
45875
973119
192099
14607
605675
547797
369713
846415
524066
506232
300933
153880
783774
586324
677749
485889
662510
935261
951799
46937
103326
189832
342103
686959
582158
924334
366970
739266
780971
446709
251445
206320
733521
814070
238905
43911
293151
356266
108617
818459
250601
732431
284476
504293
43407
276106
574575
683733
252183
194538
156017
564127
561011
796480
758414
3812
600812
237083
860072
953987
73440
395853
563128
999016
578816
965140
812082
701885
168100
185900
108558
717945
116255
883639
212169
831023
581098
404741
867894
506016
782207
205946
506635
163403
451069
177874
88436
427824
875951
540394
843870
403117
611444
889934
465924
463741
540070
276233
170540
862587
394561
195003
342078
35854
502779
524834
108397
311280
203093
630966
737442
610326
795527
48097
434407
648711
588551
429526
504787
326834
184287
995057
130393
858446
659953
649276
767027
545174
434335
789934
23739
222029
121037
575860
363341
345255
652550
152301
324306
12518
706566
937682
993470
56141
350337
564802
339654
447165
497262
202391
787265
79546
979066
297444
207721
42794
877918
434076
125637
734573
458279
235623
536052
302345
550461
495838
28715
510962
477698
224058
687685
262654
54822
931210
889240
517267
609864
108912
749923
418161
379806
785779
652852
533117
962682
947370
997361
656194
150924
715898
124470
245330
109841
66540
944832
437845
926936
759326
877997
266710
967819
472347
765175
545921
905662
318034
798016
477314
798150
636033
837190
373916
678200
270526
409284
931598
476681
461034
678060
797145
261395
567725
799385
376963
926160
352629
609463
349782
78888
40320
999442
386581
710495
432483
421129
518600
418589
41741
379556
882921
583556
716968
144327
635818
190185
914197
210341
725689
970425
225418
365855
279563
1024
975174
93084
803773
833596
696115
253875
671154
87795
750781
344670
297601
338347
566335
703756
129159
745996
195190
866844
356312
686011
37931
810067
393363
30551
452375
304826
969377
627307
104278
563693
733991
864502
383280
628281
544404
672954
322791
145466
33867
827388
458514
353851
543457
897376
254965
756943
172402
573687
874264
324327
453331
729613
780340
361992
2755
798199
604273
761007
290742
222233
966164
118874
775009
673337
352043
530565
127974
333872
928998
815168
792833
665578
760257
568179
205277
465168
988935
524096
552349
891131
446390
374185
700293
236348
79130
219892
867162
772254
2645
257650
903186
931547
911968
691242
140232
192867
119655
865319
414246
174586
1447
207717
584336
234669
932050
762875
198728
486395
755823
988571
441482
729203
739646
921611
753021
726241
139717
847937
75984
266715
626667
692774
1254
377494
921307
900188
16217
652180
872399
319786
943637
898113
965576
757891
527134
319436
528426
437099
285384
205116
903603
351102
647204
403504
181766
681316
378992
9212
771489
907569
149311
60288
884839
658684
239767
799019
541587
616775
520514
71734
605484
865018
937101
89382
780292
978485
396616
542350
901463
931705
161305
561102
549631
962729
910176
659455
854573
588431
221248
315463
162410
565513
708306
360841
143604
571519
191802
531607
871956
873772
978835
682905
270094
23804
595244
580202
533319
698587
586845
195102
17904
244896
701132
28723
543678
107484
604312
485631
179195
787310
230731
927011
213393
261163
789214
301965
482017
250440
268129
203272
627654
363876
873985
607095
282876
641597
996184
472230
533608
463487
455991
781367
824220
650084
582578
458868
891034
599212
432319
439268
26087
165878
830870
44560
361101
106055
339593
769181
442174
513545
462045
884951
692249
772245
61392
490876
238528
312944
427696
395831
89198
834994
30462
896981
790806
109126
77834
700027
699879
973013
532364
598577
851518
961916
20808
805734
624524
132420
216136
69966
515730
755967
263006
302638
661391
64291
641223
275363
415564
527189
952835
724297
600208
44921
303938
196062
588568
701235
701056
103028
461470
783418
518379
878221
309955
968280
625963
83086
598400
73783
476588
650477
624844
900627
206315
101529
127942
903797
472940
968684
282345
993609
29491
433316
588404
500144
894201
818437
51868
213048
925564
656529
130666
271301
894083
447
859073
782149
585027
369244
293426
515232
28532
168464
972908
818060
17702
787382
861177
749608
866747
82937
838200
840772
93148
515390
724110
900160
434171
554171
590178
476757
541935
113501
290359
741286
418502
433482
577880
700458
476478
426707
190466
47919
590643
214193
938189
226487
690007
331960
663845
6488
212912
53028
187687
318505
237315
970086
447465
850668
29191
51439
919672
377615
571665
759016
120325
163671
524692
471663
974253
85767
979935
141874
948329
2632
745342
647314
268422
4415
414520
132755
660629
667115
212812
125367
115433
479966
859839
442995
66202
500074
646903
396905
982269
730438
71122
577227
625887
37719
63805
508547
317995
653802
28247
418300
102384
691091
433687
12394
549007
933763
944462
596175
272414
790745
951859
583742
773117
624139
936550
490117
648539
26520
683370
674102
206459
988732
271040
199237
741983
655058
579096
314609
56547
611276
931422
445609
40146
78930
916128
866636
231495
214877
64020
905521
634193
870834
576654
697148
282855
464756
632827
522281
802330
829917
618953
806174
445305
196301
395223
364324
276472
919821
913719
519710
270541
507959
224803
558266
433618
681968
628332
878319
954759
684400
737558
702198
432518
171869
173160
391789
474688
416729
336097
596214
960948
448519
254777
687275
207232
140724
443904
869725
461856
231866
406416
14828
286297
648587
172995
616431
49224
143879
365331
157279
562796
482896
969665
154872
773517
705335
28306
832001
243538
974061
83461
455318
421630
250375
808453
928959
615739
373953
745387
441855
248011
17136
762413
305624
218994
275575
551645
666048
30771
325342
594095
233051
666406
248523
255015
422591
870875
654019
491343
202695
81130
375015
636861
410176
291047
221426
163081
316634
912261
20582
993025
254492
776735
404428
676208
187879
345772
654353
530966
47394
46320
715743
931705
819994
633267
549254
244395
269856
838789
296823
623191
336436
860781
852550
535730
323418
930103
384128
673301
620382
76821
787075
849295
164298
574403
84188
213571
986586
458069
880022
172440
965492
663694
994632
50068
454979
874719
679395
55231
734268
243686
97718
285245
269895
974251
361029
744781
696556
40718
569848
347411
101075
127932
895675
929734
658934
537390
665986
457692
778045
495424
584164
513035
301933
875764
199941
155461
761890
919167
320177
648112
435998
397606
893049
761985
63283
244685
52917
350435
630769
904718
551568
735534
866452
197042
342126
895653
799085
810226
135038
105886
76544
786767
779530
508567
281203
932819
388758
737213
678616
131171
817293
636325
765640
372934
68294
608077
986967
503325
651585
293126
356328
341208
295455
858670
840474
91505
674055
458020
719572
965571
163077
135239
904316
757899
383550
710982
204355
342873
588226
63116
594812
73305
154345
397650
93703
819418
627768
162129
921277
151524
284610
777765
434574
447760
464140
20886
81163
726035
29828
958562
583190
804994
156198
856295
356741
142375
161146
592452
694800
137379
593073
526642
555708
157522
281264
178199
218825
352357
200409
852615
402741
21362
182367
326879
123695
501545
675957
194261
835222
770219
339888
828221
679396
972868
2186
568878
336199
542426
480959
579308
840909
292375
342259
423611
601917
508119
903665
345736
355461
637275
413575
817700
57901
496542
504938
442862
437316
22176
827365
102236
226475
845067
253087
262676
520
832953
915185
259602
416758
390238
795609
811662
444169
864942
336094
151985
544555
564555
747425
691788
299662
125284
175591
851597
797627
258502
602635
196773
615289
809069
218008
370905
255425
553628
672517
952218
938103
284422
282421
177176
975875
561799
359587
143588
351339
839428
793962
419384
134346
296272
580754
31110
761732
695313
237697
563233
498510
652034
348914
445578
115292
460961
922884
228387
986954
145570
956859
255842
480900
342452
357803
456389
490703
791839
813891
462670
915098
936402
509745
389556
708308
840092
315094
322223
838089
410692
822369
177706
480774
883264
912946
866217
242142
84756
411534
867281
709014
887411
416429
525152
132309
955535
417234
315018
210500
967194
533297
989731
615698
149265
203614
530555
901769
421799
226933
656958
329714
441225
92954
955507
221358
920096
89816
294697
600858
285113
571061
204699
984307
963473
458927
215214
700386
247266
202079
204774
438250
792078
824960
868334
515938
571270
953828
595944
717498
569207
872999
917575
693070
679273
489641
222849
160861
545177
635941
315509
52590
345490
161137
42883
648511
316709
409712
586046
980752
250931
697972
390161
200195
500427
675484
344446
642929
424313
573457
145754
65072
816992
315579
809676
245537
149034
486938
558656
332797
314604
635110
752628
488400
408725
294523
153182
424924
773818
359726
149585
968204
852625
76808
19548
474049
284501
571521
349820
54155
642096
638661
679644
112156
496170
369018
601268
246342
379468
955300
221630
61555
97495
289334
756487
798068
950551
112962
848852
330629
878996
117441
788199
708991
3304
417682
857504
610601
329231
814517
560890
58637
338777
991071
784659
317588
106163
121741
506618
538051
26460
492445
736715
786858
707340
887463
996743
758281
440291
984274
885000
573536
604129
789117
158793
772039
313164
572301
855794
60885
587813
2048
633472
960904
834891
691890
103673
495006
215871
597875
214201
613380
878486
291672
733558
393625
747179
74142
630558
99416
435860
681043
337682
459124
833987
876420
227608
975797
916152
610732
51788
619093
185615
929498
297466
744278
123547
610339
95988
589446
607441
713897
38276
337989
509288
585340
535003
641363
64830
373048
974169
984340
424796
94080
674619
894661
373098
108774
636795
373305
609381
859076
453178
827962
877883
312956
310899
372488
313719
760598
40194
48501
200675
50365
863414
554237
312139
453854
648432
789107
166892
993567
894525
703507
71299
710366
947332
764970
48821
613343
854279
342306
252816
658848
175057
919095
378937
498107
425230
654112
538544
941627
122652
685331
550353
797948
177259
212546
151307
315828
947312
718257
76758
409186
685400
666515
887268
11712
973367
458971
550319
79984
217453
731453
63176
118000
626014
854243
605127
670157
206703
385664
478886
166377
269629
956553
678445
118955
727567
769945
158515
266181
984982
51993
706402
974016
318953
445922
496716
177928
719148
84473
851609
286029
274539
583395
981135
514696
415835
288504
14064
647688
268070
622344
18279
704691
502769
720412
787289
468014
741736
79347
980064
747982
254988
425621
455460
732342
69050
316834
914017
49211
829461
641867
298391
642897
398188
273975
976395
657631
989852
520094
747812
276722
435662
734896
374835
307153
258398
624750
904819
519945
833612
985686
773846
659097
385289
974390
987053
779301
876623
2264
541053
89717
732687
532600
657729
249457
799639
269018
767513
772881
753705
886665
691052
466025
201160
364906
20373
352027
405404
140329
59757
320761
871543
980925
281941
539730
156514
990159
627251
147332
913361
680826
253185
969856
555031
921088
238324
727936
270931
977084
876075
711919
700418
335011
548792
997195
544743
883025
815248
997038
775220
98337
700207
272498
273048
946862
552928
714317
517523
194603
889818
756608
364884
748221
862998
607504
836411
456875
6589
489372
808558
77524
144408
844154
191327
536818
106690
299801
305687
287475
211900
96291
660518
480693
670330
72265
913240
187397
973648
30668
470020
27749
381683
334616
529931
613146
809285
898983
376301
107319
942296
687405
357344
830494
132763
757107
953177
624068
250036
608210
851129
33799
878527
683968
904566
85859
842088
710246
201546
220498
169977
719428
996616
593
883365
273016
617599
87108
823849
551201
915459
499060
404035
211163
455902
546675
600800
504173
679223
930075
998699
467229
53331
694980
800693
463849
93249
684252
51004
681554
607139
708503
275397
376782
786806
136072
579032
827686
615824
667052
55418
144089
384917
107558
894370
568455
446682
359831
267234
847005
619787
425359
552299
279239
622131
699094
87068
531633
735579
537555
870620
51932
802669
419113
200205
564090
522865
238442
307420
52550
671779
992495
450447
908224
221817
442299
800122
825758
540417
449225
785777
758046
652990
919003
858267
728117
264131
154517
587201
963832
942594
321233
620821
308957
192236
455128
380561
633645
938313
612948
704704
358906
363947
489954
696632
339153
724998
562494
567016
513429
308000
834565
627082
196284
839228
404245
299334
812000
749013
91297
741634
380496
533833
723699
954902
917377
243778
806639
304754
1017
549917
378794
523273
41818
925483
70295
884826
415815
551609
276077
492571
80068
453342
729647
436773
935561
60342
301289
836945
367590
598949
693335
158237
131284
244884
387561
409075
747426
417270
465238
201063
205481
386540
563380
332661
905328
183644
497529
391508
956396
963970
757973
523717
912756
616224
672044
414604
579232
600323
431056
117518
608322
58671
51017
225644
934492
931105
804629
238135
206515
801218
130918
794168
263772
163050
78707
807549
733158
408884
678358
642514
152466
85572
762485
249471
689843
88713
840468
87253
313308
434027
58584
746501
552087
732907
863672
288363
190135
800781
843391
116517
433565
226892
79689
647657
199327
270702
754154
321667
246689
28358
289982
427846
116643
36565
822610
792155
747241
163611
286858
382455
755966
909279
879166
442596
309687
292810
491203
919658
93420
905931
384890
913456
568941
744412
855699
468148
802732
791061
940871
531375
700188
216076
780240
379028
300488
148135
215192
708397
837463
570905
775158
101563
774353
793029
606108
92816
837762
826752
386376
115118
715901
900593
509482
920805
355004
829335
624807
848164
369358
576919
701846
857403
520373
158662
996637
592089
430483
169986
739674
803965
367053
783037
505968
409993
466768
451475
520665
638086
396187
132850
577364
732995
372113
864926
775781
780819
394821
205632
8169
335288
816062
730291
606546
367304
354858
963750
480517
213737
687754
960935
694771
946386
103939
65134
367145
651625
692910
109726
303181
731441
343820
951051
881410
194902
122573
447946
327171
891022
233691
221208
24423
861598
421929
297628
371509
398352
551603
105780
361369
631434
361899
79920
273895
659817
482623
439761
693300
275927
231868
123137
301502
192192
757407
921292
141784
952555
950234
859560
893532
857574
553098
149745
570154
805493
708436
638319
102636
92099
343147
116743
601146
897426
139435
927481
976024
99156
874352
557094
411580
322794
500221
204388
54448
525795
330086
451911
556618
754491
505473
883394
388868
131347
223382
849489
451114
780538
205369
772653
489823
424249
599686
32584
831904
138147
940480
960552
859791
713646
933581
225485
952193
769673
882920
469856
964125
196257
429158
794733
390740
795659
194854
398089
857041
941533
869075
814885
528003
319824
923563
5098
922376
884621
371402
642037
609634
948584
213971
181718
957349
186296
670100
165016
41315
426119
843857
947722
819941
423229
24303
755105
766283
302253
299586
33586
354853
576986
556883
317604
979281
291416
12652
860472
284015
108198
676476
891785
8666
305415
598949
555772
968523
922587
117027
49250
504604
462747
210546
278756
851285
128886
818690
798301
84681
394148
736015
756670
283945
672302
377844
393807
179296
906630
639310
669773
625721
274286
411619
362124
505406
916593
814
783546
948900
866230
616137
432097
924125
760550
494321
125521
818684
206537
699212
427003
965764
286579
621383
692980
298040
635694
530489
347172
262353
660955
818497
45860
483138
327558
462175
59444
346206
978075
957656
152001
574945
259
229547
120595
240310
71155
225694
398880
739773
529119
22985
257754
147877
766015
334107
570168
790901
258751
54601
924252
71286
167135
956943
467748
781237
688018
148011
52399
840121
48456
828023
31021
950325
838797
912517
538405
692791
149072
706446
749077
836653
233957
874777
208208
658275
937074
707387
867983
913100
204725
152761
187883
668072
367953
720640
64572
95334
48433
964315
955323
845435
540089
794678
867938
680026
208575
377194
525450
738957
776854
622695
907315
612502
993868
807154
921752
624788
907685
331078
52859
153208
833761
598613
876116
909327
249531
925382
141960
202825
758043
114913
211782
478418
726863
44412
356737
356573
591696
191257
391049
575256
464489
343667
364327
438545
845185
798152
951944
999479
311494
626027
177185
730179
953265
969925
879941
206680
724234
495358
323450
295186
831520
820675
856097
632166
33240
842826
15555
776498
862210
73945
479886
598071
827484
391426
201694
171637
374546
676599
907821
903898
245486
768863
301615
60007
677222
23159
755768
874986
65501
45793
140513
798117
993311
570036
913372
468613
290355
243310
930898
171466
234741
997853
183958
729134
232257
633872
757928
961811
778197
672549
154410
582051
729061
58457
287947
949254
103476
208851
541054
269926
94202
942897
917952
543896
64246
933552
778503
862569
349846
83591
843946
277617
145252
650733
224952
808180
606660
363112
597403
966121
120069
248324
378953
916518
553965
457536
996660
934250
835024
612002
865873
509401
272592
152228
7411
984860
654535
678714
367860
893606
768978
903901
527965
533733
781250
233200
621247
555675
890532
62039
742411
879090
651063
501433
23434
478368
132230
797751
717471
262339
625073
13799
872340
212577
771391
399865
414131
140605
888886
741897
139165
750521
668796
572966
605607
613159
468296
653796
502491
77698
862124
397703
347659
478895
448763
521826
53273
803893
417782
563288
161984
459840
286542
785767
574573
106207
860801
715490
524739
715895
458923
279390
385988
587818
240009
583640
736239
869628
155101
354588
637623
670984
977728
726316
982686
170839
134496
345381
930964
568140
930626
245821
986030
476592
870344
482077
83774
221352
476731
394809
124485
565581
749736
436220
424136
78731
799811
191145
701436
560266
160311
938521
876931
821248
38878
178291
303232
935696
294587
263586
106847
489980
854639
74040
215004
916873
984352
346925
709119
375013
106813
490087
758682
929755
620215
106940
401164
37727
953176
935879
720702
763138
653251
800788
333211
935524
211952
472763
98288
754721
8925
666148
435815
717320
386986
883093
528562
409217
247322
505058
77652
747583
863991
298581
766511
307040
197861
438537
862733
565491
865829
391349
623436
383745
857964
137114
808617
25603
897780
703620
223867
902516
137624
198151
526643
717856
241463
133722
166002
371521
800388
661089
558627
588386
834528
834494
647645
843598
924849
77418
331511
192320
545095
19484
184434
213641
296496
15959
781531
167623
299804
565804
966964
545824
761594
9915
534386
694615
605501
41385
194179
779012
287211
737090
13433
179624
398877
350326
140973
104823
278757
698146
349956
117384
168133
268521
337448
916718
976702
366667
500131
850824
407556
976893
385956
441029
275405
518977
679950
935340
90475
726915
779240
124422
349062
114708
836141
304040
723
597710
7561
205837
397745
195504
560798
73496
141477
556186
560683
100466
360750
373934
264155
409905
305577
299322
882035
317320
609586
802597
901384
286812
97208
178083
542436
757288
746481
47588
141277
834641
457504
825261
219757
895219
725779
803569
888010
950460
204922
726318
622966
369126
279372
357522
454086
570773
796838
780318
149692
186679
186524
605288
466444
402733
262552
697563
820554
81842
270627
456506
346143
906925
482695
824585
220849
323579
719098
783217
831268
239759
50733
513549
336858
539617
954941
630700
525118
227393
434012
179073
808193
884937
674298
759357
316240
447823
215286
593458
620053
29909
8088
494642
849395
308159
391510
569711
594070
976385
579801
948084
333542
799007
975669
427005
456586
621495
756292
12721
347917
9576
9465
150591
632852
480577
249890
362205
47934
993621
777559
237722
264408
464879
439846
500531
942616
360678
859188
878105
997106
969422
513664
278716
355042
590237
857009
604760
411343
705222
10830
483574
740839
590490
354170
830562
244907
611559
269151
598580
120267
974748
790036
219932
115147
917487
720810
700738
59174
456097
700263
294038
843392
521418
15955
283626
178739
749042
972112
831491
845828
187350
681005
485307
594760
376490
887983
472172
147896
875262
775151
991426
47937
711160
190799
779893
280243
787680
553802
640956
60416
238322
217458
827629
757892
804243
998345
809689
446101
9294
389705
462577
57058
229253
668692
880823
771611
586757
465685
768831
161295
583316
172149
270388
401421
423388
863559
209156
151550
194073
648570
445753
186176
29114
301255
978111
979857
873725
987379
25699
939596
79655
80502
405930
66858
539121
720003
527280
127434
948116
650260
658314
859697
983071
25849
790580
777762
203909
926836
651036
976881
687365
485934
331235
65275
258056
675261
464625
541346
696170
238701
175781
221730
361958
755228
170196
682500
414286
195977
843108
674520
39033
421585
398500
391166
245641
806712
526333
243695
765324
590521
401044
945806
843674
29965
963153
207752
282687
721920
791686
127633
391534
210653
7184
46214
752382
78946
119560
330486
326843
49998
98346
70749
424720
627222
363198
186665
679133
183649
616639
634306
24919
441555
741642
636520
19876
961889
124352
896644
745735
698853
222251
351235
438435
901573
237963
502715
868058
11075
539493
70090
620776
733432
198517
113105
156779
613359
192464
491142
44610
880941
360840
948508
406610
768287
596622
14903
998764
646168
987433
417202
552389
648010
534331
382644
800027
788290
821943
353037
73015
786780
182211
189341
453707
5541
776829
39361
265976
333906
1253
879420
717983
877466
752107
999369
976493
853193
658217
335648
567875
126779
699677
888169
39922
856656
947207
124864
806483
375218
805972
766027
613010
641983
535726
116625
793322
652817
326891
714583
524142
478614
988116
388805
772866
892410
22677
105962
579069
195758
676831
790672
815769
911275
768464
550768
509357
693586
416616
259639
970560
500535
140119
999808
675604
920797
797826
590879
259434
46995
518477
989345
316602
623831
16113
310015
848422
876831
611381
357892
225736
254263
85305
414723
611128
646320
813466
326262
359021
801749
873809
924474
778538
736617
60395
142834
650732
147217
104719
502201
302213
434541
694380
521855
117107
824410
813037
891337
325813
407571
109496
220505
590814
18333
889347
599626
464169
122666
791974
715546
808297
155085
395231
50856
137507
110498
954343
158496
35003
900569
446331
315296
825658
38261
76641
964648
939817
203371
510832
129231
925881
802279
241143
239181
93631
529353
371979
366289
164391
687872
538611
424186
940392
118011
548816
308175
194393
994800
111714
494499
578119
720409
472112
933006
155043
245371
512344
353580
775062
765903
951493
223657
74175
139047
372049
95455
844229
639608
416186
883484
779842
634175
169199
690531
674945
377533
222950
214473
168031
424892
924470
223273
521216
338273
931355
823712
964928
837191
691744
354694
254039
595676
868114
273394
715450
641351
666803
577032
479104
771416
920942
723983
784034
231710
724867
999916
953549
847022
46379
936021
263955
712772
544809
272136
227731
445863
78417
58565
768592
247182
536959
858691
792973
402646
579480
137972
738006
119465
594166
858857
379483
311103
235967
664563
107788
445909
680981
168413
39636
215128
629888
425568
45226
678686
39190
265325
686860
890188
136031
442037
687607
163164
580818
7129
635161
113973
315832
321148
390790
79633
416677
226513
95699
733988
394459
827770
278935
542941
219586
108664
249881
60332
922669
163391
805815
459236
993632
943898
567289
950840
488907
519814
263888
430862
416411
567164
161702
823722
130389
854245
37435
96833
337349
663217
854454
229609
231460
10445
990879
847666
258141
258308
313208
682290
159773
593925
454636
961424
302161
816214
266845
385818
228325
898089
981429
826885
211675
158616
316536
863251
194131
53630
535587
110487
119284
781867
719957
817910
963455
320669
903380
821519
942698
109315
83850
502404
65851
559554
483258
254830
497795
353572
170202
69375
20059
441650
91343
676249
413023
43982
817188
755377
509001
464527
724121
597608
66674
446349
375609
818512
279827
566113
713188
897050
598997
535528
451030
423793
513023
155283
493941
8851
839319
965689
697147
223899
361349
271657
372900
719586
396341
146097
706093
615490
124621
211100
652450
783090
114197
728984
893822
338885
142832
412417
522139
617498
640825
831946
521246
341131
225608
268166
31432
327603
139944
381986
468980
517580
849681
659175
400747
622676
165853
491002
958710
716855
922533
305491
500469
513747
643671
30794
773597
909635
773748
466680
343163
32821
791472
302111
198983
630751
332089
885319
298380
774881
722190
343130
87203
227249
422118
219311
916723
585995
862290
552126
826609
595352
30683
777113
105535
324835
10304
493608
521873
226902
570355
434457
136383
414015
57530
201702
578894
857717
579201
821931
214816
490730
180759
622119
782713
485655
139281
402706
193836
296844
65346
42627
235209
723830
436609
536055
898404
770942
109423
424994
731916
325775
717874
31522
947220
31475
345966
951153
115898
346677
151521
702255
912309
222229
23354
655455
581259
385039
583599
904418
76207
709335
209145
363006
123217
68786
810476
295838
13306
236000
617024
917789
383198
188119
802795
94908
235065
947329
723292
831240
86664
857723
72185
840051
791843
700714
130158
783845
760136
465583
353520
844878
378011
936719
579528
639191
902746
100473
958606
263978
89134
476266
608902
425966
539859
125939
234471
37660
717571
479148
276087
775103
844271
201669
223278
359222
548665
858528
210549
360063
417785
344231
1376
483926
347816
120570
972621
79729
150343
824505
330681
347206
81591
420865
380908
47770
961758
941071
490757
681734
639018
244369
617521
17773
857416
767573
306238
313895
855183
284515
175563
438234
569145
653604
497922
736327
740573
3921
505247
235549
477848
170017
68136
183725
0
0
0
0
0
0
0
0
0
0
0
0
0
0
0
0
0
0
0
0
0
0
0
0
0
0
