10000 4952
569831
545036
887291
510332
267880
287278
405586
197272
265320
906718
764148
409975
613438
389583
742551
717722
977916
903712
217839
849352
805549
920042
126549
884195
173923
384551
483613
838987
892398
982846
704644
603837
168841
386409
948044
623040
83712
972467
68287
539494
587135
943751
155008
946292
829378
420528
450313
217728
93033
327736
611561
128827
683015
336019
543479
664923
337917
242505
112672
143596
578269
732531
792927
642594
205840
603767
256891
912512
156795
158389
286975
35111
902805
941502
613937
913789
986801
668800
912263
609398
482975
783097
347065
138774
67851
437534
496492
293610
908924
598747
97288
779903
452919
289105
895557
985030
698379
841145
791320
117023
565129
831197
953281
31298
202782
865565
295578
704676
995978
378394
76208
987611
941691
762401
872121
421178
563224
246697
896344
845072
42930
723749
630025
786303
93353
833215
104677
812899
202036
4623
177804
23487
244707
49036
771658
209790
299139
608337
196601
651216
860473
445726
566539
378575
289264
103344
184820
424142
10312
282219
626275
562355
183568
939150
939651
647055
798566
324700
969606
264386
925704
695449
45927
519948
240803
358643
160218
809698
99390
144442
912126
339101
118881
591874
809172
470294
947112
77644
144244
226877
61887
964300
111130
531097
573696
817116
506157
552352
407086
978485
99037
961435
855430
230602
266460
267554
64924
295470
426446
42668
390761
437128
550215
576375
403963
135721
348472
560171
491456
80430
301907
318678
554533
385998
300334
772931
769609
45305
112181
143535
711448
327901
401627
979123
546800
716604
629988
683360
457542
953494
480965
642600
429921
587160
856769
791128
780131
355625
104070
770973
26882
909278
290530
452548
563975
520102
24442
549272
975631
879653
91388
165193
539442
288478
711496
839745
991495
547731
254781
546293
710970
871797
94055
803198
933675
13962
60506
556172
769650
818508
815871
449165
988008
201028
17448
906797
865591
734206
599904
940297
499360
346749
744083
835963
3384
872532
635445
680735
769551
242938
33023
855994
974072
209548
616992
289273
506926
517380
666840
760456
780659
829164
171257
151253
331387
360978
293535
364509
536105
182882
457165
462680
41110
910244
349942
882102
650959
49827
249795
600701
713121
931256
169680
581335
651022
857285
273702
686994
61280
818987
544858
5062
76005
118165
706575
245450
196545
415274
841994
224930
68504
337689
344944
142861
833017
229728
391913
706526
835053
770726
75326
985700
417633
645548
733726
162993
106229
605583
425134
14324
675707
186872
68236
410590
701319
228264
731925
37210
872022
997621
573966
778171
185561
651109
777936
624089
158630
179995
350039
723366
404249
281452
702890
992382
363560
160159
338861
619382
854017
298724
51441
64533
654730
948592
121994
455567
592600
343723
666783
86603
378696
962723
18756
561953
750192
971373
202529
156022
614741
479734
568354
526498
179621
594193
762023
908213
239504
680647
306429
254696
65911
538907
410477
62220
64756
702036
315271
674982
534157
947405
417358
789279
225604
225399
106541
799753
422596
161172
395495
171327
654930
69533
94515
209491
64147
670624
817390
645101
934314
126931
7486
638712
567431
661871
977429
514936
779765
951711
531799
799745
347415
742711
195811
717879
572625
969666
104599
905354
74554
377921
461586
208024
765898
419771
621637
238889
523353
610543
105818
85012
956084
122166
178359
395120
723556
537550
147864
749393
858661
35397
369112
396649
174853
331516
243630
254810
659866
159369
579791
852736
5328
145026
218298
399528
216653
197925
231766
639887
262922
715718
849297
993500
321258
279778
895501
747075
23016
841955
182144
749542
158970
736961
724820
128883
672813
974354
27494
559446
473810
817395
799920
262962
366554
114960
559014
142579
977442
669190
928562
945564
820604
140497
43814
985383
751673
942171
571058
931259
40600
547493
351264
377074
90707
588318
308568
223116
215487
380200
465035
914784
292582
603239
650504
718480
565539
653
347386
159032
236032
950383
68557
216988
515548
656965
36149
238152
376808
493212
29674
583840
554861
479816
933559
246616
174767
561026
643106
739531
957685
769434
699767
412036
624551
636263
298900
649572
470714
530525
10391
338046
781610
669059
331104
494017
288495
910469
944908
629321
296199
291913
33866
796216
400074
690386
331828
101367
979867
127811
991735
206721
819731
339252
17448
593426
67317
731940
361109
279490
186264
992816
134011
260133
98646
70424
616055
127584
345362
418874
624655
833053
553562
395746
164802
305983
110523
528591
491307
606409
905353
625578
80825
663494
381963
819911
992146
420364
848607
757088
152232
194162
592937
855618
664054
543642
365851
852470
247070
660880
892190
272846
870586
784680
404157
81969
671047
12670
459842
411004
880955
412261
938635
158963
266785
392894
897807
921317
549555
668810
834656
113094
108810
646873
317148
641100
648904
750337
644006
609432
74928
542539
202848
439098
685523
278736
514888
135921
782980
876998
576783
703180
387912
347108
170087
95002
359334
904694
65818
268978
453409
333055
354668
826769
522445
828328
321793
67506
212523
401940
323877
391999
717276
479097
864471
771601
278467
858644
783362
767561
674217
11335
731801
705572
893770
253264
64764
756808
267175
685811
517867
652327
641954
22952
761690
855908
921831
552252
644716
523919
150452
393159
874580
297800
393446
434273
969254
648329
727133
18022
418784
292161
91830
46804
982839
993021
906614
50119
791194
692869
16036
523411
564035
774156
82200
168764
336571
489386
965528
348328
577485
498531
48810
990542
837315
476326
978729
882137
815781
56259
54924
435308
391423
343697
930118
610202
446875
256403
894571
876801
68534
300533
905824
810452
821760
479282
270147
276735
346397
131424
563140
113725
706775
711920
558726
330805
272976
832980
55140
577020
863962
162640
775505
498235
754078
459807
382424
272270
850038
836690
438370
836395
282327
810307
204428
638445
802756
110578
938351
524765
906798
501921
733605
145611
198257
237517
962902
105638
644680
846875
260006
847463
75213
732443
669421
765005
736133
869792
765867
301375
627270
694580
652825
652241
642634
610295
235159
694995
580078
344897
755792
269281
475307
918049
474821
603713
116265
244518
445270
940817
180956
409227
363557
53320
611674
681432
710537
23714
44582
570668
431945
971522
363616
271616
720
307537
981902
858620
743596
839976
799134
593796
760687
400617
918174
527700
471501
376436
44692
732390
817094
636293
416406
124802
968302
753422
208328
934832
910424
843683
620112
14359
40201
800242
763857
931895
515499
691022
213675
517556
759679
206550
482165
589432
978929
148192
768471
494549
841511
474793
813770
167064
175135
987026
817135
655545
393647
605671
820223
876772
422069
942691
223735
255112
373783
560
641524
130088
418768
317181
26779
456023
516456
568006
719332
405517
197657
538312
330558
426541
967201
866080
584294
198236
827489
829171
904398
763439
910235
873027
540577
285290
692217
513560
653216
857944
76909
773090
310389
522452
774521
456523
30910
20810
440256
375558
361866
755595
806628
20807
9115
79913
894868
441144
957800
206411
85744
121523
326199
955719
293897
6743
378076
882590
996813
376795
329077
655293
680219
393521
686542
244356
520880
894484
94394
676340
491129
65046
741585
462994
226464
607512
798250
814619
613338
638479
335941
955166
623838
637554
313946
650737
221960
715934
484408
292708
767449
765848
939765
649078
370799
233554
536298
358420
848372
941442
144352
522340
572435
575641
626027
857662
513951
608074
830831
778919
291901
345363
970424
521294
744578
545014
74142
142224
985772
15638
649989
7629
674223
23039
55866
881945
968977
458122
607573
486955
88431
637187
53809
239121
30578
711977
777948
111972
617677
854622
218415
257337
236914
128827
487748
69772
137578
321029
212944
568522
789315
124445
912606
936557
92209
671065
76210
853753
698206
415312
610957
817895
750017
299629
694449
863069
574494
395542
187442
908236
812170
23348
179391
435957
296654
341884
571356
955926
879792
178398
215812
378561
200146
716858
959895
820742
481700
933459
141678
811208
219622
856010
399964
867298
482438
22929
638583
396040
537688
275229
745609
815623
256810
594403
482119
647275
775320
598382
700994
685536
697853
441370
741144
314903
531128
824891
567094
460354
928658
772903
860235
633446
483323
967543
787738
427319
351525
135998
166529
349897
38308
278259
87511
487282
648255
969815
562601
40188
597980
780995
474623
946467
740011
209836
786155
95741
585126
944007
656236
452676
402674
925367
433915
204106
76981
534846
816978
446555
443702
803659
925090
867052
827169
934409
918224
263831
332854
294084
132897
278171
157349
225585
272224
473745
529747
329481
603873
948104
592324
434508
774326
418542
623843
91349
183367
428173
760168
899069
147651
529882
260933
730613
454652
4980
631629
590229
204301
550119
100892
480029
454512
33068
487040
171695
791980
301370
454356
507307
638560
583199
609731
278620
719659
130145
862844
76319
36589
954352
796397
916391
750715
90026
341537
367393
488244
622363
801078
605831
604571
359951
975528
114290
62779
65524
395033
808935
507460
601163
978797
54345
93337
738613
491023
40904
574704
188829
612920
563304
706219
965449
754329
464014
234650
776938
946285
945355
490974
161285
116799
583430
371060
641773
792140
143467
788646
663019
580414
512945
95188
54553
834832
216847
637258
583195
400930
41125
527457
818752
487491
420568
147472
573870
883995
988043
47093
764169
412566
995169
53872
948391
647554
581712
154736
939756
373131
958544
606937
165049
250698
752670
678901
807402
701723
829503
702142
696982
381225
749463
962021
98708
606709
721074
240778
288876
644303
548503
370925
882104
833267
89647
109133
614969
181515
11080
326701
741969
577253
958373
259167
538159
790786
808738
281985
325677
185802
929777
141489
546907
627010
896478
701779
842731
657115
599386
694410
109953
20553
716770
194502
886536
81464
407027
591197
394238
790880
277704
233145
609520
441766
141176
95202
318604
990830
454728
407136
964824
907804
686127
941698
208610
857395
94064
963562
893214
216182
967880
456982
705376
275890
336651
951244
783326
409758
400761
223855
203365
347415
690659
523228
628851
86545
255336
289156
23034
897788
456664
638194
296248
512423
31218
345662
773406
139307
76245
993151
175031
425557
210907
452776
599860
624455
817542
466252
826064
730175
505114
289281
682868
725486
542562
343230
641395
387929
392832
951526
83398
988390
307537
601288
186426
940588
495478
374230
641032
131973
567646
609251
778330
630932
182485
99827
946916
904712
691106
632301
105286
822946
318644
358841
622357
90398
207999
584704
567621
962280
282264
779690
151495
735725
893886
778131
117084
637843
643988
16561
42402
205005
598569
787258
331442
173449
878688
494973
443028
543877
356455
889561
726237
886249
372732
237348
538752
961579
953491
345321
473597
309253
235623
749209
245897
395276
621110
346713
432206
90558
897518
29739
254122
93716
636053
488838
254958
730445
546052
290533
624770
870687
726877
794062
935257
597125
331811
407164
478899
34540
689111
480993
170423
603911
645893
537166
366545
171718
394122
790454
722431
551984
258529
898850
319557
748471
240991
542835
810329
774667
793834
873366
808980
55988
678133
139460
351250
389921
894926
251725
741328
757412
856235
164984
915100
178008
378108
970870
942510
898379
215957
404971
225166
185088
225232
485258
888604
473759
520701
649813
985622
902171
371170
409064
80140
499956
946395
259170
726367
850776
534071
503772
358783
908771
907965
17273
537961
778207
469216
544321
826392
901244
181039
589716
816779
284301
613903
676854
661355
151068
774645
308437
662766
608719
310270
644346
950860
422605
984328
278243
870562
145482
807695
393588
523990
545490
802999
279302
356323
215442
515788
86751
610435
778775
436234
694188
718395
964113
576144
477717
263293
487702
86452
720831
729847
235186
404078
710963
24206
748568
232662
366192
181129
961526
283128
733891
286495
81324
668328
941204
780999
559120
251589
860791
625417
670109
142689
242375
468304
11037
926275
348140
476861
239098
7531
186689
723674
992038
303576
709629
466735
346587
283672
104637
177480
962621
309592
23261
818907
315346
647873
747181
931768
803180
926440
340897
892101
523877
997862
282500
897072
457211
983835
71449
124565
911426
641039
389324
123066
610677
197829
179521
30976
475272
34917
213424
784812
876948
317952
572183
8165
65952
996612
485329
439185
304390
238493
279279
156791
727040
208497
318633
643688
341179
945082
569980
731483
428542
433513
556651
962772
674203
964365
511283
670088
715992
204358
619533
720641
114343
583468
484975
352377
124968
843305
805433
81127
553396
108519
647575
478778
320541
549507
578220
777599
628653
910473
898403
470518
250438
156537
973823
414113
392742
963405
356738
741885
875978
675775
593537
88235
596723
402768
394256
561427
610019
642148
25206
726340
744755
308561
722999
691227
840640
562291
863962
898333
893415
799173
668317
427682
241074
126010
322544
189385
322831
51359
100647
111224
697944
185949
860124
814483
493007
245542
88190
827432
924139
296095
755994
268178
157478
546353
285950
337877
355631
844674
643240
542617
808192
664092
314047
966218
426734
709034
346475
817907
786025
183124
111455
31845
530585
355878
385528
302219
285456
383150
475275
565273
596432
815015
551777
439161
232346
168132
624311
502521
550738
543611
184721
185888
621291
309673
105345
115773
416910
137226
255472
471649
823601
101716
986758
436461
488675
613437
89127
744440
622312
825092
326099
209347
313018
71088
654892
73848
160803
142300
87581
131117
664619
360883
117417
9687
882438
572871
521748
45281
966628
136788
353535
434921
790942
972494
573734
691919
186850
803012
603191
932171
851756
840827
194935
684099
546492
697509
296348
50768
697809
711083
508916
783784
595227
836502
600918
748526
160628
427694
558133
916866
207717
373325
511611
88037
683502
520959
854689
433547
367554
945598
713731
405689
112672
48865
271401
648800
508187
267285
680339
876572
437480
636618
250093
176330
495530
745329
208133
749652
750555
16228
566008
562672
577145
455038
226986
740168
700693
989558
209127
867628
422673
776660
472336
282325
271374
156525
400183
58528
690325
568114
757362
803365
949985
235599
261207
826715
603824
288426
128072
860719
7775
735207
241720
205384
124889
820666
161294
695882
613485
52675
912519
247951
41296
61166
40280
885740
305214
674710
877294
471753
190590
645640
291892
122180
37487
714873
39787
249776
565661
929187
841010
297307
215746
675891
667260
795690
540629
121496
957127
229617
455904
540057
133745
603913
890302
946419
795155
152435
991079
531093
303954
631975
351676
736989
672703
600823
934400
587452
153889
341945
817284
260584
64326
863892
42674
132999
405643
303763
820217
57764
714557
270374
193756
256071
370335
519800
120895
220594
564070
877226
935822
240562
440078
64893
958027
121798
804596
805107
400765
311958
71866
592508
345379
638422
46233
41292
35099
477840
619924
13639
62241
431473
961183
58608
482746
564951
516058
322445
212750
388019
524206
170297
787416
99402
626690
844173
836430
806887
379506
773543
149311
844255
965724
377956
221963
8034
901490
156146
532258
43740
877478
373923
140213
468802
643862
415270
740542
712437
204803
931448
755928
759365
166305
25769
356993
601770
289531
134110
467641
412949
155706
242084
85770
101529
728346
158699
217610
766325
852778
443792
764174
130711
359421
829393
986754
344881
183213
99698
876438
668634
125644
192579
260359
59641
637533
361065
793273
759366
96118
978713
113226
618873
615966
816842
77642
342978
119271
806942
153496
726422
151711
633908
958201
757391
103808
579506
178868
685168
207830
75355
989549
629565
147584
815681
234510
765601
300727
981793
830839
421814
297899
783951
699214
934370
159871
504770
753744
568935
969025
410738
559837
478993
310978
610041
706019
54252
647390
65313
87682
598317
157157
280473
100765
706194
35469
25162
130048
69721
532971
623618
549606
829665
160830
380910
111362
347739
745528
162332
594096
74864
77137
445345
721577
242953
555704
817514
812610
218354
674496
335808
66400
45699
145897
141609
464049
736457
563662
520100
506082
338703
169034
636679
34293
479209
367620
493065
859930
633199
576708
508163
60790
263189
39331
915142
896431
469465
675284
189827
316338
457745
457221
465443
289586
696324
693170
947541
268937
340235
733963
243772
359121
94676
288277
936019
122041
206839
471537
383773
81855
984514
338400
457772
499359
351374
517671
525536
718174
635031
23741
965332
14653
411577
525684
359680
974911
915033
336063
581219
119144
832392
830065
509212
194402
918848
422729
886988
544601
859201
834390
245338
548995
149225
760854
628100
627872
250064
962069
877047
2366
261585
422116
880140
336630
83553
302881
566090
402722
796161
445731
171639
512436
886556
849391
450283
751279
411028
144237
168583
140502
345852
616931
949785
744436
419197
438253
74506
595734
116711
3202
340718
316124
725883
3500
714966
539275
298786
925712
373994
519034
279797
943924
490832
648437
719238
188064
352263
348280
154854
751934
195965
331612
305032
443044
433128
640963
514452
199184
159255
989316
191308
948816
341465
698031
436412
521382
799559
424116
355324
578216
971831
401192
326999
369121
727356
951010
147476
387827
323372
352079
33300
375224
556201
494200
358686
422026
803896
456149
737837
337662
203498
424188
711572
759200
961465
570447
506222
142806
927558
214069
666854
118387
186540
589790
901569
431614
220030
182689
443707
814768
220737
629434
759889
552323
508572
5068
895203
245404
471514
414263
922521
696135
510146
588908
661932
290875
10546
756972
461128
6064
60977
327392
454333
542109
93101
872814
660344
301461
573271
850291
642871
5105
401122
130233
774310
5117
701194
636125
298372
386548
721291
219176
28762
175897
429915
386779
580898
997879
775999
131412
997632
208831
368641
487867
314647
516073
130277
100951
703588
151617
484257
305410
953648
305124
269102
753734
545779
760941
354827
409452
983263
197801
210607
807488
394473
110400
451170
794082
352921
949937
190794
783511
865617
130519
309579
71100
625944
429813
534782
594113
198005
798615
740729
331539
690090
193246
285993
753085
327026
821400
343073
635151
618557
562821
589190
593115
451114
144962
258380
729271
816270
377468
989472
476279
53584
621384
297620
90220
584779
254181
546541
9680
14260
161400
704655
914264
279084
846418
950862
831003
595528
211976
387468
171029
267039
236729
718010
225972
258569
622885
526107
790946
790767
420495
106986
150252
439494
675517
162638
976323
63799
454574
930110
48356
441043
30186
101993
258271
342734
890725
159115
380354
909718
885457
316438
224407
840690
518469
600358
664955
990462
317704
721558
32179
309203
815664
146901
511829
961606
104702
997706
270037
423571
112518
468916
124594
505026
744267
369312
715235
17937
922505
51922
233308
849284
394726
762596
938291
457361
379468
499904
614772
715981
687743
843997
961742
686352
694554
12631
840935
432741
120599
840626
799508
83175
288178
366035
146283
712628
566001
449541
59320
613242
287896
660420
231223
416852
816195
654587
728769
97144
143284
327856
149547
477048
594557
713696
170735
555667
478542
908699
433778
408297
299961
628834
730469
59970
548075
129351
815806
1009
254492
50228
259478
928843
325503
81429
188754
101460
649856
178156
824145
231741
33274
655516
936787
909576
336141
823010
927572
586975
765293
994221
438536
752634
116870
633450
185955
301802
235645
918843
990200
571431
661712
248372
637548
964846
737869
231270
738649
866900
310220
974710
33562
208911
851940
836990
276322
15812
356028
428289
795599
615717
717709
589096
351188
876123
593918
34125
750890
903014
432570
69500
628630
999963
19235
789297
328142
890973
821476
646288
298456
271937
881247
377668
786609
237547
804272
467291
883767
498806
773078
608982
66225
837612
576225
827163
32004
514280
760691
684473
442092
194222
657739
158601
796817
915319
132271
884047
599020
617868
808618
874109
298715
286217
436115
621093
752877
247188
460494
679443
336785
179316
686547
375919
274152
223184
89381
906107
15290
530034
374260
748790
872430
67957
564844
731197
355196
345671
481921
350104
421758
404065
568784
909525
710225
837438
300375
7339
18732
355045
85014
41743
921055
190260
81039
526330
375415
15590
106721
592758
239384
627996
650584
734133
76324
260388
248048
587965
115450
694964
313486
728140
102649
104341
995325
991167
27167
607160
46978
589480
864786
183413
352577
784707
461498
865867
316206
265083
399115
839468
17997
535915
856038
472707
652338
365693
590412
298805
487804
811946
903796
349450
640278
993475
468425
757945
770323
773571
495007
560248
148166
52185
6772
266734
630403
982309
959236
950337
781551
205320
188399
292408
90178
678023
514263
129803
975435
164426
704807
371067
83253
339859
914278
137233
353800
233491
387855
24908
621331
922065
697527
992628
710804
267864
74723
550705
289421
792561
360403
548947
384352
32187
479216
261657
416749
140506
51480
856783
258867
454442
270000
27882
636320
420427
595794
601232
539739
147583
679348
124867
476501
448735
480430
892635
40392
866295
615079
997968
994280
857124
822666
773789
652798
392848
803908
554041
671455
638302
127771
482887
874352
938610
559745
518223
868682
967556
899068
570449
107530
410072
23001
425538
634254
277584
791119
512792
971518
9224
791962
901269
342423
667922
600862
26800
95060
625987
650285
754175
155743
698240
19825
137147
790560
629174
699313
271174
985963
653215
179768
258295
490151
468056
911523
786909
577845
83774
766900
613516
532435
179748
774355
2655
251801
456220
280986
560620
616992
191124
740817
373956
625730
881956
749075
177053
837697
930492
401780
159286
400909
678790
578883
807270
490157
723673
976221
891229
447870
727398
226018
196527
427358
427174
294101
67117
267503
857251
308162
228178
79451
678141
565138
104260
731204
921678
750326
965818
131324
146694
396485
112726
423205
550261
121424
265037
882126
100512
618484
54153
841879
152311
577176
395392
330764
440969
494437
617931
380812
385966
325407
929958
721235
831753
293006
388381
956206
865385
502353
250960
56262
753428
299071
356878
658400
463007
440257
468503
275046
113080
657531
236061
212892
572884
323294
13203
981339
125933
989879
751298
847867
766172
274613
688273
767689
356703
804551
702709
929577
852897
554303
465445
547138
57404
315839
119367
613843
976270
167346
536626
162643
298547
796031
255300
893690
628108
844212
256782
717852
706399
493421
286784
347811
148706
537020
71508
600550
71327
370232
800425
581543
902830
492916
371057
654459
743041
460056
430584
700176
872
478084
809485
305619
922809
873072
261716
288644
572025
29921
699631
515350
459996
593838
868918
314993
606008
612474
950106
933978
574507
512657
685401
70089
257236
376433
316734
96039
788325
739049
439135
442144
493647
804607
29618
689538
877906
591028
403917
345098
470092
782521
289753
881619
964190
182886
90398
329351
676888
765613
901135
622727
52883
590144
58110
562690
139898
998177
235897
422888
785925
210305
329712
50104
50664
601826
523528
969898
895465
274625
907898
264795
701216
320744
814743
818232
965371
709553
467319
915571
216388
271311
619583
563049
643756
585254
669451
907279
823911
194857
35643
378069
115823
263474
473352
948896
236372
887980
299681
175571
511141
690943
722136
672228
947607
391501
987373
697877
872696
203135
198236
78843
907164
512061
340103
873739
912185
621258
30287
441329
595654
19120
508560
356541
457827
444733
514049
81745
8565
8604
310559
9615
575506
298758
984783
8781
707555
222528
254405
675782
793588
148990
814467
531858
770042
842562
462854
929581
848027
551436
413203
663439
828910
876694
735233
467036
323956
826387
501024
425077
453697
416097
528620
261817
319036
97126
392445
132902
921455
750193
233732
408706
352784
688038
314550
985368
701346
925250
767557
460828
24428
535724
191748
177391
476993
833166
230908
751565
370272
170289
566081
638976
412517
517908
990516
704588
548365
874154
974426
67541
181585
721990
905510
667807
605624
98355
108953
560431
798657
568406
368334
615580
944285
835805
336463
829370
833101
534459
727058
506349
326613
259978
587138
346383
105114
245027
557143
682423
802297
307892
645438
672926
23416
318445
532052
964862
527599
841366
317352
45575
453249
986205
959886
264431
693069
530330
892076
116304
611120
266039
588742
724106
910830
771547
143133
517738
919757
724030
919532
247112
140165
749711
730868
85210
554153
166528
525732
273606
405007
156066
378359
307219
498161
961544
112947
717588
962425
244364
260915
800327
583459
967345
263910
297170
894695
632884
149233
171191
176273
318377
988783
376836
488107
714355
809375
219834
598159
876155
120666
686330
277860
207434
282509
303218
492676
918011
86628
652403
675917
280918
442575
134730
745080
887102
415299
399692
331907
533234
113725
256784
803027
732349
636561
971887
764365
566999
63539
24942
119232
85598
690266
740958
170711
157856
676880
66209
99782
944070
666716
643592
659852
388816
256470
898307
981510
20065
297174
461631
570300
688143
875788
681776
740144
712922
386269
134219
500862
841663
372124
99184
221615
750423
273992
897943
951649
950669
23745
571833
633507
785412
163319
789694
264159
945383
271685
317495
19180
317339
539018
587775
297441
823957
28436
258616
994371
308025
845773
259941
428603
284083
773279
726279
347907
387901
334348
951136
662489
748278
215119
256465
92695
832283
218307
926989
492306
619899
885993
580907
365688
487159
422602
543426
990213
224091
430825
463289
288287
972465
164163
476938
156533
682853
949856
747244
282106
326671
571598
8844
338001
612995
184343
120514
622344
851819
478693
52692
940071
308746
779645
332584
947247
61570
883431
308131
929947
950487
228779
254896
228662
468397
35237
939771
312795
50125
544682
445228
60007
813539
582929
687987
510510
882400
992898
491430
747675
199626
11236
28402
179852
708661
40487
884525
50956
924715
481091
613051
791393
822211
340235
713533
898293
131876
748163
973788
604252
303170
594657
599881
761039
676110
374614
110811
751636
98200
645599
198052
610349
57899
555529
776188
166001
735276
445267
567014
798624
520962
933077
41938
992668
656041
877897
77141
976490
725564
787408
429951
161399
628394
187774
806487
265006
107758
956184
567064
800336
933328
72462
491430
754116
743835
47906
967178
499580
76498
386651
159142
692536
337587
925651
3048
415755
18684
935619
806268
192844
471307
96941
243913
989674
374735
287190
661653
286673
705185
592145
551489
446575
4648
519880
764851
385185
777347
971812
726826
900302
778203
205269
978541
417135
203144
803505
65214
86141
361132
51877
525553
655736
171731
655434
558098
54910
417873
225044
373173
194318
962303
827039
793578
812708
425416
715637
474248
713108
23973
660023
670688
175688
951058
631167
942413
546561
493528
205048
692098
957164
519768
409009
156674
568500
716541
660668
741956
801916
577395
788815
501906
103839
555677
348402
795093
916345
947897
650250
446025
442914
238824
689222
233239
432985
63118
445976
998184
165266
17927
169560
950530
353671
327048
593186
956932
657722
818861
308805
421444
153123
195812
110323
862943
979173
529154
613134
730146
443228
595681
370574
707268
383933
998846
106820
86869
772814
169441
977160
416951
757312
891979
677667
459319
801504
964325
63401
961992
936271
773671
280155
228131
979754
259908
642637
255110
346620
239693
848776
809381
111095
554298
403613
542070
124554
149335
125184
216273
968506
742441
360063
490357
614144
423914
733219
355534
608787
529574
944936
976141
546397
708056
364227
594734
421788
376867
630652
796314
975745
984867
946804
463693
818919
456726
190440
266805
23240
174535
39716
331297
781750
627846
745564
622344
565742
451827
764488
608949
101411
168090
296668
628114
222438
476350
923632
761363
112482
952159
421658
459679
223163
481150
397647
187991
690315
911913
549157
682856
704184
341763
157456
987820
360686
803976
901033
951737
910471
611184
54088
700426
413389
322265
920789
366850
528051
503105
542507
185359
430774
708973
806894
408911
643665
406323
174607
713376
621919
593277
685837
867270
3559
438084
729556
736941
222364
887214
263729
551175
34786
560863
961586
14109
756157
511555
13830
321422
117990
339464
526380
240461
933843
388994
179948
85507
282604
612513
979148
399133
183240
870409
254641
791040
982841
229361
339192
877949
162423
755623
611933
4978
565861
249699
645213
526235
142427
918165
745143
921807
919605
399076
558454
963312
895599
504936
222281
814843
537291
405895
682098
357421
927975
765485
680158
81440
239014
274853
818566
659815
48101
327802
577278
634131
153847
444357
500657
807023
918547
698934
633568
406645
778766
572497
784869
567448
477151
730128
617077
381156
29073
1677
365228
948162
748965
198069
654770
591189
646107
738340
685618
942848
79896
621309
820141
920660
182800
395639
423260
235910
260639
745474
146269
246019
709112
697531
348534
821929
56597
560451
877724
825599
31270
683138
729398
226865
717200
563937
497005
565297
658286
371091
144010
357384
954895
550750
759666
926408
937986
481032
202936
38432
666482
141925
115257
470035
374137
349099
26223
571516
228561
344000
905895
664659
268576
705847
666699
414361
389689
814947
656913
339829
402485
490888
811537
734573
614963
94820
264637
922980
470943
225323
436512
366220
684494
744460
989818
11844
749648
531773
691260
629548
923256
288856
38634
78951
616460
463042
14136
266261
707246
431100
787727
803850
179754
166954
312821
816063
860114
375989
471706
809626
320163
869575
543135
126825
151368
501582
848243
576385
643415
188500
603385
84295
104603
138211
134823
194693
6580
558899
334034
235791
910683
126423
2233
433069
409872
525076
791477
676399
509182
692553
554894
661712
994748
496688
336812
226796
429353
346034
224762
3533
160087
382609
992628
468
282611
85875
779478
59593
110017
535051
272251
730033
130822
187287
319169
692017
789408
828159
812432
759573
109949
924999
134260
421465
512886
847023
160686
938196
903468
834426
855607
716267
109782
706653
286136
373964
644153
759504
838088
778091
812335
382137
322320
38748
715747
935456
569595
223907
864521
159408
245921
528674
166470
142928
621842
493744
266288
218817
913423
652254
991820
352303
534335
859900
114387
991025
984618
101355
806755
130873
694490
529227
393592
907858
188009
291583
43126
696188
956771
929899
110905
809179
636398
757200
962048
99371
554757
895048
890430
791343
550825
590135
991425
307247
500758
716105
647784
208940
262613
604881
356387
617734
45033
789802
903321
853705
744281
759924
636055
431371
340414
665072
480130
910925
428244
498778
606173
299998
916301
561734
77779
938777
585293
244477
183861
794312
804146
185759
217490
183333
946265
478302
802309
428869
885364
773535
387149
219273
892446
645278
587632
975298
339091
544922
692433
278014
699677
837193
657894
396907
570277
48152
854209
16174
876049
109790
582792
297703
795088
54318
811319
93623
31519
812056
740226
498813
361282
6609
491663
988444
715877
8806
285573
77539
851868
866842
87057
25875
955270
649858
18817
753797
920997
717910
750067
315283
418149
959904
709267
394367
127353
755390
678927
663018
57354
193552
677261
83961
276179
733091
156994
94225
864915
907599
279770
569519
796412
225120
964333
706161
190900
482961
948406
786074
833966
807128
336033
950462
725287
77316
574998
729272
777782
63170
369246
204744
490583
121290
544888
434312
442463
949345
145764
736333
430629
762477
723397
293359
885359
991783
796375
205618
286452
302980
165495
782512
918509
688602
403803
350511
356208
433282
85603
890655
738177
632491
466004
189991
929454
326336
506865
312947
390649
872540
883858
214553
682472
964134
270888
672886
508819
617963
940435
644218
806151
77964
371582
798411
518936
446395
996597
914353
557080
337952
382149
930181
605550
365400
557156
591832
810678
320967
597025
466789
878421
685077
314008
243787
890070
875754
453919
229846
66291
201681
409056
801106
847490
872256
820502
936901
20310
520289
626974
419656
625648
618405
488625
494369
734074
974747
76754
568471
768073
982088
366409
785309
65661
541282
239445
529728
934051
825009
792109
743387
689779
275651
88961
379655
375891
60004
151066
756917
141971
567665
214144
86637
668004
701389
689451
663034
663543
385480
74210
561678
393470
142596
858923
416783
967454
58827
968625
829564
517205
213275
849307
318248
344981
330882
59929
42187
676358
32689
607997
877028
159853
889581
435315
595148
922390
370769
58867
878890
380957
972094
418085
82106
746813
977045
90752
605011
926681
853764
283618
805170
781915
222936
383443
654166
612716
426792
689428
236397
283740
392136
480505
854693
815101
985158
737185
462079
988875
898191
104972
394449
439096
519588
152810
217679
292415
289482
392400
115793
553726
696199
977017
481880
734184
461961
824983
599214
120743
171489
441112
496072
110088
712791
197912
437708
874716
793998
941558
659505
53156
706135
563150
80300
697974
351935
786838
62854
764486
761479
142963
592167
993215
511957
950141
707173
292134
123337
926689
668739
83624
668157
11220
355344
365566
191816
209860
931858
859017
653152
300637
265591
834535
718585
773103
423693
576378
431604
808151
661471
254686
366611
741712
724994
288295
474703
588479
648138
148940
711519
810399
766195
702923
743745
854106
343143
169044
412273
798573
818172
74957
578289
984087
630374
471164
364631
7335
669752
92166
635533
563605
383180
305030
960405
493182
710857
901917
106104
133799
102614
768565
989714
71878
960999
400699
608172
703581
956735
446783
544727
914806
471418
352827
73782
360584
681494
417535
217525
121208
148198
700857
895524
443825
110395
679768
42165
112577
889454
419168
212303
419615
106060
808787
461943
548824
893796
103481
451967
666776
746761
818746
474698
919295
222666
387034
661150
624922
226739
21299
891379
244192
10308
836491
920393
818755
901708
100886
639355
855298
993639
826689
686229
919129
512602
538151
617408
624802
970354
101182
44668
391514
300068
142658
750409
267159
237322
241336
618757
915032
545621
971340
382035
427541
290662
435560
254588
45534
877743
121259
984269
264946
125363
119395
116516
310949
117177
397334
160422
692393
696312
333127
937769
105544
204481
338786
634226
892480
977224
827349
123152
183057
434950
558568
44125
472088
650174
653092
663176
760074
961302
731570
136745
39731
187912
442491
130331
552367
589740
638677
379744
43211
143163
319212
968248
63941
829227
331127
796433
731041
92742
368323
481034
771393
50809
168069
363117
484613
64837
44240
657868
504602
932772
968822
81892
157527
938177
702163
245125
293058
655090
353242
380733
703081
788712
738680
275583
129202
812675
427905
804120
54430
219485
333368
838658
989703
698516
906
777735
693770
767526
867893
821711
912587
377774
109288
496800
525314
349009
349443
702907
25369
833552
156270
975491
10219
257992
843450
91671
220831
651983
175863
858062
62791
520454
352928
501902
347453
237877
940895
937863
712832
426404
962569
792476
538330
758979
399837
25964
598394
802326
843169
626256
384454
208051
185421
834729
487751
99880
101852
628956
419381
670722
62777
412150
696998
954780
732085
602413
879348
755328
666775
845764
585634
278018
889116
82824
731897
979190
264276
482029
341634
921927
779426
129922
750104
291675
744673
264978
162480
92635
552004
761097
743487
666362
463307
507572
676725
519836
222732
483595
187887
426093
984986
334658
619184
315663
663154
271833
918520
788284
412069
253273
785660
84620
427742
851054
588074
446026
7373
424540
837840
817823
753725
610629
943504
828118
625361
817308
865755
395393
435911
503716
165527
251611
182904
281288
217734
277929
881096
376778
522295
758714
759820
916873
826091
119676
941521
182595
186857
230409
656282
368584
768092
485519
867875
337751
766053
198585
933911
499813
262492
128180
477085
937029
281542
796784
363113
729932
239520
247082
592203
759514
403443
697930
335254
419407
164715
281750
980737
297307
209330
268286
713729
157247
388174
988724
499326
599931
44834
359513
977887
665473
741435
494287
126582
20854
388397
986699
530343
781473
851803
602163
677680
69507
796446
980661
937417
265152
500295
327959
592880
178137
700546
389033
175479
748892
772753
675966
558587
713617
657857
628472
160930
900656
969482
343396
109704
656406
238824
76643
529838
424797
925876
60925
109918
822807
302725
164983
603747
83680
234447
545637
72512
507239
737694
932574
861595
225674
699114
727763
319902
380610
834028
952207
673482
955037
892677
693903
526627
436481
311236
374822
219742
291423
878996
626499
356518
199806
923073
895269
782048
303064
511051
903546
189434
834209
340445
716187
677063
883984
230013
781562
372109
557567
206218
529098
437408
909937
196615
487257
564335
419542
434305
460927
98143
99916
169288
543734
345685
506938
444917
855520
170047
562876
626424
717645
311057
705783
910354
755131
837834
231678
920857
668102
451192
8230
208732
418363
343009
135211
950783
146763
521906
256230
618632
449613
143849
260600
746077
715784
302661
454011
346125
732264
699735
263473
216785
187626
854410
4476
456760
645469
26688
567787
188754
452862
603125
637187
751384
292961
215761
612175
50309
389392
707214
958129
542076
185868
434947
321110
92158
801073
896518
845003
582893
634236
254099
558695
962535
919101
471792
228004
248394
517051
518124
658529
865478
370424
522981
518662
466272
335112
415705
661781
66053
944274
853552
708270
243961
603027
285268
893245
697318
60324
231211
318674
136346
115157
685731
981554
584782
254318
480056
988648
732148
100958
427684
671745
821627
358542
693136
871288
714025
571903
762695
722134
623700
841310
502684
853664
32056
91946
586824
107327
504394
228364
559537
927549
110500
439309
338230
793530
984858
406612
682360
882649
142279
216462
735634
59670
449126
758926
576907
739255
565604
275067
348897
753669
733995
108017
919242
742244
854054
840820
711571
230531
78448
343452
147715
112312
155193
885437
561673
801235
511364
726846
651667
45382
86518
562558
996325
748278
938556
147327
367554
738885
862277
735762
85499
425454
852531
847736
344137
703610
374481
690669
994335
779964
846809
156689
758413
740656
795081
648643
198390
127427
156136
874186
867525
962325
580029
857649
714117
925210
775381
775577
12984
133080
976681
720702
919512
643361
279666
771294
906494
656934
775755
794310
327572
322942
868463
54510
866166
446390
202176
135950
138881
341538
813118
872090
486193
886882
377930
900645
723588
428779
810108
616573
46180
673168
523275
577239
619140
54000
430283
978332
318844
387584
352883
584744
758363
9206
362440
459049
298149
319939
114350
561859
54601
51037
489364
592220
747696
223290
892504
735152
785393
571817
497360
760959
342190
485769
15751
664176
431626
589316
658737
618173
471838
67833
786944
523726
989997
812733
868136
881616
334023
992482
361226
714725
951014
882505
986253
984730
373801
504779
676537
918809
929696
533371
285069
529416
613872
928463
198746
941307
245923
29555
45518
222437
459687
592152
235631
455345
128247
389336
653119
64613
196810
566306
220489
770314
327187
275677
587121
880543
430334
439740
851180
140660
551046
513791
880927
991381
867079
76880
442030
352921
458264
321
48622
303929
728713
78293
122573
870562
503574
178057
733950
126522
172775
673476
805288
135806
919497
810709
417410
485209
999810
386587
634288
938133
207754
998656
311049
161694
212932
768592
662628
893333
118283
618574
827525
654742
162259
458607
164975
301150
674476
70145
242185
767540
581709
473868
112288
212831
311615
936047
351233
34938
860017
17845
47294
701029
48838
149506
50530
124156
883346
934094
844861
598184
382622
845096
46463
533274
373325
923444
789072
488739
891676
216422
641190
109678
392413
178094
786947
356454
173172
159653
714858
215996
244219
561107
491493
700830
203068
535280
61831
717672
664554
961589
409331
402145
79505
253942
113205
384828
989377
289407
526788
217980
826058
636044
750852
979649
503368
405691
395570
757394
499874
450680
685556
398505
858177
187984
538669
634359
477174
98485
525547
617253
78514
906524
684517
496567
885222
939494
757389
742117
900876
937397
167249
233988
433403
848467
401992
21379
748169
721571
680926
47978
438826
722476
40686
15125
543867
864273
187750
323168
438820
588047
456528
206243
904933
289815
47110
725857
156021
799470
230948
65126
46180
213757
254756
704058
479986
606757
949784
962602
848579
30118
509187
821566
14726
193017
334083
956967
16542
263950
810084
402709
991065
883483
962561
118027
256340
312688
927611
247702
330675
364113
463243
741861
885120
315895
687658
176929
543483
553639
579041
652774
51415
439640
822516
966669
135863
204466
806231
326610
25420
218513
954681
98098
595992
651767
922873
550434
102146
377897
44319
868701
720306
214701
848135
407121
336568
987446
564955
468786
68691
817265
195428
664581
900358
455910
551503
66810
796946
939793
428213
655168
553767
987271
820467
287380
566314
443110
382263
777251
539484
266083
630180
552519
522777
994506
226381
959176
736908
995862
388607
99630
185004
748049
282882
645814
608613
725554
282726
493561
314008
847507
393979
203873
183042
285361
881666
458097
998406
867583
904281
888747
702295
45768
271674
208090
588826
71497
808661
572040
257982
943509
517266
554152
597953
52110
409847
46531
494792
341267
877593
480407
234698
760730
893460
270763
384505
933622
510875
826346
865486
873009
121224
90797
852017
415217
110578
784153
367992
358204
432057
167702
507414
279473
796886
787823
972259
432795
872206
122878
780087
982548
408655
180040
400107
577437
328320
309186
21737
211699
890346
315914
765137
966639
343226
41297
86678
879457
316579
445339
462069
730887
96723
910877
616991
890173
498877
784126
407796
606689
852572
161835
763654
137272
548177
176809
560463
604862
739412
145735
396559
857054
775567
471485
510554
467282
277262
811727
58841
569778
164328
478969
760529
506724
971211
12584
596732
598062
961941
596461
54017
940916
724063
827609
855361
106195
298664
343958
969390
249054
869947
933234
418651
580383
402494
214492
623489
461715
575056
186228
639328
801825
267394
524445
768318
163113
786537
886951
209854
955654
698897
412763
436075
148466
16823
913950
96143
797494
17009
911976
901975
44663
580710
529671
711757
915292
278304
895926
667973
165908
810536
143840
593649
346608
846536
101179
737761
522982
522242
425276
884382
788721
870973
964681
248858
319857
349223
926014
594659
409271
939031
927030
664426
204882
163987
434505
682
805312
147844
632217
204175
78402
47810
819067
66349
76605
700327
50800
464348
460533
598322
797048
596534
164954
226355
897333
284560
687373
110261
855016
756500
444159
274337
264167
100272
946094
816520
16305
290177
533763
96525
151514
844836
906163
724579
693202
544473
976225
99417
200140
716129
732691
273400
281995
586049
3885
288849
651710
728930
377261
803599
919483
167813
61524
985868
140448
636487
658212
945044
990969
975062
928305
919200
585872
28811
412797
564762
584909
226377
232486
757731
481500
650474
726054
586148
31859
214858
187436
356439
589290
988612
250124
896212
680205
455644
186936
294229
244484
230370
157408
73676
212794
71294
574879
345216
791331
587879
207232
478882
828573
449655
780231
273366
896870
510286
980064
674151
477299
273142
657443
556133
727579
114294
173211
392096
266900
159965
45629
456380
302513
721894
524378
117287
921309
453038
709812
549063
55695
223159
433926
534094
837203
342006
34331
672544
307945
616137
875879
200684
902307
617424
864279
938456
762433
759613
61524
589191
584662
11667
24895
357223
91644
845394
149704
162911
638476
138422
615311
564631
328804
7507
864494
749366
500561
925241
36231
50038
20132
7696
692441
39374
834239
777708
391358
249179
174831
163016
134813
522093
901226
505679
659200
248161
288532
33906
332340
517388
883332
645968
516793
965455
372826
151625
771715
985757
899310
975
339193
122306
63149
106552
864881
149392
102456
707273
945744
573285
775136
404841
644187
293701
518168
607992
654468
769168
452358
165834
697527
520451
515306
492063
589906
758687
685779
723691
921429
476340
613093
262169
50911
73877
777406
351160
847416
722597
696383
620800
602040
72478
794869
981987
221316
630922
934755
23909
614367
262418
507278
14939
920604
366474
103908
252155
677288
459853
205949
152111
115500
85701
149994
265923
635029
649164
658548
117918
945431
838462
462723
917091
311976
789543
526497
391036
828900
407193
919699
853294
11891
338082
183919
341700
348369
636817
276307
700934
206838
742994
135357
709156
417048
24023
170689
712796
82316
741547
445419
184736
605328
560182
126211
727557
994510
596557
947888
423618
567447
347034
43608
468377
1524
799808
376886
52582
228158
327509
642502
567345
83246
230652
504227
839372
257439
907417
129719
43764
346088
531871
52785
763532
860602
954088
729329
66818
680488
796395
630231
464867
475567
202987
225169
952909
848100
293192
85191
563585
29550
923177
66163
428514
996858
502697
850439
411485
987216
843275
459646
708303
414188
776229
710339
960154
24621
794794
422996
495090
43053
561356
295905
452745
368855
104839
358144
849584
974728
590268
748944
31182
691552
370048
234807
211185
445253
936507
730244
394972
990714
634212
611521
589847
779293
377407
386413
838337
363842
642354
540891
680347
329582
810593
523205
446788
372199
547561
569466
73046
797554
694719
601911
93874
333216
484052
228135
520830
911197
196464
11919
302147
57451
238491
134679
866285
953131
18558
894899
644069
898191
240402
864212
484775
572609
114323
421338
907789
255768
662982
983112
259953
856459
899950
385162
254992
310495
399180
287910
400997
1995
343860
73260
65468
815833
665798
352732
363928
701698
983859
680787
764585
749076
854547
455855
304123
502417
312136
281114
235329
927222
707969
357480
28563
205607
75982
576079
358065
17202
290212
943908
674533
742522
833465
833956
184224
902297
752773
545011
972228
49899
367417
227096
83459
218283
559693
248355
413360
553377
826811
410965
108798
195959
583913
344624
970274
761297
206487
280716
455871
56319
902919
632652
888502
613312
865689
455883
148897
696080
736608
255868
329770
869469
39889
635979
141227
780025
230128
783265
642328
815530
74650
674255
480986
20665
573464
37734
600475
517766
313821
481754
308326
639963
618339
261213
948768
279220
633635
213488
808914
96850
552732
57343
50521
528743
376970
833134
607689
56551
667455
93194
132825
211758
873686
666394
658020
729170
908584
37532
669995
236222
921020
391534
602283
694888
282836
132188
908231
486396
796096
925838
78282
217749
977127
404596
562794
572688
393721
823705
254442
648006
43936
200179
328787
626706
872551
519214
706575
207371
871653
373293
653622
615365
169739
518643
820029
961782
72782
428488
419656
152347
384798
952001
927338
341669
158204
711358
148125
109038
660733
804027
359823
310084
558914
668794
492216
525440
242882
69464
420505
429272
949277
215178
489726
477302
902548
503661
153400
957207
265485
571395
135733
503765
941699
268040
856560
719844
738609
50514
287951
753790
180995
811805
460476
699912
670307
33305
378327
862411
99974
3909
858794
55221
287863
893364
343405
253173
908267
523828
733412
709763
516748
613662
848961
207404
560441
180292
331317
857275
233392
6906
738147
626681
933080
94934
972681
253431
495910
141750
401196
37135
516144
413430
907464
123759
364361
1447
624075
579275
107565
738071
9367
63500
477563
840631
305786
91409
211373
301388
743338
147647
448891
249076
883006
713020
531475
212563
10057
863045
743348
681869
547997
883037
837934
353650
497625
305098
940167
234376
831085
234136
362980
311336
50782
817884
820834
745138
742699
704701
251891
379298
904001
578824
645304
942083
768864
425491
807868
462627
168090
233596
772372
70255
227686
332270
839502
197361
606679
872433
496069
975392
182629
778568
855701
178184
859137
918317
332652
760859
287431
793939
902836
825284
893095
275354
669806
811810
123518
435774
81195
758326
255419
914109
641521
797750
11866
132383
695527
489676
980268
215192
828087
884321
798802
567993
823876
473121
794309
27302
396146
237582
749758
813333
322592
690784
742659
300509
245122
216043
240095
922324
662601
637718
520285
148583
243374
249285
731775
307482
594287
304322
86872
721747
274741
678264
68482
36082
926577
703697
343553
320981
405516
740166
847710
712357
296793
763103
772882
789427
994439
123022
797611
702787
132376
325227
523716
134196
87876
978176
696276
959482
303626
437203
419189
475985
665334
867803
18685
27728
599012
5061
329315
494590
483108
421730
899306
206257
247285
401056
605503
84862
977911
978171
638394
855881
558744
175373
773662
371186
3953
267914
977179
968299
532353
771478
617595
622950
427548
739245
537711
18797
639369
453780
589692
824520
49012
332123
429883
608602
135284
149244
307358
874939
523354
424502
25740
891731
712794
278319
252263
393590
317717
488228
842516
615411
434463
653661
457266
549137
453173
275627
886337
142252
532124
38449
650989
785017
971563
583601
843234
324852
367755
623413
807450
709689
559362
874759
867582
574340
854630
666765
897018
55219
305071
376142
339840
596073
316619
600050
716412
220265
221304
874325
450113
402787
600047
815355
117760
729363
497391
347753
198824
781237
254922
655713
725214
922512
811017
166177
703133
135367
719586
737688
480888
869333
527158
916102
242897
768388
507002
528589
489434
906690
476472
799658
805342
444786
109100
72977
410777
692217
7097
532796
744821
368701
741544
23959
281466
567900
999510
126964
23573
736347
847247
615763
148246
71641
966949
46197
257693
104684
269964
404628
377839
816103
750072
623373
618305
962126
506717
678417
588977
108720
679668
87743
305598
95172
443460
676290
667646
762587
525974
405893
581793
365318
245224
233515
303378
345440
29665
414670
983645
223207
969698
885572
338178
17481
323080
206413
321781
218470
229096
616038
845653
952926
5100
273553
13441
190840
702321
180763
110581
437715
175306
509639
805132
313339
676406
412128
863937
197007
694183
388778
666451
840821
996633
615440
169124
180261
772855
949360
784529
263979
1393
870258
160365
848303
699256
963652
166240
114757
577677
52009
272620
3421
234477
109726
565253
2915
298225
963825
940746
896262
515860
53575
638200
471366
106151
902477
692701
506031
241187
847069
990459
424945
994446
986659
52940
59595
661259
343314
69310
534720
2378
557621
863004
872044
280565
490157
752401
387877
523135
185037
384968
401606
318146
224767
685784
522045
44712
217182
667072
728068
252081
710565
606842
722490
912394
540445
749660
446781
857080
643637
92469
417988
118959
590538
86659
378299
787516
174463
39246
921216
992918
880702
264612
126966
301615
919591
391330
998848
266940
425771
380347
996893
442422
618680
108197
806216
233657
11882
262691
640770
33485
965106
25376
893922
256696
95605
754080
118446
563307
589578
928549
793364
798245
117437
595665
2759
699398
789242
277372
417178
17199
685993
913631
999199
413535
403565
221542
912500
573087
401430
152235
956658
970593
817234
264959
200245
757324
938538
394546
515779
331107
825005
919247
568168
308794
804025
267963
730399
369787
262629
420788
413936
16175
579198
466327
761039
493660
390378
685381
228028
270336
164125
961234
374019
112337
958592
643282
851646
187416
210454
130295
312708
30457
590953
572387
451363
839788
727182
597813
187513
381838
351366
574444
427717
494773
706642
113431
82652
133962
569361
98019
457392
631000
785079
634873
411585
112074
869705
757539
648739
321041
707099
327164
306846
48566
313818
140818
226308
544923
609475
60872
542761
682060
720379
102567
953235
985860
40524
728814
781237
89225
413784
89344
710165
558197
715742
630481
256304
439280
795984
272444
963175
212560
878662
86161
758131
640215
408422
432565
471123
413022
139208
231363
314936
677915
628672
246245
336902
415677
26151
508626
788705
598847
281747
469134
401452
881507
318733
173719
125364
276253
401589
707938
854255
254461
45603
991662
717531
597130
199325
523850
915181
749447
601429
914552
91912
401211
757070
542319
448616
117293
845652
626011
117823
298669
905130
705256
58529
648902
112674
89497
374264
92794
26506
547950
377403
673659
460814
258673
448015
328183
553011
54160
21440
874152
217603
175600
23511
932015
116685
33640
954037
630180
639732
153612
908870
428231
363033
326845
736413
243377
736553
728954
440112
147835
785836
441328
712260
807082
881514
505206
284129
367791
180222
506224
384571
623954
422682
996071
209509
382794
129036
758863
471205
692903
947728
374112
594746
533690
263757
561684
791440
178804
232949
907927
855564
702124
697261
365725
359418
116693
378469
592995
374252
438902
283852
139869
856674
919213
614040
751748
610455
241366
996615
820006
755799
661033
6642
926934
921060
206317
283084
51059
834526
111974
742267
540656
89378
593364
11049
562178
621769
859065
96097
569739
63995
410581
171293
287966
866070
22159
253152
601672
815439
749545
542606
449642
806564
514679
954644
750002
585455
623250
374069
347720
516386
845445
15753
849078
594117
207177
546071
810627
602006
273668
65996
525535
523950
713483
371603
618770
87124
88105
466079
355973
382861
718047
700204
275297
953739
221739
564225
252337
28845
914280
87440
620622
979226
338658
624333
105590
817265
490945
219732
359881
233627
719856
415404
640001
270074
842104
685454
172135
992949
449985
547601
566244
730196
311041
60397
903389
461916
944074
383324
226885
584017
216856
996547
905056
26647
938337
955671
219048
43287
918038
819694
241855
437250
793518
46751
624756
633404
432529
644212
205251
78334
986808
942866
516405
947243
777182
351509
98207
373401
461371
770733
472387
767563
699770
951713
50394
557227
271588
528495
862988
457117
300799
514235
891241
884868
453619
708196
918433
528473
789827
60519
608582
32516
638556
21109
51039
483086
309848
786894
632431
327954
548021
217007
218572
797047
366826
408626
277728
943062
15419
60333
858764
540493
990053
551622
271698
97362
725984
993381
710768
870560
124581
18582
437497
723171
538910
795609
931788
240994
578053
669622
303180
816513
378587
607951
808550
333335
711907
645478
428260
389424
996655
274282
871503
991209
360863
134002
416340
500872
655832
939496
896917
811402
637794
636750
203484
686860
261366
484422
488489
482836
8021
192004
137155
283456
616913
915725
965362
347694
688446
585610
165337
547502
537149
1992
823502
239096
7108
14167
596496
442120
307541
343870
519063
196298
77496
147262
22796
849629
616012
172385
809150
491930
748894
755492
487540
412824
22050
438947
185630
355782
378948
366388
991974
452973
370095
544214
824705
826574
551905
841603
932459
709412
726163
170616
49063
977045
373435
442119
927615
210658
599016
110920
114069
186006
751313
316007
747824
885168
862519
12907
170266
664832
436305
456373
449814
395264
440490
417111
842904
606608
554304
21080
653397
396143
905014
8936
740571
850401
213539
875554
385106
41620
155462
327715
440356
263421
181390
279918
785876
108959
880370
245469
291881
570126
714101
718874
464189
157699
277260
584686
505752
242593
275865
350644
623290
587891
677111
492907
645007
381973
578759
777624
124634
449643
590335
902628
602472
753217
602226
661242
733721
66018
490127
463984
652788
571020
211765
356949
467484
520091
142658
294745
345138
552212
653907
552335
732796
308737
899407
336270
565649
787839
380488
416460
507864
657113
220853
62721
743059
454592
928650
339703
887790
474239
836320
850490
768201
53908
367880
945936
97040
34810
282078
129014
985738
133386
518635
403790
79937
749290
158125
430122
151213
799072
891192
583710
425670
743317
108153
957349
306389
778844
15863
263685
259427
779252
265935
126722
795897
809054
411189
441905
89543
825705
565145
905255
538348
572833
39268
131089
94900
705322
531240
754673
646147
295261
606167
720862
861225
857986
49131
744450
319104
580092
541953
337782
243424
322853
675169
637266
696412
70726
971948
796214
851821
783301
362407
688904
34527
6185
520577
858201
962834
263147
509477
715960
356685
619417
157018
779886
965992
540893
930253
966979
183170
636545
524912
323036
83941
785304
18673
759955
85320
560446
148188
661984
802063
727356
844496
540459
494826
879596
804067
865097
562543
52260
677363
441763
950151
501209
808650
842026
719750
332533
156903
740686
50501
450966
504791
334320
878724
981607
861246
589253
737981
386382
372762
546478
245932
504590
165970
163850
397489
898647
273485
396039
532889
20558
62749
476884
888604
915283
476010
23924
803979
29039
356827
288498
720397
421711
450142
368338
221619
868161
41564
13010
676387
241404
812451
809353
854135
658854
321258
636437
367158
421449
792079
66658
850167
482701
627050
924751
21166
494309
825843
699407
658667
916971
676466
680890
470216
48758
81921
349167
934960
603614
701282
464513
313081
752525
244030
834661
394480
174910
697659
81115
726426
272581
720387
454386
889576
616308
609372
26196
332943
521096
461048
565381
777704
102019
507886
537487
89568
186809
803213
945767
427738
920309
127199
332212
662393
137012
905635
751266
218444
31972
42976
824272
360107
26517
33440
548074
42320
828619
801192
359032
570885
813152
667514
857484
931400
183005
965493
963257
594476
874634
364039
713764
172472
793233
248968
665880
578945
512867
432962
177552
88907
808606
209407
137039
842801
372280
252293
905489
676946
63543
825163
468805
106409
308715
467041
510063
940502
167092
386437
757474
968053
39506
705655
326509
248799
691734
807236
588374
907130
363346
152550
729280
541288
908781
203699
579907
291316
987722
340544
976755
469560
810232
978175
111795
627510
384234
983261
636565
755090
21195
38978
270027
909137
323190
368956
6479
696595
968866
90289
983070
640220
76678
949175
281646
366799
596065
235939
970190
251128
485588
461052
620281
114516
59521
683201
575436
922591
916835
205860
808559
543817
525416
152740
531770
640971
904018
575897
830561
863388
329813
388620
243870
801405
438015
396984
737425
870184
91424
467480
63667
353866
158374
266008
258475
497313
653476
593747
376621
412740
668685
773203
900481
312710
93906
569625
731691
437215
879158
431406
28657
962476
196067
654585
958520
506042
460579
953233
261567
290882
330949
94270
834925
495512
13197
834327
657861
342910
794866
458357
448237
439799
519994
244803
472035
387194
878262
457977
33108
114425
423845
791516
150287
370305
281458
955816
67421
873933
901532
568850
862566
917943
149611
968684
358091
712846
191107
961386
447483
676216
756484
141761
538920
956584
293849
825277
132821
173775
655410
157010
860727
215438
662729
189302
16154
281489
616763
830362
979657
409295
10002
88306
608319
370221
323426
981321
351305
647981
93297
994511
797993
996198
514793
671495
40547
342292
912480
88148
879660
510666
888493
872345
541502
141063
523707
26637
102341
133019
977411
821652
984673
169559
197231
231288
8625
975943
493443
607728
458040
225320
550064
790103
930322
561804
339317
38172
948796
465285
525138
325454
935364
890350
259108
523690
237560
735628
75342
209821
123335
487227
815429
297277
652725
97599
89764
870474
78117
484078
282337
885035
138610
119836
766002
193900
824751
583687
384181
102403
509440
665821
316483
812016
114072
513098
154321
250503
777865
663445
378747
423489
256092
135658
964396
895016
351888
109756
218216
711212
566398
751944
980444
444573
666816
974866
827622
892823
676085
770692
454205
719902
350800
260838
346944
173918
672039
674183
839016
383096
722283
59937
247098
587658
337854
506929
100279
633257
607408
497810
362477
595507
511621
80033
178112
927757
789852
363481
460452
811049
444087
283450
836711
842647
350283
660559
637568
561602
221648
380891
126507
12320
870687
420228
29636
757802
704686
673809
134193
328632
7918
771924
354943
434828
760921
208499
774807
505632
906077
723175
106968
274996
183190
742182
413690
718377
172817
960926
409242
248833
314423
16331
632262
460071
735688
941741
111583
803421
184213
190300
416110
362427
497883
609202
435755
288720
692379
894662
58438
450199
117082
895445
320319
438293
494712
214074
212554
530648
704778
881866
810043
641124
535013
885357
936815
547461
786789
620096
59758
70033
538744
311257
556703
921576
422221
143658
574638
103055
780258
814159
379797
997789
280226
311393
670969
111802
502307
51848
163868
552385
406424
92726
521380
467764
84022
685077
509891
333527
310113
749564
832449
5050
224107
558526
108574
745187
745357
63731
577591
42790
848231
261272
488839
805779
398214
919420
760385
857933
69567
212467
987867
527991
661543
232544
898359
232361
538435
197039
825485
624068
454270
840184
428420
17556
919976
327628
381105
222085
335276
649830
645193
121541
579222
609523
245768
911346
124316
928258
553041
154024
918226
864166
766991
793575
930723
987469
165598
704560
574946
764133
491792
546324
970674
83232
217602
540048
124477
941988
114096
174554
166877
662305
198740
833980
435114
502387
400603
919098
615150
714417
80739
272100
20616
321465
985092
745267
794921
866119
491726
425007
679550
686520
362918
561606
956463
153544
95635
241322
832147
422838
652700
101732
106248
541613
674722
222010
490294
880664
23804
649812
398379
759238
371212
546791
292884
657220
282619
353852
533903
418004
329897
125023
888121
811673
235136
983337
645947
216767
128208
44892
309678
939054
622312
759879
679465
904827
833708
948752
272664
345282
136517
302231
869664
871341
326170
207701
444285
73340
475136
465944
123411
808188
219213
402322
12208
236595
857295
106277
856426
76537
868529
773913
897377
720045
716179
537305
674325
434193
484323
295446
138104
73211
85644
967412
340210
183880
347800
690361
507479
548279
82029
757949
632778
1881
752202
322758
194260
383080
13144
698364
455843
586321
54728
855479
445222
854127
888128
152649
602629
307176
699109
546026
467974
202442
342394
859160
731356
350379
207888
761306
981433
162620
426268
873219
133397
724070
781629
107223
491873
114120
956517
27862
951898
782917
408413
7520
277895
682980
536080
977110
952894
980309
639517
886718
997854
698666
635280
236471
659593
511812
335331
947860
502078
121981
391194
244054
19278
395527
735062
347652
116289
332078
254805
771494
827689
635764
28561
87307
313089
69930
950219
833809
637580
629084
842201
45063
6361
208871
797543
88624
677958
768517
96553
586103
562958
363828
260531
842381
612316
705630
986129
313192
871927
336207
741766
918120
142738
649414
92907
214343
174721
31523
449616
712091
914580
360754
961886
106194
968622
627907
113630
369837
606577
625444
596021
35298
312917
809923
458965
607715
622041
339530
61295
325838
764112
553479
807519
61907
77740
35968
808481
408885
895574
969152
871916
790329
819409
851678
367299
346614
421615
309917
166004
381222
870329
826219
553285
578249
235870
437498
604102
175302
478807
809063
277807
623272
81715
137380
695088
710178
193082
345407
5549
649065
756103
677128
147704
972728
190602
291481
804175
697819
766757
985219
614434
159405
146934
103321
318513
927996
646718
328400
326228
169564
5231
452665
215195
603310
439277
870780
214379
228641
319609
806744
63123
766094
39075
539457
125782
631469
503846
293016
239633
873820
758953
431378
781980
66551
472827
591372
929821
459858
230804
334901
657853
706662
115865
688078
967159
76922
927421
884328
421734
715491
499764
29279
903451
425387
898332
985880
187528
915892
102576
60079
598564
496001
241063
830517
285270
505226
492083
530068
89035
321937
27440
809909
631905
477967
808809
233053
204707
421996
663242
821648
810090
789872
592025
689888
104815
933551
460143
445529
478190
922034
93867
639940
702257
573931
342637
272436
788526
967241
860545
94641
712138
389614
543237
557696
236875
944181
762399
866111
758581
982316
635457
667216
312549
720592
189479
993925
946273
763319
766164
840927
450101
904000
169100
849414
995639
678546
611337
50491
706888
849217
840130
367666
327955
781201
109310
999774
858913
673585
497540
845305
756342
413198
322321
702408
982933
49504
235152
163906
73986
46134
120306
592210
999192
783064
582781
625805
403892
313075
810821
22175
961555
735713
322858
40937
164898
960707
749449
639802
524876
281536
295113
895362
956808
663013
984693
395184
265180
383191
925447
40956
618238
976580
178411
385823
647187
664377
280702
197215
656693
678225
726474
388931
984808
487654
849451
502003
278261
130121
495120
745180
667080
331219
712298
10965
321081
455505
949910
199904
25758
948443
82079
670206
251807
335828
407127
49697
561031
836515
804462
222213
279093
585299
532717
276036
827442
595012
314648
740773
793528
577805
159662
113945
456728
166867
371239
403647
825447
688231
267540
506509
984276
223878
239854
791633
687072
873110
489083
572294
597112
437424
458149
810707
968657
17546
952119
199156
176440
65957
528899
718480
434995
949903
725666
608355
823017
527402
964428
470765
265885
237730
681343
221480
787636
533165
876350
499149
621708
28859
589871
28633
493963
565077
49871
385302
647299
466973
717520
93526
233761
143502
455092
76744
896766
257743
805989
102799
334808
785457
968376
131219
933920
11227
263055
242318
545385
390467
242861
946273
691083
176900
585730
102307
1809
501384
490668
348824
204359
594496
177712
862467
709539
300502
239610
453794
145506
633174
29407
465488
924178
188804
816338
293816
850504
377949
904866
519796
960335
270635
432886
587578
3846
308370
724993
193711
710390
499612
350787
805291
216641
535723
130382
543929
692943
206451
230257
583195
826750
762243
602120
643138
993006
515707
958695
261907
172192
639994
907457
664086
549265
33910
974171
108465
768329
394348
802258
933839
727585
73856
249079
901032
351996
378087
917331
221129
285100
3915
997493
941470
666100
991211
363900
437843
376999
508586
414373
134258
484808
19893
184472
155121
830798
447266
178198
745247
979679
575543
307039
842294
267798
93787
487914
532429
169053
432795
339406
83418
438909
674733
788872
999311
267662
871906
858385
578743
637907
207314
766552
944332
637329
731162
581362
660780
768409
666026
482070
535699
286051
447730
520990
347797
22864
660308
637038
406274
540901
146271
532009
574981
742494
179673
332758
144416
767103
360399
210484
828943
674833
603630
687859
638171
15534
159886
949444
382800
495617
779817
715477
909178
447042
966968
191220
960809
811000
319888
996759
826682
318372
888681
847727
333993
312266
187227
697062
80775
194854
567350
618943
218024
929015
583498
644040
437974
525373
106822
988858
948197
152015
609133
540086
408399
947198
760309
857828
675378
564477
235167
383733
290054
921939
548123
715523
622428
369882
816160
46346
437301
35653
458909
246745
725211
808490
448837
281730
136444
574116
133341
120704
702305
866300
100540
890824
154021
654975
209258
854265
871592
126266
153092
822114
288090
931443
335714
81177
963750
619767
443774
130898
388695
676691
14854
289940
101857
861252
836417
996022
535761
41298
642401
389511
682292
706754
603394
886828
468568
145268
672185
230406
904389
923897
533677
162003
631934
697924
765623
122239
685713
832900
598246
589240
876499
551123
166526
407510
479623
506172
93639
914230
870313
15218
605081
959855
534987
514331
271617
841004
243715
260025
244536
550467
527093
194245
924311
177476
852213
407091
460842
495619
997193
115234
457951
609898
859271
230925
321655
595220
176487
594929
233591
12419
31709
453425
763518
305496
594359
71724
389455
932535
280899
142432
681716
647187
497830
910810
730833
423565
784
216173
82144
31033
511258
197338
742990
796386
195385
349959
354333
497399
541475
620896
475855
863644
588869
930414
220082
881302
447941
637330
156663
113473
137126
489194
844948
845287
326882
49196
467068
153939
156905
979437
555680
298466
288820
83034
173199
666515
437243
532073
726087
5461
620686
378849
832181
119526
226303
278186
774944
616172
62249
213831
309329
318151
756099
779083
128342
43428
520564
954982
506569
493455
54669
488622
329744
821882
702877
930497
648464
605027
579804
296502
699406
856823
786642
582126
907620
163937
357387
440332
687456
770312
488226
510025
929690
994816
790490
781999
173357
962965
852964
174630
943033
859664
201762
672799
983308
184506
20158
451359
547634
239415
779218
52870
593927
194163
97160
200622
108268
815397
793606
635183
750600
589243
87520
748238
683990
958034
54940
443841
938309
846885
544751
729351
524217
161560
1968
933964
361874
669638
665183
250236
579746
265874
591734
262488
331590
834949
590401
153926
216650
340010
875293
448165
924470
991026
51484
688853
836483
880601
213182
55896
988357
938401
142071
289311
195900
161850
840466
595408
552505
753085
864807
35954
877719
758495
314546
645472
345223
814350
283157
781871
993851
742550
977008
151213
22572
825564
521827
333773
326016
880770
492041
554106
948121
885689
288593
258956
538392
638112
501814
296131
737159
966033
9320
418367
680577
94823
162608
299246
51139
75386
345266
262194
696339
263897
242270
217704
991926
657528
533655
614600
526272
499164
385694
765938
838227
237514
270179
324674
371102
872842
943295
463529
386010
565869
281121
213327
295023
184409
895732
884360
192196
832724
379174
819103
859225
493122
711394
758264
293612
17813
303742
206258
487347
623141
576508
766007
729001
328552
537657
182016
927590
963781
877017
389766
570761
618059
618006
286027
81303
491304
425510
301638
217337
215819
341728
541493
3333
942418
976903
26816
807215
433581
338812
10587
43419
124956
755418
135334
485917
404745
712790
421182
448886
554403
522187
61136
716844
220635
618021
664154
189999
272181
173036
945749
185204
119684
494675
577492
181184
964229
669489
373147
665452
645316
142554
307960
755697
408999
546880
309331
751757
576350
638481
977938
35919
231183
876805
646575
660618
598237
602095
735212
887972
196266
720736
162295
23205
355985
991163
395421
640123
227009
202654
807121
960835
956050
884366
553542
513956
679452
115907
649618
220111
335669
956056
925279
226884
880317
113640
575746
181615
746371
647106
700949
520916
303053
400405
917401
106388
469401
379075
126066
528259
144597
937290
19947
399535
773647
782270
981052
579178
434350
441814
300883
191225
892723
299965
957764
745239
506784
949025
357416
76871
899765
450137
989681
693460
804449
0
0
0
0
0
0
0
0
0
0
0
0
0
0
0
0
0
0
0
0
0
