10000 10000
330609
382236
539767
554277
91057
146218
96179
550753
773919
929519
551462
768692
856234
5942
185135
445427
825381
711007
94941
292487
191264
249487
457005
731576
746466
136779
267662
116350
17559
282990
293053
361378
436294
387525
699346
156487
756118
927191
448916
999305
382286
811625
479088
232625
254724
463183
754990
899997
746033
631152
303809
408705
985226
637094
261112
453215
550699
615042
865501
775117
143094
641359
779860
71873
431639
453912
141902
440474
821581
860229
770016
562096
101405
660152
90007
576222
83100
536964
125950
50669
226537
693988
650120
915369
525733
144586
699754
303088
364770
851701
523980
229810
784388
409645
2654
429435
637423
461317
634793
685193
252379
594213
589162
757387
33301
243404
691025
602756
609559
74330
754290
127088
918958
905769
863064
273340
221816
928377
358944
549911
649720
448353
365962
943143
812639
202250
255980
915361
339309
530142
424374
974672
637123
619346
140341
747241
143305
663863
97537
384216
692725
84864
861866
529645
632862
835822
260408
406746
653308
608615
103238
522030
771901
216510
764159
623631
841567
534368
114144
682834
95518
605133
651941
783630
264091
635146
490076
667037
205723
699275
22268
44782
177880
723960
479016
914116
575140
187425
60029
444075
652696
960724
435078
584772
602334
705502
370697
574187
6853
64366
314145
71006
820748
903907
911091
901340
338639
885222
461152
79386
718023
202227
908837
155712
877135
426770
403739
216489
789422
806991
692824
899130
846069
844577
92703
128121
828253
649060
848130
111066
468409
92738
161419
671885
185007
370097
346295
287626
333281
817256
113522
258887
641123
79569
843958
614030
638809
891835
765342
372428
860324
577740
673102
322341
740263
960573
140065
650935
878659
538478
826347
341386
698999
538474
243241
981774
2057
802242
658020
41607
519497
678629
750801
964109
291885
840887
642228
416924
961034
24577
358974
554249
670368
155481
821911
917577
768122
828093
989678
950361
409041
574655
979594
985682
204005
262371
57778
857942
964852
469364
440385
446694
725100
712870
561189
550644
307728
522323
608517
493892
419607
598504
574520
656385
51550
181061
213620
659931
263705
682609
781696
754916
687160
728072
183621
321865
714392
245129
244938
805731
57045
484947
25095
246058
751950
436622
669615
25257
917254
670499
709902
130189
909720
627962
600041
701733
668666
409502
285958
599859
997896
26138
647377
937870
398255
564699
659977
497759
838894
491564
210735
834930
540000
656058
121360
821175
19703
339644
354269
625091
137679
971940
523197
215333
252273
784981
807160
312176
449240
748956
756407
867920
854834
78930
353634
70465
787243
384589
573644
261948
926720
320425
310724
688719
287049
569011
326098
51066
993120
158839
399747
73944
854445
974974
442949
91345
934425
183700
808520
769299
38747
521989
161846
302013
437201
484311
664976
787178
172562
312770
418579
519998
112393
21077
450688
59720
356400
857280
252578
692393
936738
545804
475971
218212
19998
899124
826463
257443
582786
198770
480360
833409
155556
131518
127308
187900
509744
415089
538123
813352
441051
52237
457327
114879
730545
634705
791019
730811
498030
834611
81778
405390
293187
546914
316908
178335
391907
139666
227029
889618
804107
464451
708907
776631
596165
465666
33666
30850
268685
586540
662076
825944
714777
95461
327081
654723
995207
823990
679746
589766
313118
449945
779761
24076
526615
41731
440839
466953
447968
41206
600188
708448
714351
597192
469537
814867
314510
50252
652953
326528
201692
912430
29732
887845
634033
798584
916583
500982
232543
972720
821792
89755
663106
626108
915160
40217
114115
91891
733852
571190
235003
656999
511265
381692
144252
856131
794002
807635
963717
850315
727565
210707
828859
921620
524518
125133
744377
964733
901145
823198
749956
282018
998564
958841
825696
256019
679662
532372
613291
810906
113206
9426
403242
343428
558263
377471
579311
432159
230584
71677
820037
279223
109831
539783
62544
736448
655720
397297
569168
607267
687954
24444
889292
66368
664352
438693
320121
692488
552074
789881
866499
102626
142207
309719
302125
436509
529507
199174
589797
104414
844132
371442
637969
542081
460917
586047
957482
73154
931570
811842
775868
663630
118536
553273
719679
227607
709181
415340
550471
24392
833939
375180
690326
305282
807955
295078
193904
579786
408663
495138
21112
280549
4715
436648
754711
620590
746343
505881
593189
149203
362030
181989
739440
278213
419023
502795
568568
797101
266593
388147
125738
156507
262608
966372
27579
539870
691444
654752
405011
344350
50913
583586
39655
294110
665962
508239
535109
442102
956353
523076
444148
393011
657365
30913
504794
331162
665242
873076
984499
862516
975552
232201
488492
191665
915855
181069
782087
934333
118829
22706
826455
400837
743295
15522
744084
333613
774224
12712
28468
55412
925566
529124
508473
641465
833768
491512
97486
16082
871290
610907
174527
210213
560756
78641
289162
235624
153409
35132
450159
694653
302362
516255
740234
398728
680709
381103
646262
967546
74854
384881
64740
144618
805280
75250
668348
767127
50621
465766
694360
788449
114908
798631
849017
165503
64731
365300
778231
415828
688057
646266
146641
194720
201021
75774
550793
165044
499754
20777
290407
186336
878027
727911
781549
136035
154125
591282
611366
137556
194853
718420
200326
456769
405492
672470
118927
978064
592218
976460
51577
154195
486295
920862
13824
126393
461841
893396
331222
916656
917236
574840
538014
660026
447682
975130
327953
108462
331808
954178
703461
595494
328119
268882
746714
803944
545195
286452
822440
683494
851362
315759
370540
38773
610782
529853
412958
427040
214003
956478
762068
567450
388939
222048
713069
418948
924645
741405
263063
417129
713722
20976
897626
500826
658435
381776
532324
483765
730172
420915
281887
207438
342026
965863
18085
720612
845086
382431
435587
555889
401458
422179
611944
928743
740150
963921
417434
456890
715592
813199
698605
458527
610086
913536
600220
237796
384428
956788
20043
147327
593430
773570
735297
894633
954932
991894
8856
881773
227891
47509
204663
858872
938888
723088
709794
635710
85423
554293
739379
821056
68215
779172
132215
141191
907090
641209
562100
901097
636104
360511
374186
508095
102810
800936
839618
669462
933414
880294
720740
426451
125802
534526
400385
299831
860725
554137
250682
182408
459925
674328
700184
999843
794913
54629
593946
338898
960210
709050
391069
648461
209765
17128
77428
493127
216777
968588
517419
56290
623510
457683
405817
485647
242773
983414
203754
166316
627050
185781
350303
120614
693606
92262
404106
384323
442621
490357
669098
818669
98305
906045
145890
156942
923961
780346
605043
905783
463461
255339
422793
230695
50120
20470
176517
995771
867462
305197
669682
354598
733683
417527
788836
962712
426808
551495
532199
285821
12319
136394
521031
802208
282043
451171
709664
905029
738056
283737
221052
853434
355719
40181
883503
441293
419494
287979
471006
576032
277555
952065
421525
211511
799076
277930
435042
615118
487607
382383
849880
828795
131300
862547
477539
393026
686001
970754
11736
697474
922496
490933
982709
215554
143309
231265
461888
384363
439084
625603
22222
309473
363517
875385
339469
392816
505326
450409
516401
230442
717085
435810
101753
427090
212466
368699
427724
276302
822441
240723
366617
39932
860830
259543
243204
54116
887048
118118
310873
591822
799518
608683
73942
728281
618912
621814
397265
592563
144639
969604
696261
821759
284843
677632
738922
545554
84713
133796
187831
830126
296322
497585
935410
486686
227354
928349
39041
354293
17293
842330
256807
952659
59236
677572
627981
991774
189793
820572
627230
581931
683078
327461
289853
625843
648851
435481
27244
414340
736454
79885
606731
441837
448334
974670
293784
456401
95839
147858
845807
634369
380661
437242
590273
196563
521184
740252
561884
712924
747826
528030
331776
874683
120971
523793
698437
925107
57089
615410
657367
722689
47684
407532
19182
770273
188346
687876
887056
932996
314431
9164
577773
431039
461781
506229
885497
238964
907506
545880
438500
458865
455900
97186
898753
774237
883034
440717
768461
703695
557701
565957
343687
825534
106406
76364
994380
160120
515420
344715
971608
779949
948898
193512
740748
603504
787144
645680
837495
969137
649705
845526
154148
742421
245334
576168
919573
845562
230298
228889
644190
853492
33534
904283
346081
833440
85920
778916
801550
713993
122133
986721
736779
451502
389700
727819
748061
828705
464561
297717
12088
1321
101235
102763
270133
158780
580780
360516
783428
230952
380766
137903
631472
20163
221411
51906
349002
773286
970123
276052
46731
817421
440885
979993
165114
424346
243007
908758
391670
429863
445557
228231
215156
813771
335972
697440
371848
220854
472541
651887
776197
429196
263975
667985
437166
779083
636449
181659
275863
673694
141096
126249
940045
683684
247185
519851
855318
166260
885780
515207
363404
180928
94833
978562
352798
881945
278725
734554
355985
530015
688285
760471
667121
454027
797598
72971
751155
232201
616699
369380
389842
847294
785528
315172
875648
4997
859247
348905
146269
277546
541951
380449
449739
191369
795866
309322
369727
717000
763300
541951
693223
921845
837643
883084
164806
346238
638579
601064
346974
502820
671098
919181
614867
494164
505517
464307
504266
59644
649434
327013
16100
890213
394572
400083
804668
97304
983166
749198
338594
255889
894289
989793
649744
103181
88382
136598
663115
332067
960995
126394
502636
25624
648966
253319
836281
272534
243458
174499
92256
912370
697820
57236
116089
593924
544612
459592
798468
750325
757004
915708
833855
915361
665952
110456
766507
317100
338820
266682
369407
229991
861541
483813
293791
651525
405600
19422
489545
358021
92089
813577
273525
457892
350470
725672
208815
33673
559735
164124
412520
574947
559212
341660
503049
775014
40732
43442
402419
652914
193768
820854
886524
690420
158083
129822
825200
278487
59570
124428
812580
229102
111960
88598
714388
720
665269
193867
572807
487319
296307
11368
631789
94305
842415
490594
588364
845811
194595
963911
346582
1381
384717
529522
962678
597614
134404
947655
997403
405557
999508
347965
381182
37583
888947
690053
541219
69974
23492
151798
457173
839343
400420
920322
400659
593672
960019
46584
844758
757141
960462
331344
424210
262012
981774
149799
407028
952892
90311
420352
97547
424256
75611
101561
170126
962778
113878
801935
602744
350214
5627
846087
38308
820795
960732
430958
343874
404927
304394
332102
702116
377119
427134
673761
394006
28566
664570
867228
322429
513676
785666
170939
676887
302693
816322
325100
560648
818059
713240
683618
165773
678541
385562
722916
863604
74220
19554
745439
279681
832627
241493
966413
538586
959040
745605
882130
212331
919185
960743
519598
481206
839540
442839
510255
564302
773171
353061
838490
766976
829945
337438
589810
815300
728281
51311
322532
687039
731431
743136
451510
274274
723896
187853
550289
465709
291109
954047
947145
52109
14960
627356
529742
966938
328143
160035
884700
450905
476530
75644
919679
232785
846572
75901
832895
886115
691921
110503
520753
841979
42362
837431
642833
678467
377466
307817
936034
967887
797079
156462
838073
114933
769939
920456
414408
831428
687337
373582
137633
330889
303980
579284
688282
589036
318210
468943
417611
28010
538910
852412
65571
859717
118206
774053
261154
583156
37349
66670
216586
229398
163552
971150
86339
727175
22893
82520
883582
735821
830867
395612
230845
271797
594894
412600
703523
875047
145022
376830
817907
663961
985412
272096
626196
709404
184282
503600
456442
428885
518306
197131
739292
934157
267390
978110
239494
971376
82682
981611
884178
107311
598653
35533
174048
153498
148887
606421
219898
480968
45478
867912
960899
434865
541535
460209
107526
694808
245066
628146
280177
629830
123996
705773
288947
994561
227674
735845
750318
641874
560851
922862
810970
437380
755503
524086
843931
22103
917330
327705
828323
824120
708753
298398
344553
976959
46012
295014
394061
263989
187123
205592
403266
814745
564952
249396
399030
783020
161630
442
591857
980205
668037
760543
144673
504816
93404
746428
577376
314061
682680
520467
378236
430305
986236
207839
677911
619726
543863
518869
45811
376803
740534
230831
541851
509064
806583
342361
610058
289197
459972
816623
119970
117443
696724
488191
995254
925528
831720
970592
825868
674305
516689
544311
955891
264807
912035
391081
346204
288172
475353
278688
874220
608976
310849
313787
604956
491734
153965
255680
578013
539634
213296
29677
989120
978348
809582
158401
968066
563088
536365
276817
517912
309799
466864
484621
74631
227290
576313
335847
820633
116655
701006
653193
609515
383180
509298
627918
97419
424373
897212
337237
973833
744366
319674
599313
280176
273593
422830
862869
797865
517987
293843
625301
942903
545215
193051
837753
344582
112955
814770
576433
202865
438245
294855
531521
406589
192881
162915
346733
606060
284615
360148
676243
385595
483530
498867
146037
617396
387601
499343
599614
819475
180896
227210
435634
433965
950459
110605
201899
203650
645199
358333
67862
207742
617259
144762
654438
852831
439425
335290
423464
417461
674057
193362
935580
386439
592988
972814
499164
542192
138360
460948
489898
922964
732804
599295
534155
703244
606397
990611
177435
452868
601015
13765
912343
65243
732268
603788
266973
710638
638826
843375
941874
40045
405761
721051
686942
523876
551671
590812
373235
648429
897019
153731
324390
718917
687761
783656
357777
210660
909575
648522
56301
862607
97877
217537
544835
865994
526501
280915
248346
9869
246760
998089
647794
707586
271106
511877
535956
871321
703344
88182
89464
785615
72791
795548
338478
363941
286453
556730
286475
176134
536036
745060
933404
58088
623855
889760
527604
846709
140718
100437
518616
93975
948616
496841
621969
667909
862152
119302
483814
269357
559591
441945
944687
82704
990827
618808
418919
901782
531402
64652
861053
631144
594053
190518
633920
714946
213756
947421
69162
956269
991002
125796
893330
916319
925383
827032
956256
463594
484860
612503
583143
710647
602403
157239
230859
100815
908540
552560
386077
546516
551588
33643
275689
95105
269121
21520
260321
708427
497486
477835
315145
488731
449024
62466
423689
902537
999874
289153
730059
441060
930489
553071
211054
849104
584691
132142
394481
29571
643126
280501
3967
771386
999907
322983
839966
988131
959286
861780
272373
641272
903573
838701
656164
846963
94417
193308
331406
616237
932081
90113
745331
835307
402523
857946
787632
111404
269896
836494
156478
815427
146334
588532
951242
186937
776083
516431
395726
616985
199455
461731
312889
772020
408524
763643
123116
235315
716306
938271
626997
491123
355488
432293
60452
80999
470509
258623
349356
623020
256538
508230
197812
656147
780910
845537
605867
862928
635782
319819
858937
809240
139886
332421
1180
595473
459921
987514
637628
803045
509360
55530
411197
760730
217020
274832
101777
24313
774760
985332
186738
2454
646526
866676
858913
222798
595004
503966
423959
174639
218097
283451
844426
824360
884331
581120
215899
53727
195033
511875
781427
778479
882729
449327
450377
568542
733451
592501
920305
344860
104254
753897
414102
570251
991656
23174
995101
578718
460413
281312
166251
264115
485886
711922
175297
992248
946128
859561
201437
986561
679806
384488
673536
320719
667859
852258
443103
125426
73577
848645
440547
751573
712084
170922
211110
930053
172965
94681
23662
332020
140159
173020
570502
990824
119662
633380
357935
945243
428700
782979
787049
75536
393168
248220
1166
741823
553902
554106
830160
8324
44611
835381
546776
122906
939058
615284
214061
716290
791537
780382
753855
478642
185979
280294
462996
759230
795203
335078
595576
520528
451965
159083
315654
486772
579238
727663
763264
800728
278289
828449
126117
747842
463436
984006
602086
220609
802451
941104
295070
367818
906484
335730
775920
54863
655602
278396
965029
677905
887567
443976
93259
760151
958612
66374
215530
10244
304185
214186
260088
835829
573558
660782
402355
418986
650855
150524
755430
843095
871941
453250
926102
740611
323848
423058
650005
943459
330903
620706
578014
310951
923761
637233
239061
383215
341404
319556
104850
123537
981417
286220
193941
732332
726961
829588
848485
74650
302768
874285
632963
34186
69544
871779
8931
183215
211316
259731
625524
239394
69947
219977
249489
692443
428395
117328
182542
679543
745915
325990
748546
863768
497432
510859
643460
402720
549227
148050
311979
134030
349801
289061
449274
227056
341603
677719
758396
332541
832704
429320
222875
603690
180290
774771
651869
888627
631758
806240
667971
60809
872852
502234
643228
276326
707045
460135
271163
689211
288788
836152
467705
922331
107291
514652
348137
372343
57588
504068
795388
67612
683219
720515
547685
723728
955234
736396
608936
9174
539730
282245
527321
526591
676948
606996
181609
930657
439377
764263
581587
70215
505218
929250
804221
846266
591458
192333
42165
909747
171318
833824
997246
539080
997034
343258
989300
966938
772238
59698
167293
148814
532999
159936
989558
128119
214743
367998
402205
687601
364111
697491
820858
661298
709135
509469
851330
836860
249633
238875
520179
91882
108158
393672
420495
80649
133701
672921
675336
49262
383588
930431
539176
183280
208256
78011
532410
84204
351927
61591
888500
232519
464975
791770
211462
268533
883760
196020
522482
696337
421134
84761
533096
467084
560027
833360
293745
655915
784456
382955
125168
504372
945537
745214
944922
381790
292150
60390
764190
837981
156647
788226
55561
359891
460608
410357
340300
944993
268404
771806
428964
866823
940573
797986
533720
98533
328163
880661
951472
11190
966038
167554
254266
206451
7163
919357
722975
180247
618450
267229
809778
516970
759958
362083
35628
906846
465864
55327
425621
45376
274090
838607
86176
630241
538776
819176
515890
290611
149164
390614
165024
138174
531456
878272
959641
903196
226559
244458
301705
14613
958825
814749
673989
938597
634375
706799
228233
544327
646435
279337
572854
508945
732087
958526
899396
311745
353064
216375
771052
2503
709507
399235
707925
111547
88108
413933
422006
977098
828175
862219
425356
887449
460542
165374
996913
217957
195684
986230
724832
570944
551086
613797
463596
144653
360846
881035
988665
85593
367465
575373
625154
247854
694155
946348
52422
248277
944423
617342
881174
470471
238561
607
667811
110703
950074
694864
614118
806814
825671
483183
354971
808629
116906
160589
852860
800069
120619
632428
310940
112927
203869
108575
697522
884641
956179
662632
421558
170103
918113
987249
474865
166919
365410
865446
491332
423502
445145
125328
86903
36040
999135
9346
373193
610806
1256
951673
146563
225875
684187
382626
270623
646994
789696
493866
199357
818823
360016
64484
842604
783244
615979
988510
194203
178419
981283
559199
78545
285481
87439
550446
90847
235330
90219
204399
222254
373637
807769
567597
427200
107951
109881
639878
88246
597343
374749
775214
489478
83463
692385
221683
238885
328326
414539
659240
869292
416605
736771
648885
731492
596868
351238
351391
313883
764546
152230
624525
583532
569004
746102
156246
384901
319671
135007
554608
347800
66673
932258
261982
69995
33548
904779
381344
730605
751624
516091
218391
34645
579330
807918
987565
723476
1042
386048
73687
265828
231713
256041
829170
606914
831539
107480
239882
174608
496013
763798
442709
160054
789230
442270
259385
777454
284746
668511
307097
358162
129070
943043
914141
15512
857716
901902
405772
28602
228441
830537
853646
649713
535261
614999
271511
162708
947345
452756
740992
758708
226171
281301
870506
306870
73353
173001
337880
124501
450724
777047
226653
905494
807310
359316
763845
377571
358810
183655
880603
212131
591407
118708
329536
681017
732487
82124
896411
957041
350248
437580
885217
113163
10602
912308
79375
591046
43475
683968
88633
533353
335769
125246
179747
128957
117575
781846
594945
677873
753038
593227
103061
610509
439177
741792
178894
77540
150711
989632
813905
507219
509285
830036
971563
320451
56287
356898
8698
618592
816455
826870
171028
356379
807362
101195
204834
28768
665037
312340
251569
610819
970659
721469
118932
443421
595212
370599
378559
655610
384492
800213
819932
738669
952376
896024
102315
389271
815719
584022
370996
798658
805841
906844
383425
219938
153953
166422
397905
621098
865762
991183
127174
314367
674305
370502
525354
78927
180188
282645
632519
68062
39372
752596
742990
930027
771544
602048
904824
8991
303603
35324
919244
840330
789907
752606
227266
124544
788300
998172
85960
833217
541543
265867
480288
97638
643899
770482
575642
102851
796209
364281
482187
664729
592504
639137
596795
998202
168918
418955
167319
429986
727242
521879
869271
706115
923258
175225
682680
63969
177277
582883
814018
669934
541852
44636
217541
750095
842575
135550
429247
75264
555099
926939
3901
450924
258603
743922
505802
329380
816556
828309
767592
587626
103298
714221
614016
657523
318944
690326
627222
976137
16345
282052
228973
139494
857430
775185
526277
160555
251518
285144
374784
630859
961766
310523
414064
798832
678346
122726
135205
133280
876586
819286
761915
146680
427181
866319
829303
875466
876974
466587
78504
898356
421135
461578
754728
302922
664712
420770
801198
232174
492219
560630
771307
788008
156635
646246
883764
417387
20593
642262
939095
782022
880696
980534
664285
182474
828600
89587
486276
214518
952355
161419
87563
598850
619759
608127
766533
959439
562715
651007
662116
836857
934900
450627
414088
190836
330979
432727
454261
256205
415407
644795
528028
309886
418192
967322
493715
273003
179163
869253
814592
916866
261816
910859
712108
62510
149093
850692
982084
548209
229736
656722
810889
701449
714968
13958
109373
8748
489999
971621
365785
125171
91299
14367
267419
637944
575763
951195
453288
572955
851255
466947
555384
953653
333522
709451
398393
927399
231719
333306
704823
441583
171366
104753
313880
740538
313329
265401
970130
958443
565801
351239
363692
929645
618892
297063
952833
644210
747623
498494
472608
634834
386666
996470
601839
781545
651777
334812
346716
191550
705188
464280
784997
946851
583578
131536
740387
947543
589619
357898
882756
809274
424782
847888
718276
131631
654825
914692
955319
296689
440735
36659
152532
874118
614348
76717
185334
410822
122040
12431
955629
678577
767009
44631
663195
469670
372827
641659
566211
280481
859438
528432
132885
901031
551602
145955
375960
104251
29915
409418
308458
715500
408793
227001
952765
619692
768022
501622
957979
273238
760263
65947
494834
159548
389885
997184
919303
39742
76310
542063
77503
566018
369760
405773
542555
905503
484899
981340
477862
992743
297278
92928
296875
503353
685588
491472
756687
570301
79614
506875
363225
515266
738730
77786
858186
997807
176123
838296
914937
264192
293904
722217
882660
55795
671257
820140
714499
35075
961126
95152
137840
639240
469373
76240
389610
858027
862480
538679
83981
944683
865346
965426
938830
308895
738133
103379
818066
633349
95200
459892
258160
139044
919754
788024
132798
82472
481713
886145
225324
469263
530889
473572
30813
95731
351933
292027
998844
347354
479690
8910
705985
960820
736518
991509
926879
686028
445700
133623
636773
333803
525235
910307
690851
636819
77172
848446
6163
733308
763675
136707
623007
696866
722456
481790
447897
434084
535270
738607
641174
687994
103678
206475
196414
47602
183459
886189
230028
927533
97187
233805
402233
83210
690731
830470
71581
346275
532746
19581
601314
373488
45860
937967
281457
654979
922501
635931
461555
658732
842011
696603
247660
221828
109581
679907
687342
924264
545858
189896
166376
516659
876302
614755
314827
731630
783017
6207
189531
747784
124861
490691
306373
950779
685812
467465
198430
441713
45802
374609
892280
358665
4679
573486
577421
855147
558819
873199
123268
14008
467810
115076
111615
574681
125039
833105
353306
963496
896685
917126
887225
764434
761058
872442
247298
391015
255061
625664
422785
809143
711238
887862
136967
431076
876902
833255
350233
914763
42707
943684
566125
120531
146482
128482
821412
993769
158251
684455
129023
954855
802870
680100
816179
676318
505234
267806
370309
541539
168471
8590
505284
126851
313740
919700
566833
401119
373052
414750
451038
715148
950762
662593
947890
538359
537418
744970
318392
137133
960891
222032
85251
136600
439597
790485
606584
668745
482734
973841
256612
432265
727153
721159
180420
991071
665179
225979
455780
68918
586546
445958
805862
686839
140623
954890
63961
788965
522523
192141
229292
483174
887276
571537
449711
357821
629097
818468
742742
166392
954730
820413
713857
538147
6834
873347
174547
197430
76630
517995
428169
115620
991787
699031
279462
449121
967167
256691
179022
636436
905090
323810
287334
612065
454067
352777
914809
707170
628823
685605
102772
130142
234350
969457
895064
641722
668662
513428
529736
740770
200931
3267
57577
224805
571967
725778
98365
451430
404253
346831
234945
93083
169805
872105
430760
884236
15565
827664
305370
899080
155624
187892
574441
42186
691777
798085
179262
458266
910372
474834
644850
425412
416440
753067
901674
323794
394768
704920
236286
636588
681123
64486
828711
111209
86087
541130
275212
988192
159725
414404
15190
626397
60949
288996
255482
307493
498420
199904
720842
132154
145327
721092
959793
800507
755858
610238
217279
769713
897865
797450
477541
746917
698701
672685
273447
259993
912760
659329
654599
136703
277026
370827
156174
98791
390392
566241
722416
500054
305811
379392
271532
178040
777252
213483
146887
410727
640880
533854
45283
901374
179542
120626
582195
305082
843803
518957
387531
864012
401219
725864
821862
183037
723357
442724
546362
863280
988099
635292
597342
515529
1649
610100
889791
189439
598429
981440
163027
189019
314207
292770
935843
151876
95603
502404
695123
937039
920940
517177
667085
398936
862483
120184
797247
262019
352363
397772
864031
749349
327118
472505
304186
283636
931951
702520
376447
389637
387844
713871
122326
392789
371583
214347
346981
842554
589155
911861
483032
83503
870770
100403
315132
245614
519281
986392
161602
397819
557596
969562
718168
174889
762617
317558
208778
422612
427773
146025
509932
605750
482471
988888
954897
251581
988131
817627
141214
922046
660588
259815
99215
131772
921640
942429
373433
697639
458917
830636
448466
773720
86889
968185
693572
99835
542793
435867
958300
643317
35885
985203
695059
791800
249275
658002
692661
944794
638295
59203
38381
586758
599707
44823
900407
276244
538536
331424
806297
42818
476879
925647
957174
69797
907100
48119
483248
398303
326467
781899
252131
746473
671524
268080
835284
852257
221599
21221
170502
981574
333292
549918
812564
436986
41887
978532
462392
947750
966468
870592
645709
739977
204019
605662
223688
299757
204586
246410
579715
744511
505016
251731
324193
472626
699372
80507
389148
710541
915055
380730
518185
885334
499252
999020
687574
264714
181338
466271
507899
719107
597533
166304
159980
86627
252588
654107
72144
3568
650631
415612
901720
496048
417610
232479
129655
865677
184662
676339
609117
992632
904984
375680
933879
893808
259565
422147
27454
921811
983195
915882
602828
4104
392628
280364
916215
687054
338606
153539
217429
723821
260759
361491
829393
175363
859428
806701
575178
446684
45444
990695
717438
709401
462082
318103
490071
336513
247523
843384
178897
946015
731226
999114
237321
334067
516694
6241
773744
567652
953738
232638
945717
491564
811202
685147
241826
767238
139183
368476
92828
989312
856565
451822
32836
710013
113564
779357
656886
253462
447145
625317
288152
627913
130589
65451
247564
246226
187605
332679
478975
577588
843829
931773
899913
307748
691781
272436
636751
968328
560339
769177
462306
304024
749334
106727
953063
933310
535512
175271
273092
33960
955216
521680
200028
41078
760433
277541
805104
350173
110955
994749
316385
981624
75467
438911
274419
885618
537161
816018
267246
859576
615404
286892
955963
410278
918259
317954
644619
360134
517720
643712
293754
971885
649806
347020
172332
24371
573175
660383
970451
886308
475914
602964
784118
724320
210021
387886
672544
732014
937865
378
479111
546589
669354
35370
141823
186109
300061
687449
100279
196210
455057
286969
463045
997802
52370
852418
766542
84406
93835
881860
368524
647753
963936
691859
942028
45887
199911
884887
404295
816165
293001
442120
858495
219875
257939
197508
303238
689063
42813
114956
549109
883381
652848
371292
615004
113926
909188
382275
528378
959381
702195
449034
170255
884974
127019
648122
965597
306749
972720
755300
611629
211743
891326
924255
876830
738631
855465
952920
996327
46470
40617
51275
899868
385086
787955
634523
470963
962109
294822
323814
863007
587327
60989
5847
147725
426327
736126
95523
365294
603275
1062
919096
999720
98394
202047
4042
633200
346232
845416
874714
400151
96058
589128
847101
16226
711447
663651
159491
898600
314429
564249
214251
91893
375620
230358
657732
271769
856137
320644
818302
626375
204537
698487
704801
665596
901665
41651
635611
301175
850697
202618
535010
871729
887196
398012
355844
661497
239856
857455
597638
962587
640358
330379
973255
528858
587771
131087
852794
631605
78477
958236
211111
577251
599451
859507
463900
153740
328889
836670
733230
277665
71377
765086
8383
683908
977019
31818
784318
506452
957688
429120
946200
896711
286285
217902
693819
934785
326780
622895
881565
718130
535516
719037
690825
718555
642968
722978
247648
685503
482452
531671
50538
467671
423856
750164
886251
245851
706119
135149
282024
99060
688955
571954
966567
910856
821414
903555
498687
331710
243598
157116
701659
513411
622944
829954
832409
479735
376687
248946
313464
851457
189555
683328
49946
700643
368280
423964
312641
264747
221985
510463
403781
583579
376341
952089
500856
889200
914743
597292
909401
974897
801501
734454
161707
825277
89242
776904
319109
273524
593703
27456
378790
379123
599486
909352
644576
962927
645759
184545
966473
340827
828317
717941
843562
29272
493073
90017
38846
791891
251092
328132
657599
967070
615744
953058
605061
342712
892982
685972
139683
29454
219597
816611
168822
220137
372455
422099
72156
875493
257126
673500
18724
531695
856263
84415
541748
834987
865263
457286
629066
582592
352667
851721
121769
461011
53387
228092
698202
947840
652135
579263
537368
959095
125503
4192
656099
581155
737808
289751
530157
195823
328623
712331
620330
917082
465776
301858
513730
129800
410916
649649
752715
516449
21165
23458
299340
661664
975966
606573
719749
873854
911578
327470
215710
902597
637228
998155
905702
644403
38081
628780
590991
364975
123286
882257
877900
498797
79676
803808
729074
92276
913513
114322
56763
814750
981126
566774
105280
903589
358327
746817
91935
486437
597677
258586
845752
340541
480852
599740
967672
72764
767969
748238
535417
242485
815791
228761
652186
771323
375544
554996
108843
920352
862764
350226
444017
919511
791036
922282
694740
403324
477626
566966
123386
466952
145251
101999
809813
565858
183927
805802
907340
54026
954188
672601
542004
527419
558852
474127
338734
203199
483675
149512
894012
589347
601068
881879
840692
867080
688778
585675
881082
871578
248358
131406
917440
430195
403928
543046
29024
627914
174428
793649
557296
204981
84808
872935
642591
307032
477720
218564
783926
778174
878231
436126
217614
482809
292250
737171
892970
275647
598164
386401
241969
729054
380557
248036
246694
727796
224163
952948
676140
400647
842973
196269
509351
771976
727971
122465
809540
571687
428267
696706
294490
403221
17963
384194
610670
245929
820236
359050
961798
166833
103899
984736
538959
427685
487511
469301
638751
150361
471140
437215
949825
877187
537824
163776
675189
114919
867495
101812
904717
285768
229854
905821
97662
873977
75325
545628
781636
74023
955768
7625
164081
431002
28154
742729
894331
530643
193351
359660
396749
382764
342789
62444
499872
527648
801420
926018
493397
885340
826384
180873
708497
623833
222621
915611
582860
873806
985651
860133
73621
295016
68660
296027
636653
845328
483386
720021
820034
223215
673777
764021
790525
424268
191346
13275
212232
833902
188824
702414
892273
111502
739964
545086
304453
26884
569813
429430
724932
520910
436994
33118
696109
568970
424568
131035
212041
599990
547838
93725
474105
721346
972158
370417
864274
566292
194042
959988
260363
506310
948633
690370
380428
593755
897279
153323
778778
12976
275298
875857
242209
249569
722480
813659
663977
191583
783737
380709
72813
835245
199079
802991
846782
156435
24235
626677
727792
86346
658471
878355
343922
422191
240207
718194
554006
157935
957921
951224
622635
61620
804772
992788
131907
521366
931739
485209
193021
707632
835990
725473
458905
16771
244104
452110
110438
887210
26224
669707
880312
619317
706869
154724
221220
782350
242253
413487
550581
43240
184348
144575
440578
107735
501948
443482
607456
25053
598434
527724
812631
549772
517384
730883
561000
376558
951402
230267
656036
245360
945360
576112
802540
325391
174996
596680
875941
483587
655055
955393
333331
863891
22500
72737
35531
628317
53738
642849
568192
274198
620879
477543
527798
400112
664864
90961
796403
430049
442610
843286
141994
59583
452735
610354
40487
166554
647503
682525
424080
12340
3886
436637
89332
842292
39960
692189
335522
273293
209745
438165
591474
412837
959040
232851
665085
943023
589898
509819
854715
763511
151239
413905
704961
996148
469842
4328
452229
844479
176791
511391
725017
862260
290381
365015
993976
966433
821386
336514
411389
576465
852729
204531
744375
80254
395989
492708
810623
66979
447632
452743
618104
227119
590834
653714
709804
617817
286834
626084
652638
372912
883922
116188
234777
332164
994342
463013
87656
739857
441064
138123
629669
54925
700661
30685
273422
708541
777455
578735
226691
410710
203033
450187
82782
369196
579974
706841
301653
339955
931594
30474
651882
820810
322337
874633
875641
577998
904676
920631
629338
152135
342505
599428
343925
213803
169883
418828
120274
138757
182296
555777
803671
983724
739167
447867
979987
195146
309186
785126
800468
246422
356771
862147
151120
388572
818580
809686
851757
968216
83617
278590
90742
847389
191244
928797
797731
253718
86062
157963
641594
266682
175632
607284
682346
193570
458295
528934
484333
855344
960299
564763
517075
600611
482407
789857
611961
943546
870121
793823
930543
598882
899357
809627
28304
603625
6966
746270
8304
778043
292933
799308
388619
304057
235802
468043
114518
988172
236525
313803
66857
505661
65562
379560
999355
771493
210042
684810
692689
175197
567767
748311
337627
761176
356300
12474
401337
343508
374203
684055
818807
764211
727149
510534
708035
64698
958795
412292
923544
61792
70939
238631
770964
474025
765605
602124
285852
917456
378489
13201
54521
404606
350105
247166
354304
690621
8963
166422
614626
271604
997075
793761
459287
860056
908245
824202
507383
596817
349425
879147
88675
997130
401145
294019
982171
762356
388234
893402
388651
940431
868529
26264
288366
351896
244284
357846
733668
375608
327257
840706
506481
68253
129290
345567
921256
106787
940407
349806
870735
962914
1833
348817
145494
128082
600665
863818
637808
627691
607441
122046
270177
696769
45767
752014
9111
65173
606528
923436
524388
300394
252597
724609
594718
37936
295025
21290
527272
284675
774270
988681
984197
28856
680025
511489
647060
409989
435058
829217
232507
448520
698966
661036
627632
339927
759823
386691
513269
739324
405011
566139
746633
144195
181674
181228
807381
676589
376010
366216
609964
59362
76006
57209
373814
538416
515266
525176
909629
802742
86497
161154
447001
720640
102676
721184
936224
111816
550026
656951
854022
651929
871666
141798
388751
193650
655693
872320
614707
518703
820416
876497
771593
482743
253489
274300
873397
737702
775929
206046
304095
355327
390789
697246
972052
615485
144545
88979
440930
613250
420272
902969
713456
510402
154753
476295
990876
201911
277106
648004
925552
885088
805544
603756
517942
770657
45209
683612
462065
42440
426686
575465
67764
694304
583520
1098
186679
207263
98662
286173
801865
344527
619807
700843
430220
127697
769471
290020
829815
810820
592293
32411
442776
294569
861150
941023
165740
353026
503389
347552
263889
366869
67457
537267
196348
415577
103574
282997
461300
329246
998125
187082
818225
113787
909848
819437
237213
607232
695937
589075
657934
194448
632456
296566
657415
556969
639746
207670
775638
144296
969189
21105
320093
584590
289644
561380
100748
802056
321067
172789
483701
759120
560697
470958
421806
921364
228856
51815
972798
498933
531416
952397
510436
800779
277002
443345
969930
699475
794784
537779
277224
612968
24097
685836
619004
419909
182923
802246
730766
21700
364664
939967
95190
743094
847876
390244
961048
341477
31018
700790
820831
89517
939789
977920
75299
445243
999886
280689
742583
218526
23324
606060
733988
383844
566136
975473
31534
574405
120766
444714
639333
204891
376373
768954
938988
298106
619924
384707
833840
596857
190285
975145
3677
773068
611953
428455
577432
635017
245134
213490
949924
215501
696380
994174
660805
217546
830616
948438
487661
19141
751300
514552
685490
238289
671742
703399
531090
265063
988005
571804
648497
895830
243634
377471
178430
417890
158706
185199
718041
199497
952617
135472
498410
387291
511781
67432
808170
531159
214187
356742
721089
676167
386801
426393
509237
614708
529876
486085
532951
588601
842621
684351
658497
378080
348397
970682
933602
114084
476239
362509
952778
875075
870930
777280
557371
344625
618622
470467
260428
685555
610018
710292
904295
868147
413974
810431
180405
97184
60542
331090
269908
599488
254638
617772
717513
476625
901848
903273
358063
779039
421096
522161
198596
288719
540064
3834
533254
879133
996773
544111
481101
209458
624220
822830
646788
621289
626923
64521
539246
944194
601049
848124
764699
819714
364535
889544
294611
54430
580384
554111
995298
807293
928243
495966
375654
189741
816325
930916
465927
455872
48116
738905
26659
394147
522131
971886
978185
484770
994496
462356
997801
963189
948119
176402
456497
607982
373846
794977
915845
372197
403457
323531
987331
55472
855202
885767
204158
960910
112516
90180
210026
339571
346444
734600
239109
889427
130286
879162
130309
303727
464259
952102
199293
366065
399931
452341
120428
2177
488774
834929
103978
557208
839677
897586
425616
824590
591538
886662
284609
420313
951175
645623
104032
277163
208183
657544
627598
618881
580396
552812
198241
660340
301962
761231
131368
379247
175552
495642
40337
288318
523430
229091
6160
892281
514928
381234
38773
217488
814777
689227
544892
804855
150276
932200
905480
645108
732030
873148
554257
449537
333530
185289
373530
190745
248827
911587
624233
268906
959675
456637
595909
187257
583717
37709
417987
732595
829140
874164
578999
74175
508368
41303
905031
599273
957319
686528
108917
419647
599682
189393
942985
432384
588964
761560
576958
273831
422340
870881
848490
311223
293155
201362
493361
145114
184680
292708
225637
673892
633837
3694
675086
416301
621605
588392
870444
310168
442740
589820
928836
729055
966630
501904
543631
238622
525997
700291
846681
8926
276996
504165
383652
28519
714958
485596
458699
322947
246294
323947
214404
374910
46587
320651
547295
832457
826740
567192
718758
183054
743284
579285
407501
72305
139406
80704
433729
176704
831052
354193
921655
104052
719162
387101
261459
974174
600210
891706
982193
146180
261777
528036
237767
996863
600450
989887
329585
356256
3959
468475
645190
851290
916655
500750
734046
596924
57844
222626
500600
798322
138101
895507
974365
851670
608917
317860
275180
847540
638319
57041
397748
899026
811920
55369
133330
518618
326852
943005
230736
956347
107374
236149
327736
78483
255944
540006
349921
184522
68667
840612
816207
289524
212834
311963
710084
54770
765470
51693
987291
512725
512214
52204
491577
848854
452652
466248
948024
280332
693698
179126
892367
410483
193721
511561
747524
324893
421339
233309
759181
682864
664922
111949
318331
15145
879467
668533
928073
951866
928184
220867
452501
589949
517712
484459
129037
676199
952503
543842
737453
196063
393572
900142
246680
478152
110899
125705
394346
759138
368227
143445
645772
62297
604866
430484
675976
932083
637885
623620
443681
502600
418933
23246
101478
756614
373824
778297
177105
809384
489524
273476
973148
390406
630821
240262
995332
444699
395090
125706
722778
269674
764612
99499
915764
619941
516033
776779
46823
724545
853877
39890
530250
632362
53266
923985
134951
908928
816218
670034
956538
727140
39207
319753
461982
59555
514475
228016
504570
421051
107353
226875
492009
527615
925947
335711
555212
523327
113932
667881
192159
755170
720401
698916
249162
303580
431253
978850
460214
791958
617635
143651
551901
922198
305092
438261
636036
129810
46207
344899
726893
520575
390390
405728
926846
385343
708403
370885
445219
217090
983930
622100
893190
810394
91859
170421
824869
242685
61163
16147
386414
30770
340451
627596
411916
176493
545719
873831
56149
619568
431234
280061
51576
548502
764362
540138
941166
469469
224339
24423
312393
802757
860125
899870
104568
843847
361896
512960
823672
488510
265379
965536
961456
353845
735141
77468
663309
30339
904224
704824
281065
689399
342978
798588
149562
761610
593829
500864
315924
937236
199978
263088
452159
250978
470585
387637
707015
620141
691275
803261
620581
860744
471817
311187
312685
443936
408114
478060
99304
708982
969678
329549
906396
18750
845461
819890
258394
836962
737080
416100
38226
314247
76323
578437
645777
464921
228665
370206
356447
120550
36806
293140
136629
331441
385223
466428
842153
951483
641666
584465
157589
329808
272468
830230
659892
186350
267221
150006
778557
298744
830742
727063
776152
923991
734781
428721
180429
869501
359324
417166
352742
830302
822685
15299
854001
995377
862553
431389
198789
726614
464881
685774
540211
657942
463776
811305
420090
557442
512261
151519
70613
138268
344836
251080
874354
561197
26676
121958
877236
934989
687162
626765
395178
697131
700086
353466
576134
781238
868066
894306
824282
874723
352904
954554
649816
678769
887582
908592
268041
262197
59812
408098
11553
935071
411116
932363
137377
682784
668480
108462
461375
371982
228764
625616
292335
433105
800475
612406
872322
367890
666738
468883
352132
476585
941295
736504
631610
487892
753763
183000
790958
944711
115485
94858
792840
615560
892376
901969
278019
297013
269042
492540
338624
359490
16479
262640
522399
901900
605543
465455
415345
976879
563528
549135
311686
997336
783459
91405
989365
473743
906208
301508
349320
510789
995271
392743
66160
644714
52936
242816
610843
304797
551242
857821
812677
396175
246238
671690
706114
329138
816291
527326
670656
865323
321796
52172
193948
207135
101525
18326
22099
219373
942485
927726
101684
702193
173977
393657
329413
6409
605883
63710
834234
404981
213630
561107
749756
598091
212985
732895
966679
420338
437367
312649
239255
295567
355435
322015
957428
955878
959717
543263
773884
396684
605513
746795
924531
560354
414388
15262
417186
548840
54400
55692
642474
335630
4830
472605
808108
768366
841868
291993
903301
16540
949370
316808
355196
46660
478071
615005
127767
390697
160880
966689
292603
748963
841893
858519
719633
8491
610147
145070
653311
864713
951429
266006
826212
329842
33133
104120
371592
153706
351691
9105
297614
266318
767741
207366
46194
582376
781957
620298
825
139641
686355
536014
587672
862515
385294
60295
3434
459403
774334
380102
20630
664562
768313
249600
503791
344230
672097
817283
865723
708594
21314
69646
225967
736490
856213
305158
523228
948412
127045
671103
120002
608054
38089
147821
506273
544573
31444
82509
964974
912990
181155
135761
386704
945866
824742
552994
806941
502039
430037
382890
884723
136026
917380
125179
670207
137071
342937
804846
917212
55835
799084
100015
88632
361991
603317
656595
867718
946315
149963
427788
751788
961834
248515
291620
53817
385640
978093
112392
339200
169627
771569
658484
875630
341524
286583
735605
661908
79184
73756
932643
215739
688197
304691
518875
792543
589234
452558
247454
701788
272099
299617
871677
822203
420348
930449
941914
612072
922900
183729
219520
936696
140216
926233
484522
334194
508167
212991
848307
243266
226839
389577
137637
513573
792465
677387
782869
692884
588686
148038
630087
938106
299049
19824
852349
825655
266697
861611
812469
296325
750619
738809
622335
930501
421765
435779
394486
992389
944709
961255
659158
370402
642188
888931
382486
741021
206904
978372
207404
553216
986860
271137
116701
759213
465903
758196
973856
31451
510546
478391
115549
348857
633079
785992
53341
670911
59413
955491
589048
839269
857056
707984
930726
402229
347579
690098
817604
610538
524990
337537
922811
362658
809648
808834
622115
612895
910535
933571
128146
637525
322352
651571
15083
232864
158574
753724
693493
817650
910897
860328
193323
88928
910358
70787
482800
6083
155484
965393
135157
231718
24453
257387
405449
565278
903393
603829
652776
179995
898926
544542
650304
988689
701857
110926
115919
891614
878154
505387
71647
87483
119127
360056
461752
633063
792213
548743
96910
402365
787237
511131
152591
36282
446542
675364
104338
483322
18983
842879
277417
283813
434186
376815
57320
867393
361969
447241
476314
857030
498893
16658
811076
394955
504021
809452
360951
482163
142931
490977
456295
16200
381597
820988
577208
925477
642654
518395
26050
119425
312598
9675
824074
77807
596332
833013
383873
204638
885472
500996
319718
103395
855648
645688
148962
635605
862301
519049
503746
784564
860556
932682
475106
97058
139660
199595
782118
291894
238442
386623
542407
497899
651907
567087
763937
274312
951433
376170
896505
87999
140989
134842
122767
667724
236078
663837
321228
790666
360211
937411
219266
16147
377213
556736
791115
68456
994453
939212
396199
997428
422203
308958
934219
782489
78866
613994
145619
186026
932511
884957
788530
95221
565880
752336
471583
938470
770013
856653
553068
378313
781423
429425
253795
287501
360400
595965
113371
379729
461225
629401
473160
541854
135824
775439
482386
467088
802313
928833
31143
227111
960203
720496
965666
116037
462193
971797
816385
916045
69159
105470
816029
576424
487587
435951
369784
427431
430384
416927
859804
692327
366093
641623
117697
341299
139316
474705
921527
165582
897379
414473
183822
411650
503296
323290
468208
669444
242053
88971
339779
64815
787234
687075
613920
542694
987281
547278
379975
762815
716673
854085
971451
489899
260165
839265
216344
184261
600813
995613
414294
858499
696817
274210
351242
962552
335182
33011
785996
361959
114799
565270
234455
211242
880615
969283
169106
455401
939594
868737
187324
166889
230793
500239
627612
771095
459461
60039
542533
764203
223235
752707
133304
78765
583592
347916
689714
815469
611967
917538
367619
436919
641289
282878
453738
14962
88673
749797
499017
157866
227584
360081
576507
382210
212420
137944
155129
164424
785337
817952
623798
28472
868535
886648
265805
382120
852739
814794
949847
900804
228422
479536
177309
953583
975344
51464
675577
503354
2188
447302
723933
680337
202415
60513
192826
218510
465525
91280
857703
975299
666917
993880
365010
434051
906115
363946
408313
906125
821935
653271
312921
43204
432789
839653
50102
809369
4994
16607
155103
985127
997214
909299
130342
185195
278332
625385
578869
312156
469542
713051
499582
522656
200479
935920
369897
579060
545238
201664
721667
696301
272087
924608
402624
97226
607352
527661
590298
832892
623894
672331
817166
98539
865146
57621
179704
950694
26452
323775
994695
749404
130063
473571
751632
621094
564521
266221
436714
858519
153522
3026
550615
863562
171111
366346
282921
1924
244134
996113
455447
567848
354768
866756
124532
287231
582953
712744
408576
76746
878822
468787
107813
307865
412759
665110
19779
465585
77210
354984
467920
931931
608284
814786
415248
459163
603716
657169
878371
704001
976046
877387
12484
208667
469491
367990
264821
68408
683519
779953
600971
788700
381411
617791
262819
904793
2194
834814
687232
963507
778877
185346
658762
428648
118081
529086
852808
652980
656249
29031
953167
488470
222529
598211
214564
662441
783127
279921
29764
824437
520278
305847
370558
32683
102684
708116
914712
54001
138667
923034
811998
574269
292862
195323
811830
936236
963079
241967
792288
70447
826666
640695
223723
906708
421271
988136
823788
964558
823415
2059
259249
213636
352202
276147
451542
554122
213150
749378
329080
71225
748291
904532
899336
840979
625640
772217
672641
170068
565080
9269
969067
293014
377904
443827
342262
458878
536894
810744
862260
238098
55776
818509
877931
829748
501754
187727
953500
285370
724144
282748
669682
817492
829432
58355
619544
827349
593767
932403
864671
346795
28693
449087
276302
492611
599310
414331
815082
922254
551085
466867
407005
212805
251000
267386
98440
687513
628869
513889
960317
285801
840643
955870
167050
4344
789744
52881
338379
265335
716624
478368
159868
8105
116964
35616
592319
883412
145741
242410
937132
731348
566733
503281
96503
884742
335209
697439
323791
829736
358178
457099
236244
308738
46126
390734
116490
821597
553766
701888
449381
285310
385433
690219
579615
983938
365435
915629
327210
904508
905123
709365
917090
104946
422266
477690
115461
91925
338242
10188
700971
429585
154367
533043
455672
419207
814870
50494
933107
356396
738673
809943
244506
129064
910672
428808
446294
189517
829685
408653
381204
320275
523834
351044
98715
702899
89254
228670
889272
618849
535407
102940
457897
159499
669672
723410
524204
956277
955098
698812
749755
742163
576898
770035
795307
619472
694145
150657
879535
810083
610087
217963
847673
966797
147309
648321
952042
446597
207387
229712
158670
727569
852291
370589
401593
286663
367630
770234
909208
387047
183934
315725
721842
239478
68521
417606
964978
353971
138223
342936
389667
652135
852904
314615
955193
361781
596707
711230
534034
19538
54561
548457
827624
843404
172904
309305
988044
857382
481407
617740
281909
307283
362772
363471
386538
257287
702223
250420
344244
908839
516339
65793
149090
971
418822
86990
7733
653337
460665
906068
635610
688802
841178
635858
879117
2242
83903
513564
764327
54464
605485
973516
890348
774003
601619
175767
195389
839093
433436
738274
146587
953056
272440
712920
124553
266535
640846
196552
107270
203247
610470
50466
712998
224446
264552
539553
633780
592291
88668
357379
210686
49063
17997
444682
388511
550068
110546
791192
656545
12712
530312
730595
368375
181329
966834
284148
673792
323797
558095
315713
998440
835993
626737
394828
59946
910186
157065
428349
528712
610887
963552
448761
296513
795205
587553
351385
648630
447645
147534
837359
427582
151174
241364
808532
65684
363629
901276
316923
600215
586103
131582
371137
663596
220254
653989
992359
739771
722653
954240
312975
262537
322245
89127
114486
61800
860541
984496
442658
636170
970599
825617
590522
705925
796056
696060
550664
931694
484255
746519
77351
76581
729290
771753
115649
387528
86194
146380
332599
980021
819797
56897
406446
55631
540538
919350
596514
737207
98200
258095
936144
987368
722643
862839
421466
890366
276268
583875
506453
60984
758407
535373
858143
720683
119955
722475
780030
181821
524656
642523
718008
901946
627799
358292
787552
625168
142663
97808
790211
928207
736783
896106
925083
36851
5794
600808
930377
407111
448529
139454
372287
201022
606182
835152
209459
609941
266801
741727
321481
598753
489167
193123
600174
264125
261292
536245
903010
246212
246223
101137
709439
645468
525727
219759
277895
519125
320117
664150
211202
775520
913191
900242
614980
878664
7877
492009
481803
847847
130280
973779
523010
723532
341234
163771
16496
689922
110367
803719
954440
361521
198755
852840
592622
135517
660121
631659
793940
950977
275876
909804
438171
219484
725190
932474
63733
429204
607785
730028
833833
163036
553254
855838
408261
377400
779677
11228
291421
546338
681826
402861
725343
570481
246432
233222
947166
591925
681330
457399
801649
655928
257626
335725
507778
495124
143577
643608
792121
949438
148388
681856
436649
475205
47387
472007
595272
330335
184359
20662
998179
733178
464849
502786
197745
741523
474582
128273
398695
153571
634093
170666
458547
817616
336527
572031
582165
299568
599958
887388
913154
927696
119274
458223
652528
229189
915363
948597
363134
816360
801834
690015
579164
987067
426144
169513
511732
517196
171840
993329
708211
545506
636926
191630
301978
756370
772671
184604
342083
755276
88913
960628
56010
359164
939380
215286
835163
426997
145131
690681
925666
190264
59307
457996
146891
977165
376336
126359
889636
696285
107300
349623
96811
711945
323822
110643
501129
398423
408508
275815
349295
606646
560541
834343
358624
985218
268728
432563
894509
244620
152433
981234
509609
307607
666122
172797
800250
485036
362648
86343
332077
138808
832042
466239
467243
73174
268661
756761
295085
172284
108974
13367
831252
27350
469939
143775
770983
145748
580851
115224
410353
473288
673138
473523
213349
897791
25907
686385
997570
868183
570830
450654
180307
680030
714494
565997
826913
844534
335018
201599
277142
399886
138504
425381
687598
26985
460100
234303
916715
975357
52955
387415
297883
11609
175780
58262
172480
612877
921136
259406
139224
818986
350261
573291
7002
148847
847700
373177
79812
541450
655480
836892
745564
327878
186599
117424
734312
882198
478310
643248
959993
644766
674208
473998
917996
223271
435829
365678
853216
617336
671035
791564
615445
368065
828074
703941
507666
562303
522394
447719
89975
864802
75465
894258
646745
702797
253691
478606
752204
376381
894092
424082
520553
11681
971940
291286
648362
470800
149138
671903
173129
173861
584686
930390
35501
955292
475881
355186
203915
796283
998854
179548
719297
868088
617394
53448
121514
894875
932535
233726
528980
375070
12892
594470
124242
287409
835883
610856
774385
707102
73367
707606
280456
322009
24490
348198
820725
461047
634615
245225
281145
283309
509623
244879
930435
947158
746092
156798
427076
352581
838734
619463
629120
66809
124169
730597
423339
339548
618505
369956
414323
409944
134449
439818
718707
480621
753605
587351
169098
62693
880555
680510
196667
55966
744186
907251
305873
419184
911235
395520
607198
683875
853276
927133
769517
517040
170617
916842
484752
143457
111788
255952
79114
891557
832598
567348
639155
474262
755936
191772
918915
394359
510368
587800
689459
786414
875989
838462
27617
487135
265727
914745
156904
138704
455240
24581
818204
203369
974965
462221
287474
308990
399719
419423
810011
375067
222731
874316
686774
236594
461637
893124
178647
932750
354557
784030
748014
126603
409016
716275
520532
771281
182522
991168
488531
435220
730327
631642
429763
548805
102633
1129
47550
476485
923564
708637
118564
392572
143257
797987
908380
726613
585649
677054
843303
427888
98004
559730
151862
688664
35379
792365
918662
675732
461301
180907
843003
910425
574587
660215
314831
496438
137566
950842
142994
933089
519091
266511
862396
463359
551446
434781
997008
944576
26340
206741
245365
558841
753563
324446
446790
110043
543644
80933
345963
942842
196014
782253
688059
542478
182901
120259
491127
395151
321757
129510
270639
368843
44475
549952
607555
109083
370447
775500
203653
625140
612554
582948
70446
756370
995114
235620
299724
681670
73210
712630
944430
452705
93433
565441
730703
433607
647173
110693
440331
160719
530158
924173
95501
699159
922120
387964
710184
304079
458968
180882
40560
853398
3278
673338
377126
977621
165211
843655
331063
707914
31265
42104
728691
766823
668642
553702
277573
397253
839162
779047
573660
385427
972496
464299
244168
699566
188701
453597
342399
771551
238628
768873
625043
20305
814450
869368
279698
986075
933977
536566
131554
559624
910508
769664
740047
644444
228661
652412
895354
544549
738716
364036
856649
74169
306735
654980
510729
736581
759157
508117
512086
438889
397809
564545
855155
409199
714401
372023
530354
35280
959332
121903
873508
786269
793969
883927
370341
688492
65190
708271
142349
605526
183643
755262
965329
837323
350704
883039
54545
514461
921972
160901
398602
159891
868934
722391
641809
154288
445964
574488
732644
887180
436460
116174
537529
756982
693606
457118
412339
875175
521519
521195
506553
133734
661092
411545
779758
650086
72202
755889
974137
535324
954255
262483
846981
215189
51905
835911
465316
407467
85486
951846
337342
437763
881975
141974
954801
853865
578271
888532
176499
718148
326349
375201
162229
874571
894559
485430
879349
446018
472993
272979
483134
177090
13141
432846
492194
275187
562075
562404
655249
395909
271411
522537
790211
68166
962190
533126
169112
832625
899996
507503
250409
530963
892772
436829
32433
281713
359043
401409
513210
149681
634209
97897
857024
189863
448264
316487
124694
788328
891978
809084
753542
137543
757758
886948
789360
180914
370069
119396
908626
821239
250389
20157
996309
671334
753054
803805
209524
603335
703016
690723
973656
195660
37394
872592
929329
90779
724903
652960
796214
709654
198132
995368
903671
759454
763667
254122
423232
786516
465671
256791
845310
156509
502818
644691
816212
869469
311131
410301
705139
322100
224868
802248
448861
278096
465985
599637
678402
219430
175382
676797
31654
357809
285361
288633
691181
663364
749705
540443
582052
911440
656367
777151
117848
513379
596418
625086
151859
592324
480712
348765
348410
358803
284634
497053
977182
993058
186749
732362
258533
338792
203356
943712
676638
559368
160096
993169
838587
222282
934428
696373
131886
134830
348687
764386
241007
124964
28198
752371
936723
797796
416754
664128
999565
21908
677236
767987
353916
491709
397136
52648
943227
884456
958495
996308
329146
89420
370984
876887
695178
981465
198013
433225
692325
794159
238820
354040
714620
192890
737465
275325
135158
496039
625942
725340
880940
48581
197805
8169
526351
463305
438879
407084
450899
356434
541823
875240
615748
598564
446630
634753
917153
579615
66253
460202
768296
665736
814548
539268
581597
895736
493822
769077
267751
657513
892995
672290
333115
854543
695714
222500
906558
99893
769060
590743
662515
683703
775714
499049
939712
792528
241862
804125
581371
452964
319831
742194
116671
729718
453851
886758
761363
249088
288555
14173
369137
867675
926529
120126
869088
71068
55857
552160
956122
297101
228034
238709
813537
639085
116559
7951
548999
815129
393139
451758
322115
565000
118496
578798
396914
331602
643425
134153
873014
404308
491352
157814
149745
284409
243033
809645
288135
778829
271666
64679
247662
361255
66786
144509
505501
168650
435055
228161
102830
567248
568996
324406
213355
221516
467592
378167
15587
272468
893419
666686
546317
36579
901118
644454
411939
730699
886849
425062
100508
284389
494041
379207
417764
938805
142735
186412
427907
978985
545135
17749
581276
454534
174850
262258
954757
206974
136178
472231
839416
186549
479011
752583
16953
422612
850942
778177
475126
281791
494292
365161
377404
920289
112047
250514
466072
654413
565580
177447
164386
321062
321490
32242
513732
312168
524910
906609
149609
344412
668850
481814
987927
899816
81300
258976
580829
355740
524034
731174
986559
845737
49464
836775
330408
59674
620229
713177
535096
911536
10919
332484
531853
993640
238497
724423
961615
6821
609327
13121
253975
581986
993830
970626
255478
207497
823225
377717
584502
210517
417898
969875
513393
968780
120386
687464
500
21022
156760
344675
297741
237260
530121
313339
585996
841801
579505
862926
887947
703625
284207
881225
186846
316708
964261
885915
11768
847009
471004
571327
882584
603376
163807
52368
309086
587255
752704
81655
997200
498508
653420
358001
552613
81722
623968
406709
416643
409276
335097
717109
172305
409977
782638
715419
812296
780643
547177
566183
423470
224911
972351
410637
957790
319751
628218
778582
550540
873411
828861
295479
536391
331292
539059
410738
19031
944352
580264
538799
457229
270530
604245
285846
956091
904544
401307
812563
675682
773085
669960
964472
484471
367109
618645
662239
549790
888124
433115
409850
630015
991229
928253
369733
743951
676014
147207
480354
116043
224598
609321
390450
711744
369866
679367
454994
508287
937123
213106
724217
853827
600811
306296
436729
468251
699693
387394
191362
263338
32762
485012
979811
976378
408766
347571
260374
202113
660614
79846
553105
451377
665065
960233
620948
160575
523019
648037
331318
721031
354575
115013
815204
540053
205901
543805
574770
25716
208297
866141
842809
37601
403624
716098
332772
160676
565820
620142
589506
111790
449711
524644
489111
481598
222052
276437
82894
466376
312180
789026
753344
856737
749464
898915
403787
216980
418680
516160
100914
468711
492072
864592
184897
724725
399795
393071
218070
769128
137540
681937
241486
665003
770950
278593
676886
897837
810361
304849
643472
945772
673496
186650
197004
611717
951351
743016
469266
602
702706
444906
764394
495002
761474
561414
449915
549698
350090
224898
563061
580065
266602
601296
714539
999979
312064
408918
864483
872245
638588
2914
341933
533253
159776
257622
418707
611155
165232
695289
791941
43689
151361
135423
714872
543100
926609
944435
207675
74547
277640
174805
734519
324576
234428
646665
829154
356639
301537
784997
826526
263198
269154
755594
921583
705922
239868
990722
8801
426117
773367
694597
641040
131543
373660
579901
57045
954280
304880
428245
958267
373195
232350
672521
765817
733844
296697
465252
270652
873477
574013
485268
76556
687787
347602
590067
606848
713878
987532
261875
121190
32660
333774
583072
236581
430496
825321
138580
408084
25014
735710
240565
450829
773144
713864
208726
42831
908999
119656
660018
203
135251
578262
245279
880764
925418
849950
1404
679337
37929
347048
232358
204757
792834
876135
331664
554014
6551
632376
556534
734437
378875
486639
424185
429387
280821
606521
555321
786130
160272
351009
385217
978559
99846
972487
626552
824877
984639
585083
510904
2540
856936
538650
495994
284932
497310
700595
159908
299463
687221
901399
934957
93519
694656
891292
173299
861257
49500
911658
285485
2821
36501
521387
291876
161654
449339
140324
899617
835273
363710
536714
303933
26508
598430
530665
320066
980948
869454
572752
565988
113054
671216
769925
567408
79130
923883
555442
951857
560587
37289
442493
497219
831147
839533
830894
28473
601278
765239
562658
317577
411219
471887
8675
307600
238271
918780
239236
636080
207601
304606
717400
814058
681010
269004
547920
773571
980774
421229
889053
766814
881096
510322
219326
202832
842265
349511
168085
227098
694470
412102
776010
194028
489472
232806
550812
793988
509119
70507
649272
124765
223069
690699
773384
493138
220678
40205
624362
668918
556874
37774
932127
96702
753833
17945
896397
5222
346533
115889
793822
88977
284877
176722
64373
728980
835839
26016
707637
873866
446337
135918
427218
710092
275300
378638
35567
901367
940484
987
889809
775663
838182
205966
292114
641637
933702
161572
920109
457099
376634
278999
764982
757772
581104
896516
140295
273181
253868
722949
73370
402528
199783
859793
571053
532223
102442
453854
34751
963665
212229
663753
985486
632447
38180
19668
169616
440849
996542
959245
944094
204520
640535
929002
590626
406484
116174
583001
245977
217125
694137
166074
619491
466456
775697
829484
89091
90085
509849
720731
101335
996010
856848
92515
440836
362688
559623
348510
117047
573483
454351
479453
66232
296511
599171
930884
293797
815810
956042
561270
934958
211836
311638
691355
660463
646630
359709
221757
742963
737115
288542
876145
285745
43170
499074
830882
432891
984659
985415
473001
150242
714288
731442
575699
428602
939079
219127
852183
979852
52446
131443
154996
126229
787309
508004
431195
344552
82246
575572
455156
423876
765854
65586
30838
491294
337988
929823
221585
16848
767754
796035
778206
335118
919421
582554
207204
262576
390657
836140
643578
942008
504568
825108
132224
726199
948152
585293
123417
184352
215860
495957
704693
361464
596373
949993
550722
545023
646101
777378
781283
451444
279375
985908
937289
343802
602777
312269
338605
610333
672091
583362
922661
584420
331656
696790
791964
907245
431483
679844
314972
470969
45476
372940
117164
253604
119817
825413
636651
868280
974945
351761
702452
196964
532047
788661
835084
933109
712477
599478
518590
837025
447742
670187
682133
58672
499362
630303
292812
681973
800202
221076
424934
978366
945087
417514
870587
733536
60463
843407
664784
457721
268037
627285
910176
330074
285798
135655
509926
193371
825592
747162
495170
645515
945389
498186
273434
723785
666598
484589
225363
609481
890199
649011
782845
686349
271944
59679
532719
731017
669362
742622
998128
375842
954316
676716
772008
149103
75789
157168
836915
791028
858908
581296
76724
551106
859311
331123
398477
756604
228045
795665
82064
402062
480995
469802
122315
505912
475262
451961
287687
877840
363669
956649
730261
920319
137011
388426
249455
719707
847791
573705
604920
969795
767440
443529
313263
95089
458846
961915
815627
369174
210305
803119
77839
780719
433154
59940
529259
150121
601551
758947
219582
449800
54318
933598
544656
509460
135935
146089
814004
494244
645129
98309
891934
290180
786940
279423
12216
655313
288716
205253
301354
444931
919948
505615
327546
396055
643257
68878
164554
952220
706781
971577
160351
601872
522713
342081
658845
838398
577373
930451
143268
322636
226364
357043
3958
57607
142886
982625
24329
232925
786545
909101
145754
890512
304682
699715
469968
21881
33016
611555
762025
475963
487542
784294
623741
41602
175881
747570
809191
186306
319292
598196
715435
286731
902207
60145
594152
888932
69459
827616
782284
95949
571235
303796
436434
332422
233571
252876
209175
994087
594884
847125
5450
511763
962130
969875
376138
391679
892517
485402
42854
473043
332854
359402
39235
816006
57753
748057
109429
501188
215970
791719
56358
344158
876706
285065
497773
556310
988167
523581
435628
771507
998603
675264
685252
639320
689292
711497
890865
612270
364052
158993
867610
433614
935774
954847
437917
977422
371801
160848
419543
528003
588903
722904
80359
266057
33095
115890
867688
575551
986227
265368
20769
190851
420652
494231
175
956760
163027
748847
552596
991246
569394
917704
194800
197389
747348
153023
263123
491117
20992
932756
214008
847472
691524
838796
777671
52319
588971
345204
460969
160505
173545
138825
753924
44012
822145
591078
819042
461785
216368
960425
544286
617518
204934
354102
728265
730338
174896
492451
979755
247039
691923
154447
517287
663365
922580
180725
452522
850112
625058
339160
533267
225255
349067
281004
933052
86717
237603
503110
373752
186579
857064
801888
485291
941913
465913
863591
788778
522313
300281
598617
94299
273293
126053
840683
848258
77527
537646
498268
300674
667538
242935
629541
334591
212647
546987
559509
175422
870062
686437
474007
234318
909520
808599
441796
79470
726150
193205
698060
103042
483787
413380
486169
127784
999449
797932
742471
133288
925146
114151
599743
196375
425007
793452
391076
139676
759945
585345
414361
35720
972275
686257
380023
152759
813913
680968
482767
237588
529406
784944
651343
124231
106077
136436
644537
867530
548189
795962
54173
822247
105085
891875
451601
300718
436024
335290
94802
231356
945610
872922
438202
273953
773963
460822
75012
732415
582093
864755
408060
108743
257962
531130
285649
485506
961447
683970
78869
496204
784586
213574
853225
755328
871419
352479
938616
39624
653051
930664
258025
425842
42911
106734
605625
847765
16769
216778
159387
978360
575416
38437
748866
716256
74577
547170
367885
272098
825963
726008
925010
945791
475443
853942
49467
811677
695548
348185
904054
947158
284753
619850
893664
141456
141149
491980
300496
451713
677827
68361
594427
816534
243410
147581
589998
840200
189485
878711
726547
880497
698545
871178
804284
893435
28287
77784
232919
858325
777400
941862
645572
792048
369603
675178
278953
759877
222928
561548
456895
505899
793600
628468
492854
55149
53298
345692
255778
808277
431111
670308
909375
935709
905115
321018
937733
57588
914476
924571
263754
833413
321346
726738
141531
536194
355538
841543
411180
74509
524542
873041
630703
791007
319832
206176
754442
583091
911360
699137
500283
610163
410630
751420
332691
899503
911934
592136
426475
347600
989391
378148
342963
900230
532944
130836
669956
601692
255524
239150
472693
436696
257715
250362
51076
309085
506027
468294
282336
866160
679389
321254
361334
499132
66298
693382
578503
237676
872742
26393
404603
570177
346880
921155
162102
595247
647672
753575
35765
745680
224060
293900
486758
561384
582414
889823
198584
790222
114663
18658
379913
745242
8863
788646
740083
767514
496119
336445
557522
87596
498323
20106
870275
359436
767283
513977
946562
101587
555183
727975
584372
10806
864961
575845
190018
385031
890
63264
805829
613438
334493
299943
577503
972429
469872
288346
482459
144544
178890
556130
840191
890577
466360
630148
647100
821841
495447
860363
669073
373871
80427
636030
937640
327470
731378
395869
429062
264590
495353
116319
769817
383281
86814
944229
375833
770599
802079
646999
581118
818449
609553
94619
41898
254998
101664
322920
981969
750967
565830
428788
972822
423877
434107
437945
16018
146218
825283
102963
584806
84457
540957
194219
561879
34553
229113
159080
967426
918971
273516
686581
158073
363526
791346
356261
833890
768021
824721
759289
386060
7974
951104
439295
711495
991370
810160
266999
605760
185909
805821
466700
889586
505803
693232
211639
963947
938434
571406
36822
239065
940314
929226
540944
65385
462248
787076
337992
818576
552072
481655
604692
429415
397801
641105
518458
477552
969789
629723
510434
585875
693934
53671
649028
870206
222843
781092
651742
204859
189502
782414
821460
924381
195255
977763
262986
738487
209119
223875
222668
518811
443841
56535
816515
259726
555122
174482
155021
461859
840063
256509
900663
210354
683050
729069
47878
498719
709613
74748
20889
103628
375449
512272
177490
848367
0
0
