10000 1920
291531
762935
193373
380013
687699
198265
790528
656367
412806
78965
955663
193800
802966
548951
218373
276069
750305
499942
737299
614222
478141
202571
931373
773632
355723
777641
548670
809224
42664
696705
874927
141495
511091
168763
157278
107714
425870
253481
846781
501520
188529
786841
560284
36119
328217
571163
338034
462169
154182
183234
861445
671228
706210
705638
219057
969339
277334
715173
843453
523716
750216
168523
262386
297918
641635
256868
286319
885153
933126
619380
668633
110072
736824
372869
187769
251752
767897
684602
384068
193482
946003
506379
386495
675190
642589
156976
512257
524846
683700
958658
85687
623537
723364
450345
932765
643403
166364
521929
842231
77578
76373
479924
182198
18546
955623
272870
70600
161975
21544
548426
262190
831608
312886
770839
955330
244485
772717
161767
945053
285399
766268
443562
544808
14726
289748
342679
485209
551517
455714
271515
836712
484287
522953
277429
217130
496945
282031
26219
50014
191648
623543
638273
801025
290862
561765
73263
449700
957776
467103
843625
510546
597192
65352
164684
826841
211124
945041
803291
133427
15968
658921
74246
196744
256175
482058
10503
982062
826525
888054
111071
377890
257056
60671
757491
833660
532802
159200
863181
266069
689350
119697
909463
161529
229286
709729
974952
713050
524069
763710
27813
624024
346969
546386
590316
34597
557987
746901
356718
293051
417783
277678
388387
754395
711155
22307
601336
373680
424725
381030
603746
406722
381713
59255
754337
933833
5093
408296
903130
639889
420353
952512
851654
476931
69220
229903
813350
909342
557148
99072
52169
814747
147253
406844
517386
715390
303226
320906
98803
601063
934722
342914
261762
178198
178696
587267
67641
846171
710247
788116
110641
158225
440997
35369
90070
488828
204417
889286
63116
727277
943584
614618
340657
549746
491113
97003
456039
648948
642459
281913
390515
456975
647600
674037
548050
794219
937463
709620
327810
281852
680471
691179
714971
417620
217927
246892
352111
607766
612358
114389
623641
253444
971450
427647
749196
172531
290600
755469
109531
564156
788808
72852
765827
19806
623476
995516
126192
56962
182328
136334
185263
541462
734868
439947
420246
713620
843996
747318
701694
761613
95653
347412
54232
849170
310888
162153
186082
348840
57942
751150
412251
685735
385622
410751
230105
917449
619442
961092
622690
450268
24676
452683
987086
607870
201583
200672
920173
120928
705006
595616
942576
557625
696617
974704
915626
371443
563371
633644
596226
567341
658257
465241
10359
42422
102925
535857
233402
939143
760010
841394
149848
606633
857153
829212
434290
171576
680306
134302
666523
428861
542903
328163
172146
963228
917642
17569
683998
171715
676151
288228
218804
620535
623579
45740
484524
740936
515572
337707
872054
998847
450448
61299
987951
704519
145707
431327
385236
7315
147205
139027
943171
614742
9821
964171
902896
399512
211658
675369
525676
286611
292015
911112
606912
615073
558234
40825
346947
318806
446136
776132
673415
566499
902316
209715
901602
910205
42007
868117
215200
240697
318299
178282
172222
356436
205036
217982
812648
975041
945600
333874
836945
361199
134808
443633
47286
545016
524347
532725
958867
261981
835095
13289
662888
940038
811773
929463
485067
562022
476416
980231
297628
57536
473542
5332
693438
897940
622272
171116
857653
299333
759150
126248
712399
864414
474018
405206
725302
111491
331589
273905
967514
243315
782492
24724
135958
771495
909853
188610
271659
375065
569406
504421
990113
857112
586010
794246
149212
719840
777331
675793
913424
666750
173296
347712
942550
520264
777137
338350
971989
757684
770006
962945
607335
337910
240234
418612
875673
977992
621930
36354
668400
801990
898762
105501
365808
726560
326270
340624
506659
677714
422779
761601
573669
606526
974962
924181
704628
887689
212976
895775
461088
889129
249795
201220
532185
209921
440632
304514
787217
487568
897780
600945
274388
616426
894768
47476
422341
817996
476353
628673
752741
617932
705240
995964
239185
549190
498594
570130
91560
582228
586335
417469
275447
133455
738874
653206
714495
833723
172930
282653
559090
673712
165761
376776
456710
494547
858844
899948
777715
711582
172292
581026
134714
652396
357789
531654
564437
36419
768687
778977
202721
617639
792992
303607
577458
20944
749065
234306
974852
728332
719815
760855
683710
700953
564014
723501
770866
541598
312988
604663
250282
824510
232310
639041
973295
486517
359226
246676
584034
215719
648396
748659
78850
985045
730235
973544
404829
168731
661307
329033
93564
185980
515520
128247
933289
640331
625461
295257
605206
21924
686582
590160
604974
611904
549776
277246
82660
47153
393363
598564
114625
503401
378112
448556
739520
806585
622854
727445
541398
253053
511437
958450
454983
460015
541524
676159
239764
590793
113942
450929
85505
903204
171709
834789
344281
22817
541035
893657
564837
77776
713650
546345
910560
913740
859138
317540
865314
452958
488540
896924
391535
842906
664672
434255
342131
394008
696658
383109
208501
630439
318230
832935
622604
662451
913203
21650
217852
894647
835256
713833
606523
996505
22858
106780
770951
607830
57342
384175
586813
799272
786979
474272
713773
731822
889174
725157
627912
997553
981690
346608
899432
905132
434644
576946
720356
576276
679493
150267
772795
962383
623784
950947
708605
707011
577277
458360
763964
848873
448323
831232
11081
979178
766126
494298
73582
188129
726334
860098
710177
766871
862821
438737
784742
111552
213277
623628
180666
814420
443121
810678
424013
586495
194517
376865
168318
580037
322192
877059
618269
305546
546604
323145
324680
487195
747026
516958
963772
457158
92492
703435
932215
320867
934627
168082
432334
715615
888800
250251
289287
426126
186171
200458
958968
474550
110051
641739
632217
384038
440986
813842
34942
512161
264689
713026
874508
557753
421946
801023
474866
875201
543347
44974
768612
742044
35326
499063
159135
368938
337934
190925
130918
7207
900727
952869
316396
68382
562442
264273
933093
551006
888457
636721
599692
38606
129967
611028
874529
765332
702179
746266
14473
861403
538909
21634
286741
950078
111524
932140
821375
732028
596425
85311
242570
47719
423061
510931
150651
505080
385873
773666
84984
186976
650977
397458
962546
462765
533959
975418
639859
11130
394418
136029
150322
79117
403378
491389
518806
809653
156948
59335
584867
828534
996217
393365
269866
509910
885804
381578
832062
438440
659476
576913
3445
348736
504707
145305
239544
115539
590128
741967
367771
173914
992253
20651
753726
66698
500215
508414
342702
814496
761578
349712
45011
686560
608788
854401
585634
383262
900686
101186
46601
698188
22992
862453
980915
82043
842934
542802
224858
932657
120898
356414
679171
758374
467184
631984
977910
254269
759345
481306
515265
183412
3971
272149
19134
933840
544343
896821
245538
316572
620292
902463
445693
419533
350342
852048
69084
229005
330635
375845
317345
584690
46226
490174
692073
560508
889230
97289
780317
61274
68071
145971
638375
95137
990501
574664
385590
381646
361733
979798
560185
311506
916863
805834
999234
887796
157559
878697
644383
821789
10124
89431
698611
113744
58974
589024
954987
941982
766377
929671
532928
845017
167590
526071
94502
479827
287959
451454
802570
859505
753708
453805
32849
824959
112134
15515
596555
699593
809570
116398
524616
477878
948528
769729
444626
483601
225172
122620
211289
680035
547231
84438
73986
363105
63159
605776
103028
986721
158093
204850
848135
536176
298952
889681
355519
594613
619943
199652
178213
845704
380073
572271
432813
825781
901685
666344
356920
436977
35775
548698
243071
65540
499912
604565
112428
609363
988292
644507
723002
449597
672300
812769
152551
88123
549969
753485
469268
701926
642500
452985
9319
368733
433887
501216
506651
126548
186090
717944
872799
356058
457191
247716
634088
219923
120887
787206
800294
865204
817955
552041
11244
116389
164679
305490
653717
486245
532262
623109
696983
723
570070
527255
420663
48540
389961
425625
43611
918085
641722
941299
787514
770288
571193
116591
143395
412137
200344
6741
352754
402877
940022
953460
266771
566434
722684
651973
984110
355664
303924
403313
167993
89350
661430
841469
302930
703013
565049
432515
112230
797729
767997
36351
886539
764434
121450
155863
159050
873832
995227
122912
70615
845727
348478
168432
535083
310936
165760
141294
206843
628898
591016
357828
353305
675992
543297
938850
156868
254413
588891
763659
508868
659964
239021
676114
956771
401556
513560
485713
358003
364745
603313
27196
502953
870181
29944
948414
46081
129936
928022
508108
610443
264845
241122
819874
411518
613179
770487
960156
916828
193390
873104
893823
700143
182022
603902
147602
391531
159479
747421
845494
867393
858180
288494
91347
976229
366945
636349
176480
41842
254461
548569
571653
520269
557287
556424
134885
23755
416185
113215
14300
654023
660474
518652
249023
163374
901780
222329
996355
279968
498514
197748
477575
824553
497467
401876
548810
269272
366481
9940
690935
607782
688453
831374
636409
674486
836701
516432
330314
972365
238373
778772
174063
835909
128722
334728
172490
840188
998674
874156
203691
648154
291602
733757
112199
380804
640404
749770
758274
703562
377425
608325
723184
872760
318478
272353
360205
748276
892892
586597
100598
659774
322017
260974
874418
378986
833950
40333
322816
875171
172101
551215
384376
673351
217276
342979
41655
487135
226257
976
917320
342961
173982
908114
480474
803778
434296
263954
24903
669834
409317
325662
369270
157321
200795
208236
613753
94461
513732
567534
673725
575271
450810
464273
885304
601332
287358
135080
829468
372793
53225
240436
734833
644241
490137
280222
891342
269217
932630
436064
282151
232417
692409
613395
605173
220595
991739
590236
961090
684892
362083
522622
460855
745426
203037
37822
439977
829570
91253
952802
323561
278213
896460
20225
764776
103844
743282
318932
297088
827857
668174
65005
350148
846699
705249
653855
34967
381895
25853
520538
508976
620504
319111
197669
399396
667031
676217
506613
845865
547953
904894
140542
125783
418619
879031
161606
904666
228254
456000
232876
426348
206816
187008
869671
565782
460829
670039
978885
441492
542416
964754
708927
523891
400263
756563
362457
61160
761743
420495
639379
146665
166650
30876
380169
656973
340690
174195
949906
115599
315175
591892
62869
787407
829293
665931
920657
525639
788483
674759
507440
92438
448344
928392
674854
644448
551117
957027
497010
404327
905534
465916
847355
948837
162642
811264
78430
869591
66853
938296
569349
432432
988644
741567
784869
624752
720128
405967
561557
825333
381794
712199
490454
672020
618124
845663
479230
276618
878128
908252
459068
877262
683342
296602
493059
962202
396577
916171
634225
453369
408282
84747
54825
725965
727850
127485
405612
577421
78254
498532
629396
140480
42276
890555
88597
127792
549626
742919
115517
364819
457703
217234
919528
200443
750798
141527
739090
361614
307623
684528
537659
921455
300501
801670
767268
961937
982096
403447
807452
226118
418222
598792
465281
775477
960772
315574
891701
907955
571610
758042
51725
200857
424238
726535
42303
681072
349816
25550
489888
120009
557229
983656
960031
410015
949159
20447
805657
108717
468553
371213
892819
333967
431793
873957
438512
92447
992799
206646
84994
74879
497331
830467
659256
173526
993283
823733
144555
371909
428775
947113
583985
286590
400345
409779
166201
822083
310920
829913
890379
959122
369071
365247
747172
310737
888616
540481
443871
330688
622028
478376
430335
881691
220585
312457
486094
263410
882804
910104
111796
17753
579410
301227
774196
533501
419672
164490
498827
715052
69797
118324
699956
636255
752883
203163
700260
648020
305119
363133
261522
103520
264516
578587
624486
845276
767853
776494
298608
223091
777243
532202
934624
68277
94132
421354
409456
441142
854013
36203
289417
778572
605362
556693
798566
101328
426463
698400
852915
620784
106068
642370
955733
237043
196761
137567
717140
870478
361489
361482
352637
411959
282562
560350
558876
573993
373883
972327
89460
507181
841896
838977
803319
467747
616304
149542
170859
955588
969236
770132
964112
194785
257860
995930
305770
581812
981099
254401
88587
614124
973310
727839
685451
713759
690290
757186
402105
578727
79498
739245
771586
970790
910622
123008
164578
27174
69580
598332
715885
553314
72963
879174
503585
576906
826622
229118
513384
44693
59280
668689
780109
97450
821220
42558
487558
179596
921237
500541
67579
66001
863378
429919
356236
242062
368958
566646
353289
986342
860656
875369
100047
279554
909978
389448
408277
924159
291695
457580
345154
939040
165420
531133
22045
854804
55160
478375
229083
715749
295808
974315
699187
694926
811539
800779
152478
803167
104896
698912
356454
822428
491920
399770
966581
432343
376039
696592
948233
832065
580212
738685
984980
269314
408964
919706
68362
43812
302512
565314
212368
228642
689023
592123
427983
87821
510786
518796
900439
805093
481993
565734
732562
565522
386530
540817
730068
149725
267756
911471
875588
260075
861869
203016
142546
930539
855540
457716
867666
138288
979244
609433
91626
790276
805946
853224
109651
29165
532479
413105
451213
316094
141664
744500
733955
906664
914542
366569
533640
346158
473720
218922
845494
584341
243020
532471
209213
808087
197791
652484
647562
376689
773103
377930
435799
790035
541946
368254
383323
469214
595429
304045
839439
500068
335973
724290
26422
269880
557193
57240
855959
790012
66680
201512
288642
583801
147283
867853
910087
259342
867333
407533
237166
616575
446794
736952
236195
957612
339621
407542
533069
584811
902570
760962
848378
134268
646971
8926
992721
305723
668110
747980
823253
646524
143184
335304
466884
968973
406123
418134
415540
478172
675758
130856
960136
68655
260875
669526
558994
156829
43371
612908
829710
193757
819687
413078
940944
928825
969908
383513
490193
511021
486918
69274
188603
732174
119800
74694
197627
91605
967806
939089
930026
654389
62259
201119
945206
562355
790510
779413
996272
683894
929623
149102
728571
422256
860611
96753
14424
360205
166965
524641
951252
455484
488306
516792
861308
595387
784898
801363
766701
82013
138249
296121
851450
11771
761800
711102
690086
390960
978016
429471
731685
781414
768764
397231
200223
927626
46483
342499
915864
937370
46304
288561
263530
180556
844402
222385
410135
497044
908783
69758
279971
646958
589091
914609
264028
168636
688322
94662
70506
156799
313629
62541
293779
680956
614548
468191
386267
194095
167703
974447
917356
432976
351446
999288
894657
132364
300318
38314
820121
155176
480026
641725
521418
68711
138120
19839
104230
376733
178375
253923
309794
659805
231706
57503
211060
370547
143917
865905
159299
17878
95177
702603
540221
22946
758418
575644
5291
628807
265802
231151
526955
313041
497999
6782
592681
249997
541194
905795
46977
159509
951526
491533
714577
832431
40410
393449
70199
611976
271117
562578
720120
569088
484303
390273
556363
499926
766786
793245
477518
990568
20408
308064
228168
203797
973218
46219
909114
433556
493504
737613
486559
178510
993121
749517
532830
154981
757987
440194
125424
33787
160600
797885
711617
947024
645548
582588
252350
212027
493796
416177
919218
221869
251533
887577
961598
527694
720015
733670
164996
649500
330411
831086
564679
35428
843902
743282
897142
210345
426431
846350
442749
932053
506979
293612
978835
560796
682014
86240
89668
271033
844021
421836
56742
261027
716924
239866
405483
253803
926816
911052
456232
163828
105976
817494
98331
902293
330794
835308
231684
682902
631203
261830
594546
439648
664736
96317
154386
197327
637160
321048
700580
661304
972671
263731
328699
351495
920421
594020
942877
12683
726006
28301
81337
732579
877673
515115
306403
497585
72045
37778
515114
640100
908202
631525
542544
152665
323835
145276
316184
612413
649942
204327
579551
70420
132571
502095
380394
985859
486314
901474
259636
357731
742101
364596
764277
162784
379764
441790
312497
943143
550377
562117
136013
984832
407433
968202
434351
57536
380655
134668
384765
829094
864310
168373
758062
278719
441902
553031
212224
472011
948178
775761
545738
665069
779788
707697
886703
843819
964184
350553
960032
884614
231172
144772
954913
952009
829468
295169
106494
925157
478424
317993
958753
760493
983133
816595
832387
664694
985743
830438
907675
268785
999947
797648
735141
160890
546574
302703
234675
397323
74241
253729
525612
866756
976853
968848
454003
199842
206043
354948
550729
398388
464455
166200
303311
294516
668339
438653
588960
293030
443170
845511
194530
223108
441316
988206
514859
783409
624352
434131
170392
490660
962936
368372
45994
529979
732049
293779
915628
139135
169838
42816
710256
9922
895166
859921
638703
871946
213039
876980
391574
598678
463049
91049
780879
656084
707660
992519
869434
339208
373382
38124
993123
533174
500863
596334
618509
658101
815059
679625
539884
4427
335170
886906
579820
666764
378916
546207
483617
781152
788619
454469
843992
199453
633223
760307
121436
570167
673916
867191
206452
430976
651463
669848
186567
894130
902812
29402
155787
386000
848353
391253
373654
785987
712283
254071
831215
305859
108854
679461
56942
814667
162223
265356
192538
333546
57588
907929
915074
157398
717434
754159
346487
498747
623143
518048
119120
342110
276303
319431
487684
431866
719581
234395
859470
59598
450537
830839
376730
487091
422173
616870
981143
371332
577029
577470
595020
355526
541135
243164
905839
477212
501307
491072
26975
242036
791438
327174
561504
458258
298919
33614
186127
380636
196420
295706
581031
636805
212096
630223
339373
319123
774178
156375
409247
654273
492226
442391
581531
837645
356915
907033
412906
808875
777288
701541
246888
568738
469646
674838
829348
261142
245087
203511
110805
256870
939598
376041
104830
657977
585125
63216
931435
771705
47716
217650
143298
281139
162391
50675
572596
85380
496374
866224
784280
594571
321347
183305
652437
984036
178921
833596
165896
468871
910465
17089
217775
159533
608585
983547
828648
463689
839538
504953
131334
32949
310429
863455
684214
455241
842246
23591
991524
409852
889573
363620
812325
397952
690695
112289
639169
945973
595727
159404
577597
920545
235310
186143
55219
633833
262082
356012
344983
340954
814912
397848
909097
344112
672580
670133
167567
595540
896821
177556
838902
421842
524129
807360
377829
988977
29717
326221
336308
482976
750778
224129
17633
807703
633289
415080
458143
769076
577422
601766
666430
947309
85540
758396
476341
250341
327500
584498
222584
237238
187959
439903
886696
386213
560424
562075
447918
593515
766786
454320
473597
875869
785287
47859
355215
852222
235781
43989
494379
491601
79338
566409
184696
374482
172300
641645
98680
292464
958987
707016
980014
802313
617755
963904
244816
831053
824943
610466
533435
734892
121592
536341
297683
745087
457759
688139
720122
386418
519391
915794
716754
330081
234904
994059
440469
487534
658944
793589
776691
41157
309055
919333
859194
836633
628709
347654
772775
948095
580562
30291
286176
489372
300053
12089
267644
681456
169404
688651
676292
317167
195478
385958
539872
522367
976756
199130
370544
758297
153833
384958
84602
805680
646734
384714
207210
96125
43405
165557
336485
189705
362442
418388
846264
203724
140507
846440
52467
496943
131200
10064
175736
119849
91466
669617
7736
333238
379838
143999
847461
857530
540440
954791
327813
276367
809855
131986
181332
333648
135457
561624
96890
108780
404456
452409
561854
509450
525772
108522
555576
922339
347284
703184
451621
519176
241766
161466
543445
670525
275359
834836
827682
570208
682528
6289
624559
647712
786757
177224
638521
629098
46618
279751
472621
758934
553257
299799
43436
898081
15020
282985
780640
457800
223676
468831
505467
323361
483616
572698
281157
631307
279834
219592
315916
64191
240111
329851
402548
70305
908584
481357
903746
824590
642017
851002
2620
497952
481931
253711
517912
768005
677484
581159
888658
433482
471541
983153
204181
937186
982007
851771
29343
833009
737239
584777
492935
344701
373428
930070
906829
172533
577643
590291
469147
614641
830187
997950
356575
93380
160759
297930
39611
144242
214697
370852
826257
510506
321934
741864
725308
861282
78740
844398
528868
718760
276499
874284
726096
911648
682168
304436
105436
235149
766670
28420
158151
216054
265121
545856
868100
147665
273751
174560
902688
511228
403041
618375
216691
610248
764015
66977
646543
900320
839047
981109
473770
430853
813018
121501
387400
59208
943241
102922
449603
341946
655226
435875
593845
952763
804516
969788
229901
424569
679969
941218
258816
674886
307465
883700
759571
268473
574908
68871
131264
688337
748783
52171
701735
368743
743804
998258
71611
531016
604699
569985
804782
472478
860295
798189
309304
189479
69130
394489
371777
888436
116986
535955
524958
901902
925462
213190
587772
206559
396830
855336
582653
321808
794065
861502
989216
379629
8482
373888
156422
911427
771736
486645
353945
663919
740773
545593
462068
9040
51624
797514
477265
524949
54440
677538
531894
925994
823120
627725
337786
582473
745058
108874
384195
438562
209199
917804
357114
675623
493178
273589
981709
166678
484642
749347
492030
461585
934069
193744
151221
564983
500762
137443
201363
215979
549398
791871
816537
735430
610734
716280
291425
855001
783827
146899
164530
257389
549857
956934
837776
101626
680587
920936
25769
510551
107514
9716
700213
175859
238498
587413
64118
549311
646845
675363
887800
824750
871564
313272
948148
25122
991998
612024
103805
335634
32807
38885
340959
817700
967247
64163
750366
96660
808682
229107
254927
787773
391941
958378
208036
234154
331198
728545
73618
752030
44562
623194
826001
433976
820608
395694
946835
485301
20056
121757
274006
594839
817173
641101
913769
429479
661528
985703
964312
349145
230229
359680
413959
988645
180399
94434
279190
953026
824789
723518
1852
662613
440207
463797
187051
865819
618035
979068
304522
333491
987499
700501
539749
843646
571793
141684
412569
226445
311953
774567
637938
143372
414219
115510
539860
376310
797272
318989
315776
778356
383544
670816
130348
679436
156454
276700
728263
549098
455161
95084
170706
874941
69336
47965
82685
265532
934920
579968
907845
963524
4223
694687
291016
763796
430201
756972
938175
300888
484834
700364
25174
459942
595835
374182
27709
583647
458297
430290
79092
305729
180791
26244
912716
937308
416795
762964
458092
373522
9575
691542
202887
923966
931163
166785
156358
779260
704994
631526
620011
749421
975534
269429
987087
392175
450469
834638
401067
142083
697258
635226
685779
459093
986620
356490
882359
274399
333733
995711
349588
850606
854542
649562
287214
40512
194501
861166
807200
300342
368343
429940
465320
220935
822552
925943
946494
427867
463772
382129
283301
232020
398002
179279
189102
654894
70542
635599
345248
974133
957288
563038
196433
935486
197928
429856
109393
233051
985537
801738
842084
733801
560010
738339
719806
17716
555689
957981
649350
42793
155353
494981
763467
562683
884743
164678
560065
574190
458013
508934
274324
61744
560497
679395
110388
927079
757707
755592
452095
65204
254245
427320
261862
695289
375317
34706
688575
830936
313991
724809
616626
506122
507168
46229
588164
452392
448558
811270
267628
959082
612700
564222
796904
405571
643317
69334
491419
325621
213930
453093
543468
764379
660510
785616
865011
977843
440964
311190
285660
403370
382423
781225
291782
349496
717933
870126
389605
562309
770829
665027
392733
892037
544351
858449
281941
499676
557422
414759
236060
601479
452030
133686
542552
666627
750440
413936
880881
941359
221121
259419
396896
938970
261801
227594
569110
218171
281823
507459
135624
904170
704561
804102
46849
592112
269395
615650
133807
75408
497723
373129
589005
977429
596220
3539
975393
814448
255885
509896
692809
330664
129208
225216
643924
686431
265908
632066
270884
738014
612906
662006
614659
389792
134440
557976
559251
866857
351356
2522
130025
975018
231280
439026
364080
817845
86850
378358
565839
42082
754943
468727
268673
41826
706510
757247
109086
352882
768814
891515
766476
95449
391161
782689
914429
858428
152275
874916
716891
874489
729920
487449
324620
153922
177322
899491
59281
630167
354296
301032
372718
74150
780056
162154
19866
436075
218012
571055
96032
340734
682256
289001
996612
200312
803632
64699
388876
466742
851893
968982
269429
817496
522515
812617
137514
899925
656738
316760
446157
379704
15125
428065
327241
210811
869859
680282
134775
940807
956750
920672
429397
780996
747717
723421
829971
507099
335639
509530
565235
425012
26944
785699
61950
541344
362263
594858
761279
158050
783072
264268
864440
964645
641607
353984
408765
975473
839842
422829
478634
31188
475847
28276
156530
72786
914796
777323
375282
180061
695063
317594
309475
185598
327783
665591
1103
471457
611354
567376
601848
961740
706968
675321
360328
899507
424802
148322
837682
102669
23734
98764
545784
200956
532542
103162
864212
544154
188783
674797
356092
298195
909631
845172
334999
820408
60329
629595
819069
347704
392763
745392
997233
692987
96710
150924
953531
806471
488763
192978
495355
701971
857248
604653
794581
428550
70177
4568
855904
920468
895676
611999
588083
829429
776946
686966
251173
882642
230925
49733
250169
856213
445769
615526
647649
80901
994940
787324
525235
252671
500866
373435
953351
300540
605251
988588
747127
450216
703182
420121
423855
855593
53063
488351
695969
589367
832864
259110
897786
821100
365091
279290
251603
105015
447888
669598
817258
519182
181540
779811
39590
602189
905848
718518
446094
670453
459570
363065
737179
36271
697849
16236
424832
702801
321177
554692
132064
444498
604311
417282
182322
185125
211353
838134
651229
148574
424062
83999
174069
440085
185341
181557
890108
252525
753744
266471
552867
105934
155590
722566
954660
698331
343597
669755
524492
17921
153024
966297
389634
933286
391889
761794
4952
942204
772743
827166
834570
736518
441532
984581
169940
180823
303417
834575
141928
669605
386410
484635
894205
16092
510079
563028
142786
341849
200811
668202
669734
111229
765585
166468
360701
710913
895143
551917
989649
491963
16122
625896
911429
696895
470337
137454
751541
888259
406365
937293
72176
501667
950690
571700
101466
501218
230071
593360
414678
689531
674688
433129
486920
242663
43656
727449
469669
652375
761945
562767
627187
606249
630656
393904
610601
804264
657284
775579
712618
446412
893388
967476
165413
708329
918232
762809
9480
224668
843409
733773
72642
440073
576008
941821
348624
239337
392124
802546
601312
948773
949368
752182
556166
684476
179734
176534
500889
772538
881180
850754
365903
794811
998515
948777
713919
625024
775470
557332
678154
203831
965183
527076
249533
900138
683365
317625
642465
19855
322885
776360
96846
761301
10415
335966
960550
228440
744338
284013
308313
830119
430817
176789
289687
586131
135698
991738
377511
524441
335746
319160
445264
969485
743778
797467
866085
802938
99778
746951
144288
592238
587797
164786
922304
369666
837991
680212
198375
213059
493218
645377
978799
422294
30457
16966
22674
719585
335499
464603
814460
479136
532464
559361
415245
935010
192043
32506
582783
98467
39953
751712
644974
691109
806348
161882
681633
894590
149439
192389
127728
249132
169988
0
0
0
0
0
0
0
0
0
0
0
0
0
0
0
0
0
0
0
0
0
0
0
0
0
0
0
0
0
0
0
0
0
0
0
0
0
0
0
0
0
0
0
0
0
0
0
0
0
0
0
0
0
0
0
0
0
0
0
0
0
0
0
0
0
0
0
0
0
0
0
0
0
0
0
0
0
0
0
0
0
0
0
0
0
0
0
0
0
0
0
0
0
0
0
0
0
0
0
0
0
0
0
0
0
0
0
0
0
0
0
0
0
0
0
0
0
0
0
0
0
0
0
0
0
0
0
0
0
0
0
0
0
0
0
0
0
0
0
0
0
0
0
0
0
0
0
0
0
0
0
0
0
0
0
0
0
0
0
0
0
0
0
0
0
0
0
0
0
0
0
0
0
0
0
0
0
0
0
0
0
0
0
0
0
0
0
0
0
0
0
0
0
0
0
0
0
0
0
0
0
0
0
0
0
0
0
0
0
0
0
0
0
0
0
0
0
0
0
0
0
0
0
0
0
0
0
0
0
0
0
0
0
0
0
0
0
0
0
0
0
0
0
0
0
0
0
0
0
0
0
0
0
0
0
0
0
0
0
0
0
0
0
0
0
0
0
0
0
0
0
0
0
0
0
0
0
0
0
0
0
0
0
0
0
0
0
0
0
0
0
0
0
0
0
0
0
0
0
0
0
0
0
0
0
0
0
0
0
0
0
0
0
0
0
0
0
0
0
0
0
0
0
0
0
0
0
0
0
0
0
0
0
0
0
0
0
0
0
0
0
0
0
0
0
0
0
0
0
0
0
0
0
0
0
0
0
0
0
0
0
0
0
0
0
0
0
0
0
0
0
0
0
0
0
0
0
0
0
0
0
0
0
0
0
0
0
0
0
0
0
0
0
0
0
0
0
0
0
0
0
0
0
0
0
0
0
0
0
0
0
0
0
0
0
0
0
0
0
0
0
0
0
0
0
0
0
0
0
0
0
0
0
0
0
0
0
0
0
0
0
0
0
0
0
0
0
0
0
0
0
0
0
0
0
0
0
0
0
0
0
0
0
0
0
0
0
0
0
0
0
0
0
0
0
0
0
0
0
0
0
0
0
0
0
0
0
0
0
0
0
0
0
0
0
0
0
0
0
0
0
0
0
0
0
0
0
0
0
0
0
0
0
0
0
0
0
0
0
0
0
0
0
0
0
0
0
0
0
0
0
0
0
0
0
0
0
0
0
0
0
0
0
0
0
0
0
0
0
0
0
0
0
0
0
0
0
0
0
0
0
0
0
0
0
0
0
0
0
0
0
0
0
0
0
0
0
0
0
0
0
0
0
0
0
0
0
0
0
0
0
0
0
0
0
0
0
0
0
0
0
0
0
0
0
0
0
0
0
0
0
0
0
0
0
0
0
0
0
0
0
0
0
0
0
0
0
0
0
0
0
0
0
0
0
0
0
0
0
0
0
0
0
0
0
0
0
0
0
0
0
0
0
0
0
0
0
0
0
0
0
0
0
0
0
0
0
0
0
0
0
0
0
0
0
0
0
0
0
0
0
0
0
0
0
0
0
0
0
0
0
0
0
0
0
0
0
0
0
0
0
0
0
0
0
0
0
0
0
0
0
0
0
0
0
0
0
0
0
0
0
0
0
0
0
0
0
0
0
0
0
0
0
0
0
0
0
0
0
0
0
0
0
0
0
0
0
0
0
0
0
0
0
0
0
0
0
0
0
0
0
0
0
0
0
0
0
0
0
0
0
0
0
0
0
0
0
0
0
0
0
0
0
0
0
0
0
0
0
0
0
0
0
0
0
0
0
0
0
0
0
0
0
0
0
0
0
0
0
0
0
0
0
0
0
0
0
0
0
0
0
0
0
0
0
0
0
0
0
0
0
0
0
0
0
0
0
0
0
0
0
0
0
0
0
0
0
0
0
0
0
0
0
0
0
0
0
0
0
0
0
0
0
0
0
0
0
0
0
0
0
0
0
0
0
0
0
0
0
0
0
0
0
0
0
0
0
0
0
0
0
0
0
0
0
0
0
0
0
0
0
0
0
0
0
0
0
0
0
0
0
0
0
0
0
0
0
0
0
0
0
0
0
0
0
0
0
0
0
0
0
0
0
0
0
0
0
0
0
0
0
0
0
0
0
0
0
0
0
0
0
0
0
0
0
0
0
0
0
0
0
0
0
0
0
0
0
0
0
0
0
0
0
0
0
0
0
0
0
0
0
0
0
0
0
0
0
0
0
0
0
0
0
0
0
0
0
0
0
0
0
0
0
0
0
0
0
0
0
0
0
0
0
0
0
0
0
0
0
0
0
0
0
0
0
0
0
0
0
0
0
0
0
0
0
0
0
0
0
0
0
0
0
0
0
0
0
0
0
0
0
0
0
0
0
0
0
0
0
0
0
0
0
0
0
0
0
0
0
0
0
0
0
0
0
0
0
0
0
0
0
0
0
0
0
0
0
0
0
0
0
0
0
0
0
0
0
0
0
0
0
0
0
0
0
0
0
0
0
0
0
0
0
0
0
0
0
0
0
0
0
0
0
0
0
0
0
0
0
0
0
0
0
0
0
0
0
0
0
0
0
0
0
0
0
0
0
0
0
0
0
0
0
0
0
0
0
0
0
0
0
0
0
0
0
0
0
0
0
0
0
0
0
0
0
0
0
0
0
0
0
0
0
0
0
0
0
0
0
0
0
0
0
0
0
0
0
0
0
0
0
0
0
0
0
0
0
0
0
0
0
0
0
0
0
0
0
0
0
0
0
0
0
0
0
0
0
0
0
0
0
0
0
0
0
0
0
0
0
0
0
0
0
0
0
0
0
0
0
0
0
0
0
0
0
0
0
0
0
0
0
0
0
0
0
0
0
0
0
0
0
0
0
0
0
0
0
0
0
0
0
0
0
0
0
0
0
0
0
0
0
0
0
0
0
0
0
0
0
0
0
0
0
0
0
0
0
0
0
0
0
0
0
0
0
0
0
0
0
0
0
0
0
0
0
0
0
0
0
0
0
0
0
0
0
0
0
0
0
0
0
0
0
0
0
0
0
0
0
0
0
0
0
0
0
0
0
0
0
0
0
0
0
0
0
0
0
0
0
0
0
0
0
0
0
0
0
0
0
0
0
0
0
0
0
0
0
0
0
0
0
0
0
0
0
0
0
0
0
0
0
0
0
0
0
0
0
0
0
0
0
0
0
0
0
0
0
0
0
0
0
0
0
0
0
0
0
0
0
0
0
0
0
0
0
0
0
0
0
0
0
0
0
0
0
0
0
0
0
0
0
0
0
0
0
0
0
0
0
0
0
0
0
0
0
0
0
0
0
0
0
0
0
0
0
0
0
0
0
0
0
0
0
0
0
0
0
0
0
0
0
0
0
0
0
0
0
0
0
0
0
0
0
0
0
0
0
0
0
0
0
0
0
0
0
0
0
0
0
0
0
0
0
0
0
0
0
0
0
0
0
0
0
0
0
0
0
0
0
0
0
0
0
0
0
0
0
0
0
0
0
0
0
0
0
0
0
0
0
0
0
0
0
0
0
0
0
0
0
0
0
0
0
0
0
0
0
0
0
0
0
0
0
0
0
0
0
0
0
0
0
0
0
0
0
0
0
0
0
0
0
0
0
0
0
0
0
0
0
0
0
0
0
0
0
0
0
0
0
0
0
0
0
0
0
0
0
0
0
0
0
0
0
0
0
0
0
0
0
0
0
0
0
0
0
0
0
0
0
0
0
0
0
0
0
0
0
0
0
0
0
0
0
0
0
0
0
0
0
0
0
0
0
0
0
0
0
0
0
0
0
0
0
0
0
0
0
0
0
0
0
0
0
0
0
0
0
0
0
0
0
0
0
0
0
0
0
0
0
0
0
0
0
0
0
0
0
0
0
0
0
0
0
0
0
0
0
0
0
0
0
0
0
0
0
0
0
0
0
0
0
0
0
0
0
0
0
0
0
0
0
0
0
0
0
0
0
0
0
0
0
0
0
0
0
0
0
0
0
0
0
0
0
0
0
0
0
0
0
0
0
0
0
0
0
0
0
0
0
0
0
0
0
0
0
0
0
0
0
0
0
0
0
0
0
0
0
0
0
0
0
0
0
0
0
0
0
0
0
0
0
0
0
0
0
0
0
0
0
0
0
0
0
0
0
0
0
0
0
0
0
0
0
0
0
0
0
0
0
0
0
0
0
0
0
0
0
0
0
0
0
0
0
0
0
0
0
0
0
0
0
0
0
0
0
0
0
0
0
0
0
0
0
0
0
0
0
0
0
0
0
0
0
0
0
0
0
0
0
0
0
0
0
0
0
0
0
0
0
0
0
0
0
0
0
0
0
0
0
0
0
0
0
0
0
0
0
0
0
0
0
0
0
0
0
0
0
0
0
0
0
0
0
0
0
0
0
0
0
0
0
0
0
0
0
0
0
0
0
0
0
0
0
0
0
0
0
0
0
0
0
0
0
0
0
0
0
0
0
0
0
0
0
0
0
0
0
0
0
0
0
0
0
0
0
0
0
0
0
0
0
0
0
0
0
0
0
0
0
0
0
0
0
0
0
0
0
0
0
0
0
0
0
0
0
0
0
0
0
0
0
0
0
0
0
0
0
0
0
0
0
0
0
0
0
0
0
0
0
0
0
0
0
0
0
0
0
0
0
0
0
0
0
0
0
0
0
0
0
0
0
0
0
0
0
0
0
0
0
0
0
0
0
0
0
0
0
0
0
0
0
0
0
0
0
0
0
0
0
0
0
0
0
0
0
0
0
0
0
0
0
0
0
0
0
0
0
0
0
0
0
0
0
0
0
0
0
0
0
0
0
0
0
0
0
0
0
0
0
0
0
0
0
0
0
0
0
0
0
0
0
0
0
0
0
0
0
0
0
0
0
0
0
0
0
0
0
0
0
0
0
0
0
0
0
0
0
0
0
0
0
0
0
0
0
0
0
0
0
0
0
0
0
0
0
0
0
0
0
0
0
0
0
0
0
0
0
0
0
0
0
0
0
0
0
0
0
0
0
0
0
0
0
0
0
0
0
0
0
0
0
0
0
0
0
0
0
0
0
0
0
0
0
0
0
0
0
0
0
0
0
0
0
0
0
0
0
0
0
0
0
0
0
0
0
0
0
0
0
0
0
0
0
0
0
0
0
0
0
0
0
0
0
0
0
0
0
0
0
0
0
0
0
0
0
0
0
0
0
0
0
0
0
0
0
0
0
0
0
0
0
0
0
0
0
0
0
0
0
0
0
0
0
0
0
0
0
0
0
0
0
0
0
0
0
0
0
0
0
0
0
0
0
0
0
0
0
0
0
0
0
0
0
0
0
0
0
0
0
0
0
0
0
0
0
0
0
0
0
0
0
0
0
0
0
0
0
0
0
0
0
0
0
0
0
0
0
0
0
0
0
0
0
0
0
0
0
0
0
0
0
0
0
0
0
0
0
0
0
0
0
0
0
0
0
0
0
0
0
0
0
0
0
0
0
0
0
0
0
0
0
0
0
0
0
0
0
0
0
0
0
0
0
0
0
0
0
0
0
0
0
0
0
0
0
0
0
0
0
0
0
0
0
0
0
0
0
0
0
0
0
0
0
0
0
0
0
0
0
0
0
0
0
0
0
0
0
0
0
0
0
0
0
0
0
0
0
0
0
0
0
0
0
0
0
0
0
0
0
0
0
0
0
0
0
0
0
0
0
0
0
0
0
0
0
0
0
0
0
0
0
0
0
0
0
0
0
0
0
0
0
0
0
0
0
0
0
0
0
0
0
0
0
0
0
0
0
0
0
0
0
0
0
0
0
0
0
0
0
0
0
0
0
0
0
0
0
0
0
0
0
0
0
0
0
0
0
0
0
0
0
0
0
0
0
0
0
0
0
0
0
0
0
0
0
0
0
0
0
0
0
0
0
0
0
0
0
0
0
0
0
0
0
0
0
0
0
0
0
0
0
0
0
0
0
0
0
0
0
0
0
0
0
0
0
0
0
0
0
0
0
0
0
0
0
0
0
0
0
0
0
0
0
0
0
0
0
0
0
0
0
0
0
0
0
0
0
0
0
0
0
0
0
0
0
0
0
0
0
0
0
0
0
0
0
0
0
0
0
0
0
0
0
0
0
0
0
0
0
0
0
0
0
0
0
0
0
0
0
0
0
0
0
0
0
0
0
0
0
0
0
0
0
0
0
0
0
0
0
0
0
0
0
0
0
0
0
0
0
0
0
0
0
0
0
0
0
0
0
0
0
0
0
0
0
0
0
0
0
0
0
0
0
0
0
0
0
0
0
0
0
0
0
0
0
0
0
0
0
0
0
0
0
0
0
0
0
0
0
0
0
0
0
0
0
0
0
0
0
0
0
0
0
0
0
0
0
0
0
0
0
0
0
0
0
0
0
0
0
0
0
0
0
0
0
0
0
0
0
0
0
0
0
0
0
0
0
0
0
0
0
0
0
0
0
0
0
0
0
0
0
0
0
0
0
0
0
0
0
0
0
0
0
0
0
0
0
0
0
0
0
0
0
0
0
0
0
0
0
0
0
0
0
0
0
0
0
0
0
0
0
0
0
0
0
0
0
0
0
0
0
0
0
0
0
0
0
0
0
0
0
0
0
0
0
0
0
0
0
0
0
0
0
0
0
0
0
0
0
0
0
0
0
0
0
0
0
0
0
0
0
0
0
0
0
0
0
0
0
0
0
0
0
0
0
0
0
0
0
0
0
0
0
0
0
0
0
0
0
0
0
0
0
0
0
0
0
0
0
0
0
0
0
0
0
0
0
0
0
0
0
0
0
0
0
0
0
0
0
0
0
0
0
0
0
0
0
0
0
0
0
0
0
0
0
0
0
0
0
0
0
0
0
0
0
0
0
0
0
0
0
0
0
0
0
0
0
0
0
0
0
0
0
0
0
0
0
0
0
0
0
0
0
0
0
0
0
0
0
0
0
0
0
0
0
0
0
0
0
0
0
0
0
0
0
0
0
0
0
0
0
0
0
0
0
0
0
0
0
0
0
0
0
0
0
0
0
0
0
0
0
0
0
0
0
0
0
0
0
0
0
0
0
0
0
0
0
0
0
0
0
0
0
0
0
0
0
0
0
0
0
0
0
0
0
0
0
0
0
0
0
0
0
0
0
0
0
0
0
0
0
0
0
0
0
0
0
0
0
0
0
0
0
0
0
0
0
0
0
0
0
0
0
0
0
0
0
0
0
0
0
0
0
0
0
0
0
0
0
0
0
0
0
0
0
0
0
0
0
0
0
0
0
0
0
0
0
0
0
0
0
0
0
0
0
0
0
0
0
0
0
0
0
0
0
0
0
0
0
0
0
0
0
0
0
0
0
0
0
0
0
0
0
0
0
0
0
0
0
0
0
0
0
0
0
0
0
0
0
0
0
0
0
0
0
0
0
0
0
0
0
0
0
0
0
0
0
0
0
0
0
0
0
0
0
0
0
0
0
0
0
0
0
0
0
0
0
0
0
0
0
0
0
0
0
0
0
0
0
0
0
0
0
0
0
0
0
0
0
0
0
0
0
0
0
0
0
0
0
0
0
0
0
0
0
0
0
0
0
0
0
0
0
0
0
0
0
0
0
0
0
0
0
0
0
0
0
0
0
0
0
0
0
0
0
0
0
0
0
0
0
0
0
0
0
0
0
0
0
0
0
0
0
0
0
0
0
0
0
0
0
0
0
0
0
0
0
0
0
0
0
0
0
0
0
0
0
0
0
0
0
0
0
0
0
0
0
0
0
0
0
0
0
0
0
0
0
0
0
0
0
0
0
0
0
0
0
0
0
0
0
0
0
0
0
0
0
0
0
0
0
0
0
0
0
0
0
0
0
0
0
0
0
0
0
0
0
0
0
0
0
0
0
0
0
0
0
0
0
0
0
0
0
0
0
0
0
0
0
0
0
0
0
0
0
0
0
0
0
0
0
0
0
0
0
0
0
0
0
0
0
0
0
0
0
0
0
0
0
0
0
0
0
0
0
0
0
0
0
0
0
0
0
0
0
0
0
0
0
0
0
0
0
0
0
0
0
0
0
0
0
0
0
0
0
0
0
0
0
0
0
0
0
0
0
0
0
0
0
0
0
0
0
0
0
0
0
0
0
0
0
0
0
0
0
0
0
0
0
0
0
0
0
0
0
0
0
0
0
0
0
0
0
0
0
0
0
0
0
0
0
0
0
0
0
0
0
0
0
0
0
0
0
0
0
0
0
0
0
0
0
0
0
0
0
0
0
0
0
0
0
0
0
0
0
0
0
0
0
0
0
0
0
0
0
0
0
0
0
0
0
0
0
0
0
0
0
0
0
0
0
0
0
0
0
0
0
0
0
0
0
0
0
0
0
0
0
0
0
0
0
0
0
0
0
0
0
0
0
0
0
0
0
0
0
0
0
0
0
0
0
0
0
0
0
0
0
0
0
0
0
0
0
0
0
0
0
0
0
0
0
0
0
0
0
0
0
0
0
0
0
0
0
0
0
0
0
0
0
0
0
0
0
0
0
0
0
0
0
0
0
0
0
0
0
0
0
0
0
0
0
0
0
0
0
0
0
0
0
0
0
0
0
0
0
0
0
0
0
0
0
0
0
0
0
0
0
0
0
0
0
0
0
0
0
0
0
0
0
0
0
0
0
0
0
0
0
0
0
0
0
0
0
0
0
0
0
0
0
0
0
0
0
0
0
0
0
0
0
0
0
0
0
0
0
0
0
0
0
0
0
0
0
0
0
0
0
0
0
0
0
0
0
0
0
0
0
0
0
0
0
0
0
0
0
0
0
0
0
0
0
0
0
0
0
0
0
0
0
0
0
0
0
0
0
0
0
0
0
0
0
0
0
0
0
0
0
0
0
0
0
0
0
0
0
0
0
0
0
0
0
0
0
0
0
0
0
0
0
0
0
0
0
0
0
0
0
0
0
0
0
0
0
0
0
0
0
0
0
0
0
0
0
0
0
0
0
0
0
0
0
0
0
0
0
0
0
0
0
0
0
0
0
0
0
0
0
0
0
0
0
0
0
0
0
0
0
0
0
0
0
0
0
0
0
0
0
0
0
0
0
0
0
0
0
0
0
0
0
0
0
0
0
0
0
0
0
0
0
0
0
0
0
0
0
0
0
0
0
0
0
0
0
0
0
0
0
0
0
0
0
0
0
0
0
0
0
0
0
0
0
0
0
0
0
0
0
0
0
0
0
0
0
0
0
0
0
0
0
0
0
0
0
0
0
0
0
0
0
0
0
0
0
0
0
0
0
0
0
0
0
0
0
0
0
0
0
0
0
0
0
0
0
0
0
0
0
0
0
0
0
0
0
0
0
0
0
0
0
0
0
0
0
0
0
0
0
0
0
0
0
0
0
0
0
0
0
0
0
0
0
0
0
0
0
0
0
0
0
0
0
0
0
0
0
0
0
0
0
0
0
0
0
0
0
0
0
0
0
0
0
0
0
0
0
0
0
0
0
0
0
0
0
0
0
0
0
0
0
0
0
0
0
0
0
0
0
0
0
0
0
0
0
0
0
0
0
0
0
0
0
0
0
0
0
0
0
0
0
0
0
0
0
0
0
0
0
0
0
0
0
0
0
0
0
0
0
0
0
0
0
0
0
0
0
0
0
0
0
0
0
0
0
0
0
0
0
0
0
0
0
0
0
0
0
0
0
0
0
0
0
0
0
0
0
0
0
0
0
0
0
0
0
0
0
0
0
0
0
0
0
0
0
0
0
0
0
0
0
0
0
0
0
0
0
0
0
0
0
0
0
0
0
0
0
0
0
0
0
0
0
0
0
0
0
0
0
0
0
0
0
0
0
0
0
0
0
0
0
0
0
0
0
0
0
0
0
0
0
0
0
0
0
0
0
0
0
0
0
0
0
0
0
0
0
0
0
0
0
0
0
0
0
0
0
0
0
0
0
0
0
0
0
0
0
0
0
0
0
0
0
0
0
0
0
0
0
0
0
0
0
0
0
0
0
0
0
0
0
0
0
0
0
0
0
0
0
0
0
0
0
0
0
0
0
0
0
0
0
0
0
0
0
0
0
0
0
0
0
0
0
0
0
0
0
0
0
0
0
0
0
0
0
0
0
0
0
0
0
0
0
0
0
0
0
0
0
0
0
0
0
0
0
0
0
0
0
0
0
0
0
0
0
0
0
0
0
0
0
0
0
0
0
0
0
0
0
0
0
0
0
0
0
0
0
0
0
0
0
0
0
0
0
0
0
0
0
0
0
0
0
0
0
0
0
0
0
0
0
0
0
0
0
0
0
0
0
0
0
0
0
0
0
0
0
0
0
0
0
0
0
0
0
0
0
0
0
0
0
0
0
0
0
0
0
0
0
0
0
0
0
0
0
0
0
0
0
0
0
0
0
0
0
0
0
0
0
0
0
0
0
0
0
0
0
0
0
0
0
0
0
0
0
0
0
0
0
0
0
0
0
0
0
0
0
0
0
0
0
0
0
0
0
0
0
0
0
0
0
0
0
0
0
0
0
0
0
0
0
0
0
0
0
0
0
0
0
0
0
0
0
0
0
0
0
0
0
0
0
0
0
0
0
0
0
0
0
0
0
0
0
0
0
0
0
0
0
0
0
0
0
0
0
0
0
0
0
0
0
0
0
0
0
0
0
0
0
0
0
0
0
0
0
0
0
0
0
0
0
0
0
0
0
0
0
0
0
0
0
0
0
0
0
0
0
0
0
0
0
0
0
0
0
0
0
0
0
0
0
0
0
0
0
0
0
0
0
0
0
0
0
0
0
0
0
0
0
0
0
0
0
0
0
0
0
0
0
0
0
0
0
0
0
0
0
0
0
0
0
0
0
0
0
0
0
0
0
0
0
0
0
0
0
0
0
0
0
0
0
0
0
0
0
0
0
0
0
0
0
0
0
0
0
0
0
0
0
0
0
0
0
0
0
0
0
0
0
0
0
0
0
0
0
0
0
0
0
0
0
0
0
0
0
0
0
0
0
0
0
0
0
0
0
0
0
0
0
0
0
0
0
0
0
0
0
0
0
0
0
0
0
0
0
0
0
0
0
0
0
0
0
0
0
0
0
0
0
0
0
0
0
0
0
0
0
0
0
0
0
0
0
0
0
0
0
0
0
0
0
0
0
0
0
0
0
0
0
0
0
0
0
0
0
0
0
0
0
0
0
0
0
0
0
0
0
0
0
0
0
0
0
0
0
0
0
0
0
0
0
0
0
0
0
0
0
0
0
0
0
0
0
0
0
0
0
0
0
0
0
0
0
0
0
0
0
0
0
0
0
0
0
0
0
0
0
0
0
0
0
0
0
0
0
0
0
0
0
0
0
0
0
0
0
0
0
0
0
0
0
0
0
0
0
0
0
0
0
0
0
0
0
0
0
0
0
0
0
0
0
0
0
0
0
0
0
0
0
0
0
0
0
0
0
0
0
0
0
0
0
0
0
0
0
0
0
0
0
0
0
0
0
0
0
0
0
0
0
0
0
0
0
0
0
0
0
0
0
0
0
0
0
0
0
0
0
0
0
0
0
0
0
0
0
0
0
0
0
0
0
0
0
0
0
0
0
0
0
0
0
0
0
0
0
0
0
0
0
0
0
0
0
0
0
0
0
0
0
0
0
0
0
0
0
0
0
0
0
0
0
0
0
0
0
0
0
0
0
0
0
0
0
0
0
0
0
0
0
0
0
0
0
0
0
0
0
0
0
0
0
0
0
0
0
0
0
0
0
0
0
0
0
0
0
0
0
0
0
0
0
0
0
0
0
0
0
0
0
0
0
0
0
0
0
0
0
0
0
0
0
0
0
0
0
0
0
0
0
0
0
0
0
0
0
0
0
0
0
0
0
0
0
0
0
0
0
0
0
0
0
0
0
0
0
0
0
0
0
0
0
0
0
0
0
0
0
0
0
0
0
0
0
0
0
0
0
0
0
0
0
0
0
0
0
0
0
0
0
0
0
0
0
0
0
0
0
0
0
0
0
0
0
0
0
0
0
0
0
0
0
0
0
0
0
0
0
0
0
0
0
0
0
0
0
0
0
0
0
0
0
0
0
0
0
0
0
0
0
0
0
0
0
0
0
0
0
0
0
0
0
0
0
0
0
0
0
0
0
0
0
0
0
0
0
0
0
0
0
0
0
0
0
0
0
0
0
0
0
0
0
0
0
0
0
0
0
0
0
0
0
0
0
0
0
0
0
0
0
0
0
0
0
0
0
0
0
0
0
0
0
0
0
0
0
0
0
0
0
0
0
0
0
0
0
0
0
0
0
0
0
0
0
0
0
0
0
0
0
0
0
0
0
0
0
0
0
0
0
0
0
0
0
0
0
0
0
0
0
0
0
0
0
0
0
0
0
0
0
0
0
0
0
0
0
0
0
0
0
0
0
0
0
0
0
0
0
0
0
0
0
0
0
0
0
0
0
0
0
0
0
0
0
0
0
0
0
0
0
0
0
0
0
0
0
0
0
0
0
0
0
0
0
0
0
0
0
0
0
0
0
0
0
0
0
0
0
0
0
0
0
0
0
0
0
0
0
0
0
0
0
0
0
0
0
0
0
0
0
0
0
0
0
0
0
0
0
0
0
0
0
0
0
0
0
0
0
0
0
0
0
0
0
0
0
0
0
0
0
0
0
0
0
0
0
0
0
0
0
0
0
0
0
0
0
0
0
0
0
0
0
0
0
0
0
0
0
0
0
0
0
0
0
0
0
0
0
0
0
0
0
0
0
0
0
0
0
0
0
0
0
0
0
0
0
0
0
0
0
0
0
0
0
0
0
0
0
0
0
0
0
0
0
0
0
0
0
0
0
0
0
0
0
0
0
0
0
0
0
0
0
0
0
0
0
0
0
0
0
0
0
0
0
0
0
0
0
0
0
0
0
0
0
0
0
0
0
0
0
0
0
0
0
0
0
0
0
0
0
0
0
0
0
0
0
0
0
0
0
0
0
0
0
0
0
0
0
0
0
0
0
0
0
0
0
0
0
0
0
0
0
0
0
0
0
0
0
0
0
0
0
0
0
0
0
0
0
0
0
0
0
0
0
0
0
0
0
0
0
0
0
0
0
0
0
0
0
0
0
0
0
0
0
0
0
0
0
0
0
0
0
0
0
0
0
0
0
0
0
0
0
0
0
0
0
0
0
0
0
0
0
0
0
0
0
0
0
0
0
0
0
0
0
0
0
0
0
0
0
0
0
0
0
0
0
0
0
0
0
0
0
0
0
0
0
0
0
0
0
0
0
0
0
0
0
0
0
0
0
0
0
0
0
0
0
0
0
0
0
0
0
0
0
0
0
0
0
0
0
0
0
0
0
0
0
0
0
0
0
0
0
0
0
0
0
0
0
0
0
0
0
0
0
0
0
0
0
0
0
0
0
0
0
0
0
0
0
0
0
0
0
0
0
0
0
0
0
0
0
0
0
0
0
0
0
0
0
0
0
0
0
0
0
0
0
0
0
0
0
0
0
0
0
0
0
0
0
0
0
0
0
0
0
0
0
0
0
0
0
0
0
0
0
0
0
0
0
0
0
0
0
0
0
0
0
0
0
0
0
0
0
0
0
0
0
0
0
0
0
0
0
0
0
0
0
0
0
0
0
0
0
0
0
0
0
0
0
0
0
0
0
0
0
0
0
0
0
0
0
0
0
0
0
0
0
0
0
0
0
0
0
0
0
0
0
0
0
0
0
0
0
0
0
0
0
0
0
0
0
0
0
0
0
0
0
0
0
0
0
0
0
0
0
0
0
0
0
0
0
0
0
0
0
0
0
0
0
0
0
0
0
0
0
0
