10000 3
57
168
1096
1498
1634
1935
2347
2500
2756
3222
3588
4995
5047
5219
5763
5929
5964
6177
6875
6951
7008
7441
7550
7678
7928
8329
9144
9145
9804
9983
10130
10688
10786
10820
11942
12285
12530
12560
12686
12937
13597
13943
14965
15109
15520
15656
15732
15750
15783
16125
16420
16705
17061
17331
17863
18157
19260
19467
19499
19715
19777
19885
20312
20516
21104
21481
22083
22252
22399
22405
22937
23329
23561
24099
24575
25066
25071
26244
26978
27308
27374
27671
28176
28548
28924
29072
29879
30097
30342
30674
31398
31416
33796
33872
34117
34133
34188
34662
35029
35894
36114
36696
36707
37228
37458
37953
37953
38361
38744
38928
39237
39237
40772
41064
41235
41428
41605
41812
42159
42209
42211
42661
43955
44136
44743
44894
44898
45416
45444
45460
45980
46772
47506
47773
47845
48317
48935
48975
49025
49527
49686
49753
50401
50841
51630
52314
52317
53048
55125
55337
56288
56348
56700
56726
57128
57219
57243
57399
57438
58190
58697
59017
60747
61200
61551
61573
61831
62353
63303
63597
63887
64025
64030
64387
64420
65481
65890
66402
66585
66918
67375
67635
68135
68691
69215
69216
69320
69985
70574
71068
72387
72854
73058
73223
73457
73511
74712
74718
75271
76249
76314
76387
76721
77369
77438
77453
77588
77873
78043
78435
80146
80360
80525
80632
80751
80971
81074
81486
81637
81756
81963
82206
82329
82514
82569
82951
83113
83485
83590
83923
84154
84280
85497
85766
85784
85913
85995
86083
86193
86302
88051
88258
89394
89943
90029
90569
90748
91367
91737
91873
93289
93374
93447
93525
94108
94469
95123
95260
95403
95963
96002
96525
96809
97106
97130
97502
97516
97835
99172
99380
99628
99672
100450
100503
101095
102001
102428
102727
103401
103463
104213
104218
105471
106065
107049
107496
108153
108169
108229
109377
109661
110650
110998
111114
111677
111813
111824
112073
112423
112726
112843
113304
113800
113947
114915
115379
115746
115912
115942
116020
116123
116136
116350
117040
117179
118028
118068
118209
119247
119769
119833
120219
120313
121365
121741
121872
122446
122653
122665
123932
124255
124862
124884
124989
125172
125689
125816
126113
126135
126265
126349
126357
126643
127223
127476
127501
127561
127779
128274
128837
129410
129658
130230
130780
131285
131327
131444
131719
131768
131932
132220
132910
134917
135487
135868
136054
136080
136119
136301
136872
137282
137671
139524
139725
140035
140097
140176
140309
141039
141160
141334
142056
142141
142226
142517
143583
143725
144820
144859
145268
145397
145441
145471
146266
146303
146826
147408
147933
148307
148374
148732
149250
149828
152040
152581
152936
152977
153288
153488
153784
153844
154454
154876
154995
155001
155661
156034
158583
159661
160038
160458
160814
161093
161184
161198
161245
162131
162809
163271
163651
163783
164046
165523
165686
167545
167732
167830
168437
168782
169779
170790
171083
171627
173190
173337
173487
173640
173970
174354
175102
175424
175579
175960
176919
177808
177847
177854
178019
178049
178091
178130
178158
178230
178614
179431
180328
180331
180633
180754
181542
181623
181759
182466
182882
183106
183113
184375
184581
184779
185586
185807
185919
186858
186887
188280
188904
190050
190093
190538
190996
191641
192137
192612
192657
193105
194167
194243
194824
194948
195594
195609
195620
195627
197064
197144
199477
199537
199599
199690
199972
200201
200498
201069
201411
202546
203006
203236
203399
204090
204523
204874
205552
205718
205902
206250
206969
208010
209333
209381
209495
210111
210287
210536
210615
210710
210903
210919
211828
211990
212684
214017
214030
215013
215650
216267
216391
216623
217130
217136
217287
217489
217610
218002
218207
218303
218730
218981
219651
219831
220844
221171
221701
222398
222426
222449
223429
223822
223990
224216
224260
225167
225492
225500
225557
226077
226104
226574
226618
227315
227588
227851
228641
229356
230535
230695
230868
231035
231180
232095
232315
232587
232719
233110
233529
234126
234416
234488
234636
234681
234985
235001
235059
235755
236619
236794
236846
237189
238016
238684
239194
240003
240005
241500
241729
242357
243156
243294
243824
244374
245314
245809
245830
246448
246494
247282
247375
247544
248981
249617
249676
249999
250115
250233
250637
251051
251943
252287
252406
252770
253117
253269
253479
253870
254875
255159
256123
256304
256364
256914
257760
257898
257913
258025
258299
258497
258907
259486
259597
259711
259741
260013
260032
260501
261356
261455
261995
262104
262361
262378
262582
262621
262716
263041
263286
263331
264272
264444
264596
265037
265660
265990
266130
266449
266906
266940
267417
267789
267883
268052
268679
268687
268912
269529
269640
269830
270246
270359
270958
271174
272214
272489
273455
273620
274538
275792
275894
276006
276506
277456
277623
278097
278554
278681
278839
279077
279258
279292
279340
279386
279401
280342
280616
281127
281247
281595
282093
282330
282560
282876
283223
283910
284071
284719
284880
286691
287267
287861
288465
288560
289050
289165
289238
290598
291148
291973
292057
292356
292632
292752
292795
292857
292990
293377
293850
293864
294067
294359
294647
295058
295100
295612
296282
298183
299358
301708
301846
301862
302570
303006
303187
303244
304085
304186
304456
304523
305637
306396
306399
306530
306725
307004
307073
307378
309199
309323
310637
312227
312403
312606
313202
313569
314955
315075
315190
315345
315372
315714
315798
316113
316866
316880
316891
316923
317075
318366
318526
319136
319193
319415
319520
319971
321090
321336
321424
321741
321764
321948
322016
322201
322216
322239
322283
322717
323037
323935
324165
324627
326172
326428
326521
327032
327118
327256
327380
327495
327576
327830
328528
328592
328708
328751
329001
329484
329539
329660
329847
330121
330573
331709
331766
332057
332530
333165
333676
333992
334705
334996
336226
336255
337257
337957
337968
337978
338365
338513
338846
339092
339225
339315
339424
339519
340775
341180
341932
342189
342870
342996
343023
343399
344237
344579
344603
344750
344905
345015
345297
345509
345824
346418
346460
346500
346841
348124
348421
348429
349116
349293
349479
349615
350233
350716
350722
351071
351185
351331
352891
353534
353548
354033
354605
355262
355327
355930
356649
357121
357143
357343
357404
357997
358353
358448
358676
358870
359312
359717
360541
360766
361099
361488
363011
363195
363244
363590
365915
366143
366312
367539
368133
369170
369204
369344
369611
369688
369692
371483
371864
371933
372345
373052
373492
373592
373728
374227
374262
375996
376471
378365
379245
379275
379361
379562
379572
380638
380743
380822
381148
381166
381421
381774
381776
381778
381995
382026
382030
382130
382177
382466
382803
383469
383484
384339
384870
385589
386208
386479
386750
387444
387559
389422
389671
391355
391958
391972
392287
392425
392831
393325
393465
393508
393516
393524
393605
393704
393874
394171
394514
394830
395161
395519
395520
395812
397335
397687
398337
398819
398939
398976
399296
399498
399602
400596
400897
401757
401764
401939
401950
402640
403628
403769
403909
405609
405610
405957
407146
407812
408327
408395
408632
409246
409570
409669
409736
410191
410318
410370
410851
411256
411326
411660
411773
412330
412455
412579
412666
413655
413918
414315
414461
414882
414962
415503
415682
415988
417222
417495
417507
417834
418693
419140
419330
421101
421116
421188
421641
421849
422445
422714
423439
424010
424430
424536
424686
425588
425701
425969
426287
426303
426505
426548
427340
427585
427660
428404
429022
429097
429340
429569
429767
430507
431012
431419
431950
432140
432532
432735
434232
434261
434856
435294
435309
435339
435362
435442
435812
436026
436046
436091
436125
436205
436331
437342
437463
437770
438480
438831
439164
439220
439221
439391
439670
440254
440501
440671
441373
441384
442435
442843
442934
443355
444552
445048
445112
446786
447012
447081
447695
447759
449125
449220
450495
450660
450694
450794
451168
452181
452267
452395
452650
452813
454062
455203
455303
455698
456497
456538
456733
456966
457187
457990
458103
458314
458322
459050
459220
459582
459728
460064
460374
461651
461721
461851
462115
462134
462199
462729
463140
463941
464777
466309
466444
466621
466947
468467
468647
468937
468968
469230
469395
469429
469559
471259
471465
472111
472577
472606
472761
473184
474083
474531
474628
475429
475679
475701
475788
476703
476863
477114
477656
477811
478357
478410
478553
478853
478966
479365
479379
481553
482111
482235
483130
483321
483331
483741
484108
484445
485012
485674
485868
486258
486370
486586
486927
487229
487314
487400
487440
487778
488140
488194
488309
488970
489433
489808
490633
490722
492082
492430
492516
492604
492663
492920
494094
494113
494122
494218
494945
495310
495681
496351
496857
497472
497620
497777
498209
499166
499636
499681
499829
500481
500670
500869
501314
502565
503331
504087
504316
504648
505562
505989
506366
506966
507133
507161
507395
508082
508704
509130
509984
510277
511048
511224
511879
512238
512282
512394
512461
513018
513048
513663
513922
514324
514330
514959
514966
515210
515276
515617
515771
516254
516336
516338
516568
516666
516754
517372
517786
517862
518510
518971
521581
521877
522121
522766
523820
524087
524443
524692
524756
524838
525068
525093
525428
525633
525684
525744
526676
527109
527166
527302
528268
528577
528924
529148
529297
530239
530534
530789
530895
531274
531684
532743
532779
533555
533574
533764
534227
534829
535620
535667
535734
536324
537130
537803
539140
539163
539425
540184
540716
541060
541330
542002
542103
542978
543760
543890
544121
544367
544779
544801
545936
546915
547242
547499
547848
547986
549821
549863
549893
550928
550961
551576
552069
553214
553458
553569
554328
554382
554401
555780
555882
556320
556417
556543
556676
557838
557945
558877
559054
560196
560854
560924
560977
560989
561389
561590
561737
563047
563474
563598
563667
565156
565560
565747
565801
566468
566732
567016
567440
567791
568278
568820
569038
569109
569791
570494
570779
571178
571539
571581
571656
571713
571808
572136
572182
572216
572960
573213
573488
573583
574166
574440
574517
575273
575887
575977
577245
577447
577928
577950
578162
578553
578860
579425
580022
580071
580621
580930
582712
583073
583395
583903
584993
585899
586232
586308
586355
586402
586773
586866
586940
586981
587295
588256
588423
589197
590970
591004
591500
591625
592058
592402
592672
593259
593763
593932
594124
594550
594742
595228
595823
596480
596492
596624
597684
597685
598212
599199
600299
600977
601086
602590
603130
603813
604805
604975
605605
605675
606122
606311
607094
607183
607813
608096
608609
609126
609225
609294
609576
609662
610509
610678
611124
611767
611980
612208
612829
612845
613098
614465
614970
615387
615685
615685
616122
616140
616953
617064
617162
617586
617702
619902
620130
620148
620162
620384
620593
620709
621313
621345
621418
622792
623204
623311
623568
623827
623881
624137
624153
624578
624588
624604
624741
625439
625713
625835
626590
626850
628119
628739
629921
629921
630100
630532
630738
630890
630954
631070
633864
633880
633937
634176
634953
634965
634978
635581
636081
637010
637470
638583
638699
638773
639252
639427
639926
639956
640133
640415
640594
640845
641137
641231
643558
643751
643758
643848
644297
644298
644714
645624
645767
646271
646876
647373
647504
648025
648203
649003
649676
650761
650923
652184
652495
652624
652646
652727
652888
652902
653406
653515
653959
654375
654590
655279
655344
655366
655726
655899
656207
656248
656953
657135
657675
657727
657793
658761
658860
659152
659429
659717
660049
661225
661399
661455
661573
661997
662313
662944
663083
663131
663156
663371
663612
663856
664210
664228
664556
664601
664858
666237
666447
667609
668272
668565
668596
668598
668774
669077
669352
669993
670341
670899
671097
671624
672081
672533
672590
673168
673476
673560
673865
674142
674349
674468
674503
674507
674831
675191
675227
676286
676323
677066
677214
677798
677887
678711
679394
680017
681091
681426
682348
682469
682470
682719
682772
682973
683514
684599
684678
685140
685561
686108
686323
686894
687148
688213
689724
691185
691628
691695
691824
691883
693422
693906
694251
694363
694592
694614
694790
695052
695472
695501
695759
695816
697016
697461
698593
699242
699293
699682
699854
700236
700637
701489
701740
701869
701941
702014
702016
702843
703025
703244
703822
703885
704205
705211
705526
705820
706112
706547
706739
706838
706894
707440
707773
707831
707961
708224
708291
708519
708617
708654
709114
709196
709630
710356
710647
710875
711053
711226
711395
712364
712945
713033
713376
714097
714506
714956
715167
716550
716578
716700
717323
717738
718082
718593
718673
718743
718800
719057
719397
719488
719624
722797
722832
722849
722935
723080
723113
724751
725521
726227
726281
726409
726758
726807
727091
727864
728212
728381
728575
730056
730574
730611
732020
733075
733190
733424
733774
734222
734508
734852
736335
736358
736763
737124
737160
737323
737323
737466
739031
739334
739368
739479
739717
739772
740990
742039
742087
743591
743765
743934
744060
744120
744150
744191
744816
745683
746230
746567
746769
747045
747156
747506
747526
748177
748311
748880
749002
749138
749334
750217
750337
751039
751272
751935
752016
752024
752534
753137
753193
753498
753610
753633
753720
754135
754301
754414
755040
755134
755279
755557
755720
756147
756170
756234
756487
758494
758932
759515
759518
759701
760211
760261
760408
761652
762179
762213
762720
763118
764051
764119
764452
765002
765071
765310
765768
765805
766763
766994
767938
769047
769063
769157
769811
770008
770106
770355
770664
772307
772554
772617
772734
772744
773101
773904
774386
774994
774998
775041
775631
776409
776550
776908
777016
777971
778629
779122
779209
779342
779686
779947
781071
781205
782057
782294
782490
782878
783249
783990
784031
784829
786291
786915
787134
787662
787767
787811
788457
788657
788891
789859
790152
790394
790912
791049
791273
791307
792159
792839
792890
792897
793281
793739
794005
794137
794874
794906
795045
795200
796651
796707
796717
797444
798281
798763
798886
799089
799391
799698
799911
800219
800499
800534
800579
801099
801653
801960
802290
803346
803503
804260
805014
805907
806941
807538
808031
808708
808837
808915
809438
809570
810330
810420
810686
811030
811034
811500
812551
812798
813386
813678
813851
815829
816405
816413
817256
817890
817921
818326
818411
818423
818730
818971
819022
819058
819448
819488
819518
819960
819963
821453
821751
822094
822535
822552
822571
823157
823467
823484
823484
823522
823606
824160
825070
825729
825895
826307
826586
826737
826743
827479
827677
828244
828442
828906
829933
830000
830500
830531
831333
831669
831701
832072
832109
833173
833395
834139
834248
834352
834396
834973
835030
835034
835385
835647
836324
836782
837123
837251
837292
837705
837811
837826
838535
838742
838919
839427
839790
839848
840166
840337
840514
840899
841652
842030
842206
842279
842528
843011
843020
843179
843319
843389
843485
843517
843615
843869
843883
844499
845055
846270
846671
848353
848879
849083
850472
850684
851433
851584
852305
852449
852456
852962
853062
853101
854606
854799
855183
855412
855566
855756
856694
856956
857083
857400
857821
858177
859142
859411
859810
860852
860873
861302
862221
862642
862773
863721
864282
864537
865404
866269
866793
867723
868464
868557
868730
869347
869893
870129
870308
870676
870796
871240
871318
872110
872350
872934
873010
873258
873382
874043
874263
874428
874564
874665
874897
874906
875832
875977
876024
876320
876676
877383
877453
877784
877902
878852
878929
879051
879268
880130
881556
882090
882327
883011
883218
883652
884021
884541
884668
884965
885009
885229
885336
885781
885795
886422
886658
887271
887857
887973
888028
888402
888616
889365
889417
889898
890641
890890
892889
893590
893745
893988
894158
894259
894416
894563
894866
895209
895215
895768
895770
895786
896025
896054
896234
896793
896833
897275
897391
897613
897728
897810
898447
898633
898673
898890
899012
899474
899512
900329
900454
900769
902062
902902
903273
903433
903607
903820
904908
905329
906186
906741
908556
909295
909354
909973
910281
910666
911632
911653
912063
912074
912486
912596
912875
912934
912994
913655
914441
914746
915673
916074
916405
916435
917935
918308
918479
918982
920555
920555
920683
920850
921166
921270
921339
921363
922057
922471
923294
923400
924299
924584
924783
925469
926116
926214
926902
927486
927571
927611
927627
927646
928601
929108
929788
930112
930591
931030
931317
931595
932118
933062
933368
933806
933817
933834
934114
935532
935707
936081
936796
936909
937577
937837
939795
939845
939986
940292
940605
941357
941520
942328
942351
942365
943709
943823
943964
944261
945244
946953
947218
947663
948090
949501
949597
951380
951863
952000
953755
954111
954398
954929
955290
955514
955661
956216
956428
956563
957698
957735
957821
957911
958129
958496
958624
959041
959422
960542
960819
961665
961808
962383
962599
962991
963578
963587
963657
963725
963907
964147
964209
964735
964743
965135
965695
966594
966637
967176
967642
968058
968220
968586
968699
968957
969325
969458
971258
972058
972992
973196
973787
974778
975419
975580
975689
975793
976164
976448
976760
976987
977028
977142
977652
977911
978010
978109
979682
980608
981212
982574
983030
984313
984772
985250
985576
985658
985764
986423
986523
986663
988287
989582
989598
990018
990444
991211
992045
992206
992299
993003
993285
994093
994642
995450
995518
996538
996740
997078
998048
998373
998427
998640
998754
999753
999809
285
483
583
986
1633
1724
1853
2140
2286
3300
4377
5043
6151
6481
6538
6657
7148
8369
8717
9011
9146
9185
9397
9922
10466
10867
11070
11520
11530
11757
12205
12853
13157
13176
13293
13312
13312
13512
13571
13960
14371
14405
14844
15552
15706
16454
17012
17127
18505
18601
18657
18886
19537
19740
19873
20182
20400
20657
21182
21749
22407
22491
22966
23707
23722
24182
24301
25314
25902
25955
26078
26127
26472
27075
27689
27930
28164
28276
28782
28808
28935
29736
30367
30648
30752
30815
30879
31636
31771
31959
32390
33072
34318
35164
35231
36069
37096
38488
39531
39869
40345
40506
41101
41807
43404
43452
43501
43693
43860
44425
44626
45150
45349
45441
45733
46365
47455
47810
48242
48355
48519
48540
49113
49508
49519
50015
50393
50431
50993
51483
51609
52493
52685
53666
53886
54023
54483
54524
54575
54621
55404
55693
56291
56380
57460
57943
58345
58659
58677
60177
60638
60750
61010
61681
61788
64065
64333
64486
64491
64899
67223
67994
68165
69380
69969
70908
70971
72368
72688
73628
73772
73780
74018
74419
74910
75997
76364
76696
76814
77276
77558
77895
78872
79850
80189
80987
81020
81818
82871
83904
84374
85246
85889
85914
86435
86487
86990
87023
87199
87656
87948
87998
88242
89019
89093
89273
89616
89844
89906
90033
90190
90474
90696
90917
91148
91942
92024
92855
93129
94275
94857
95104
95735
95766
96013
96244
97011
97479
97784
98171
98318
99276
99394
100138
100224
100616
101005
101566
101891
101891
102258
102364
102389
102395
102701
103405
103629
103867
104576
104745
104905
105320
105371
106235
106560
107233
107483
107728
108298
108424
109266
109333
109371
109688
110337
110368
110925
111879
112260
112277
112299
112915
113843
114295
114664
115076
115561
115764
115848
116059
116172
116565
117074
117372
117380
118208
118507
119032
119264
119616
119946
120068
120696
120747
121658
122077
122150
123091
123123
123238
123619
124347
124670
125293
126197
126321
126735
127888
128245
128531
128682
128776
129546
131136
131530
131571
131912
132192
132415
132436
132679
132923
132944
133181
133653
134034
134045
134057
134916
136057
136867
137165
137513
137774
137830
137967
138483
139388
139447
139564
141898
141961
142475
142787
142925
143801
144148
144416
144896
144971
145803
145902
145983
146036
146277
146331
146906
146959
147081
147237
147467
147877
148239
148454
148736
148889
149033
149496
151158
151379
152989
154328
154580
154802
155580
155858
156064
156195
156380
156789
156996
157421
157525
157625
157748
158409
159035
159068
159080
160606
160834
161082
161766
162966
163344
163921
163981
164163
164617
165317
165323
165454
166375
166505
166636
166866
166984
167079
167349
167923
168077
168165
169568
169854
170706
170781
171001
171727
171861
172084
173820
174985
175177
175303
175358
175392
175418
175642
175750
176740
177247
177409
178185
178840
179066
179782
180214
180562
181136
181180
181336
181472
182246
182612
182629
182787
182881
183103
183178
183359
184345
184445
184454
184634
185294
185600
185985
186548
186683
187258
187430
187938
188524
188770
188920
189031
189454
190172
190200
190499
190748
190964
191001
191315
192307
192351
192711
192797
194321
194656
194668
194682
194936
196733
196781
197633
197952
198434
199602
200209
200274
200494
200588
200725
200806
201121
201599
201663
202104
202341
202362
202366
202438
203476
203770
204388
205000
205137
205371
205582
205747
205769
205799
206237
206555
208002
208684
208949
209106
209665
209722
210063
210091
210231
211489
212261
212949
213065
213934
215330
215976
217051
217130
218003
218291
218798
218825
219034
219160
219368
219954
220516
220619
221155
222423
222571
223094
223249
224080
224762
225070
225153
225756
225847
226127
226710
226760
227956
228106
228254
228418
229313
229323
229733
229897
230074
230128
230382
230895
231155
231893
232383
233004
233129
233148
233253
234135
234177
234356
234358
234379
234526
235554
235824
235891
235910
236054
237102
237759
238723
239059
239398
239448
239675
240719
240723
240810
240881
241246
241436
241864
242013
242150
243137
243577
243578
243776
243847
244041
245147
245414
245921
246368
246418
247174
247886
247996
250233
250279
250823
250935
251547
251993
252244
253789
254824
255110
256392
256762
256798
257606
257842
257903
258270
258569
258709
259179
259564
259780
259890
260643
260703
260733
260754
261652
262092
263284
263454
263933
264143
264274
265263
265832
266019
267053
267431
267958
268161
269437
270573
270606
270917
271212
271484
272196
272637
274272
274302
274602
274981
275675
276417
276498
276612
277332
277489
277753
277765
278190
278331
278426
278922
279591
279717
280556
281381
281772
281816
281846
283629
283820
284218
284513
284530
285271
285797
287456
287583
288219
288529
289198
289488
289670
291194
292465
292550
292601
292982
294695
295143
295144
295206
295208
296549
297738
298657
298959
299072
299295
299651
299666
300091
300745
300845
301474
301517
301623
302314
302630
303498
303540
303564
303758
304057
304127
304320
304830
304974
305115
305592
305742
305793
306525
307314
307846
308155
308297
308691
308843
308917
309260
309488
309612
309674
310050
310240
310399
310902
312241
312325
312941
312972
313138
313196
313231
313408
313714
313845
313856
314569
315619
315731
315777
317462
317948
318432
319260
319446
321047
321370
321844
321855
321955
324264
324331
325195
325763
325822
326498
326741
326831
326964
327671
327818
327849
327854
327906
328363
329189
330252
330440
330516
330521
330881
331653
331837
332315
332529
332551
332635
333167
333200
333324
333513
333916
334050
334139
334280
335133
335544
337130
337725
337858
337941
338105
338579
338622
339368
340469
340883
341883
341988
342534
342673
343526
343768
343889
344111
344357
344891
345273
345790
345824
346014
346308
346478
346680
347429
347591
347875
348508
349142
349348
350217
350389
350539
350804
351180
351994
352240
352570
352631
353014
353112
353121
353321
353430
353987
354291
354460
354523
355482
355858
356326
356546
356715
356902
356942
357319
357540
357935
357979
358254
358908
359817
359890
360894
360964
361175
361371
361594
361651
363197
363245
364790
366620
366890
367305
367434
368564
368916
368957
369267
369524
369527
369702
369935
370746
370890
371485
371568
372549
373678
373855
373929
374000
374245
374539
375151
375277
376066
376906
376910
377546
378077
378079
378172
378211
378257
379174
379509
380203
380719
382145
382301
382442
383173
383661
383828
383943
384045
384417
384618
385373
385431
385633
385974
387188
387399
387574
387651
387968
388067
388150
388745
388755
389182
390074
390080
390847
390940
391090
391277
392067
392173
392694
392717
392951
393225
393798
394232
394286
394910
395614
395715
396015
396031
396312
396405
397433
397816
400226
400255
400508
400643
400926
401223
401561
401648
402187
402218
402515
402775
402895
402993
403045
403262
403422
403562
403607
403956
404915
404968
405023
405031
405540
405862
406070
406173
406536
406730
406987
407822
408677
408911
409196
409446
410458
410498
410758
410783
411076
411906
411990
413333
413575
413656
413751
414698
414769
414952
415075
415115
415142
416239
416247
416618
417792
417794
417972
418708
419332
420204
421006
421122
421702
421803
422138
423134
423391
423800
424121
424188
424360
424449
424695
424873
425098
425337
425442
425625
426594
426796
428139
429888
430348
430470
430546
430851
431590
432695
432895
433203
433353
433797
433962
434527
434586
435289
435471
435684
435948
436449
436862
436954
437400
438160
438262
438285
439130
439416
440364
440397
441118
441415
441450
441455
441684
442267
443369
443893
444095
444125
444185
444540
444599
446238
446961
447280
447388
447635
447768
448697
448704
449077
449383
449654
449687
449753
449890
449902
450258
450341
450463
450610
450986
452297
453582
453682
454154
454155
454744
454855
455653
456233
456421
456810
456892
456987
457139
457220
457514
457673
458833
459154
459317
459527
459590
460130
460217
460328
460480
461209
461335
461975
462483
462940
463656
464027
465489
465805
466019
466100
466611
466647
467029
467047
467212
468290
469665
469936
470486
471045
471368
471598
471903
471947
472219
472430
472770
472842
473720
473921
474446
475312
475567
476672
477192
477878
478100
478210
478667
478824
478894
479052
479198
479222
479515
479851
480161
480237
480790
480802
481489
481519
484237
484383
484631
485780
485992
486891
486982
487746
488331
488632
488998
489480
489703
490305
491057
492854
492907
493000
493640
494325
494593
495586
495682
495753
496094
496387
496587
496840
496952
497072
497506
497663
497733
497850
498077
499607
500180
500541
500776
501244
501938
502004
503127
503595
504030
504982
505049
505185
505509
505896
506344
506691
507004
507045
507461
507972
509481
509725
509841
510225
511354
511434
511762
513885
513971
514482
515666
515686
515780
516723
516847
516960
517235
517587
517721
517912
518638
518786
519355
521113
521132
521988
522300
522407
522515
523753
524342
524388
524666
525188
525296
525506
525756
526089
526095
526406
526519
526617
527218
527836
528231
529018
529033
529173
529241
529625
529885
530711
530892
531805
532197
532843
533049
533779
533863
534214
534302
534535
534896
534950
535042
535131
535366
535503
536453
536866
537010
537027
537799
538198
538370
538506
538583
539092
539752
539963
539990
540466
540684
540685
541323
541400
541534
543085
543671
543908
544159
544363
544435
544663
545013
545089
545356
545511
546499
546735
546769
547495
549457
549521
549708
549807
550163
550448
550480
550787
550936
551337
551729
552049
552079
552137
552981
553159
553843
554171
554641
555236
555499
556240
556613
557324
558144
558833
558961
559328
559736
560876
561112
561260
562755
563135
563604
564812
564942
564944
566377
566774
567169
567663
567666
567964
568057
568729
569720
569979
570100
570574
570720
571216
571277
571609
571808
571867
571937
572166
573672
574050
574483
574732
575348
575619
576077
576918
577059
577331
577368
577481
577760
578239
578307
578865
579470
579635
579805
579945
580559
580895
581192
582774
583966
585103
585204
586565
586734
586806
586827
587185
587340
587566
588024
588089
589409
589412
589447
589968
590008
590237
590554
590740
591123
591178
591456
591514
591799
591864
592071
592295
592499
592647
592866
593289
593451
593657
594425
594498
594844
595272
595707
595887
596694
596886
597372
597589
597655
598464
598992
600587
601468
602043
602173
602705
602825
602876
602944
603888
603958
604651
604653
604963
604970
605118
605393
605698
606759
608115
608198
608774
609524
610159
610914
611085
611383
611913
612574
613124
613354
614703
614743
614808
615014
615306
615728
615834
615947
616907
617703
617763
618056
618210
618651
618781
619126
619404
619409
619463
619761
619816
619978
620112
620179
620292
620344
620775
621032
622501
622586
623290
623920
624390
624557
624655
625119
625573
626337
626729
627004
627582
627940
627955
628395
628611
629007
629343
629633
629978
630051
630054
630194
630676
630862
631110
631185
631959
632143
632212
632500
633395
633829
634035
634803
634842
636236
636792
637149
637638
637760
637848
638122
638287
638341
638547
638797
639193
639410
639980
639998
640411
640483
641284
641443
641580
641650
642188
642434
643077
643522
644158
644455
644986
645905
645946
646926
646975
647243
648282
649123
649161
651094
651239
651690
652086
652526
652741
652754
652929
652933
653014
653020
653042
653262
653576
653689
654490
654639
655230
655368
655401
655512
656802
657504
658561
658651
659809
659868
660398
661078
662460
663257
663455
663716
663755
665714
667701
667857
668061
668425
668745
668863
669219
669796
670514
670602
670844
671054
672186
672387
673047
673158
673332
673412
673787
674167
674321
674913
675230
675230
675345
675856
676493
677890
678281
678980
679120
679384
679391
679418
679619
679643
680008
680087
680544
680578
680847
680957
681604
681931
682621
682876
683283
684160
684932
684996
685075
685675
686725
687223
687403
687860
687962
688407
689106
689282
689651
690020
690461
690515
690686
691178
691231
691267
691407
691826
691976
692344
692471
693448
694329
694349
694722
694829
695445
696114
696565
696717
696882
697150
697629
698075
698169
698618
698702
698885
698905
698945
699152
699385
699515
699590
700033
700070
700258
700438
700445
700637
700745
700807
700897
700915
701838
702001
702171
702570
702683
703037
703350
703521
704148
704386
704867
704921
705338
706161
706361
706655
707267
707432
707445
707515
707710
707803
707863
708058
708952
709629
710605
711105
711506
712090
713262
713467
713905
714785
714917
715854
716421
716638
717048
717534
717643
717910
718357
719474
719863
720197
720856
721231
721591
721789
722126
722316
722525
722610
722692
722971
723598
723778
723893
724187
724390
725115
725420
725791
726488
726551
726778
726950
728430
729339
729859
730072
730133
730277
730585
730725
730817
730901
730986
731115
731212
732610
733419
733931
734017
734832
735020
735209
735298
735827
736230
736769
736800
737536
737867
738501
739158
739699
739752
739799
739829
740034
740247
740273
740315
740333
740651
741391
742654
742808
743192
744404
744667
746236
747053
747662
747986
748109
748510
749569
750629
750886
751634
752294
752401
752637
753259
753376
754059
754528
754628
754849
755155
755495
755689
756131
757021
757374
757427
758734
758791
758791
759519
760087
760225
761513
762020
762173
764098
764584
764946
766274
766558
766798
767413
768247
768606
768613
768725
769258
770514
771323
772107
772126
772404
773443
773457
773548
773552
773693
773949
774051
774779
774954
775602
775624
775639
775890
776256
777107
777913
778143
778656
778905
779904
780118
781014
781025
781819
781841
782195
782519
782884
783646
783877
784140
784528
784862
785472
785635
786128
786660
786709
786725
786955
787109
788058
788616
788676
788728
788880
788937
789038
789696
789923
790009
791397
792052
792671
792944
792986
793449
794287
794504
796764
797239
797828
798780
798838
798909
799067
799479
800193
800279
800881
800999
801431
801822
801839
801875
802298
802473
802727
803987
804184
804470
804660
805930
806034
806573
807769
808991
809185
809532
809587
809941
810182
810626
810734
811040
812396
812408
812632
812869
813194
813248
813282
813716
813959
814512
814833
814844
814977
816208
817045
817272
818005
818161
818491
818786
819064
819368
819592
820504
821468
821595
822320
822780
823152
823293
823512
823556
823903
824251
824577
824637
824887
825194
826538
826564
826707
827635
829256
829498
829785
829836
830468
830707
831161
831971
832036
832138
832598
833661
833981
834411
835015
835220
835481
835589
836252
836726
837012
837036
837810
838220
839157
839395
839618
839813
840811
841258
841625
841662
841911
842379
842402
842657
843321
843807
844141
844469
844630
845897
846576
846794
846852
846991
847186
847323
847421
847620
847699
847808
847829
848416
849374
849399
849659
850067
850977
851441
851811
851981
852407
852708
852997
853295
854668
854845
855249
855513
855844
856130
856495
856552
856979
857293
857405
857682
857774
857799
858208
858519
858785
858998
859053
859442
860196
860504
861243
862306
862741
862833
862992
862999
863021
863303
863872
864182
864222
864683
866036
868829
869088
869188
869224
869372
870040
870069
870886
870895
871579
872075
872119
872508
872758
873252
873373
874215
874906
874967
875235
875426
875466
876113
876640
877308
877442
877598
877612
878390
878476
878675
878804
878887
879057
879692
879837
880104
880149
880280
880530
881039
881786
881870
882528
882547
882629
883041
883133
883139
884219
884405
884592
886504
886987
887091
887331
887353
887372
887847
888502
888634
889322
890503
891026
891246
891763
891916
892231
894011
894437
895106
896228
897307
899168
900476
900487
900818
900838
901003
901144
901168
901242
901964
902172
903044
905112
905446
905485
905499
905583
906423
907468
907581
907931
907962
908316
908714
908783
908930
909055
909506
910076
910293
911070
911426
911856
912200
912504
913171
913811
914249
914330
914419
914502
914564
915590
915859
916212
916855
917148
917389
917661
917975
918449
918558
918686
918928
919094
919254
920024
920059
920481
921008
921377
921456
921524
921575
922699
923136
923348
923521
924029
924759
924860
924982
925364
925497
925602
926084
926501
926702
926800
927340
927346
927400
927754
927827
927976
928115
928275
929142
929409
929492
929699
929913
930346
930387
930915
931234
931264
931784
932498
932889
932983
933213
933816
933853
933971
934479
935423
935478
935938
936657
936830
937418
938091
938226
938674
939800
940334
940429
940616
940805
941094
941170
941286
942208
942701
942754
943020
943080
943332
944449
944609
944783
945097
945136
945390
945577
946160
946555
946886
946925
947330
947644
948020
948668
949205
949575
949616
950003
950083
950331
951547
951643
951901
953269
953296
953723
954090
954509
955370
955448
956142
956537
956827
956876
957074
957125
957254
957471
957506
958700
958735
959810
960061
960102
961247
961276
962550
963167
963186
963630
963896
964222
964372
964526
966066
966244
966260
967181
967540
967782
967937
968087
968989
969190
969416
969930
970060
970322
970379
970435
970513
970751
971913
971961
972246
972475
973215
973431
974160
974864
975049
976258
976434
976495
977198
977492
977569
978719
979069
979299
979383
980090
980137
980385
980650
980770
981513
981517
981858
981865
981952
982003
982624
982773
982836
983044
983154
983789
984253
984256
984477
984612
985027
985531
985758
985824
985826
986014
986123
986717
987037
987097
987143
987152
987323
987831
988501
989231
989443
991086
991623
991766
991997
992139
992696
992887
993384
993683
994247
994337
996038
996062
996170
996364
996615
996759
997107
997349
997599
997908
998230
998440
998452
998473
998658
998813
999050
999101
999982
424
577
1328
1800
2244
2617
2965
3214
3264
3407
3631
3746
3876
4377
4624
6233
6332
7270
7883
8197
8693
9485
9493
10144
10446
12629
12775
12872
13024
14025
14476
14905
15508
15773
16512
17008
17123
17644
17878
18121
18421
18931
19010
19348
19812
20293
20658
21275
21288
21871
22006
23322
25141
25215
25410
25765
25885
26233
26343
26810
27067
27097
27422
27860
28371
28769
28779
29026
29118
29233
29290
29443
29685
29966
30120
30306
31120
31716
31771
32327
33106
33556
33591
33643
33710
35927
35980
36136
36801
36945
37117
37319
37368
37749
38156
38529
38908
39307
39319
39358
40339
40783
41064
41129
42579
43414
43935
44215
44774
48336
49595
49653
49673
50468
51051
51364
51977
52219
52747
53223
53424
53704
54017
54420
55471
55475
55825
56607
56977
57490
57968
58882
59380
59984
60100
60208
60846
61138
61176
61266
62002
62150
62601
62631
63127
63167
63931
64201
64301
64341
64576
65507
66414
68172
69077
69082
69476
69988
70138
70142
70492
70553
71074
71201
71493
71588
71978
73179
73591
74308
74889
75111
75414
75677
75709
75753
76090
76566
76697
76837
76892
76927
77070
77083
77163
77316
77742
77959
78080
78604
79056
79083
80563
80586
80800
81141
81290
81399
81524
81551
82045
82179
82363
83790
84179
84943
85099
85830
86917
87056
87359
87395
87942
87999
88527
88663
88695
88939
89281
89582
89917
90029
90579
91344
92130
92407
92634
92894
92914
93083
93083
93851
93970
94282
94438
94645
95110
95229
95477
96420
96734
96846
96862
96946
97688
97774
97848
97932
98311
99992
99997
100847
100973
101918
102268
103298
104042
104471
104495
104824
105351
105396
105593
105892
106555
106942
107233
107420
107830
108062
108182
108288
108855
109381
109812
111130
111162
111658
111687
111820
112051
112094
112478
113229
113311
113610
114438
114451
114591
114592
114784
115444
116298
116668
117241
117256
117589
118195
118308
118651
118724
118799
119424
119901
120571
120716
120870
120925
121157
121375
122152
122173
122198
122298
122389
122862
122923
123308
124145
124587
124802
124937
125125
125955
126778
126903
127097
127865
128552
129704
129897
130039
130794
130888
131225
131367
132060
132085
132287
132326
132499
132802
132983
133296
133576
134113
134472
134673
135509
135821
137074
137204
137497
137616
137769
138306
139450
140186
140546
141116
141470
141544
141629
141955
143077
143124
143173
144015
144135
144355
144607
144736
144870
145210
145435
146813
147095
147678
148304
148614
148628
148812
148865
149287
149948
150028
150059
150204
150438
152095
152194
152456
152677
152908
153177
153258
154920
155211
155358
155474
155748
156584
156587
156775
156823
156960
157598
158459
158860
159417
159872
160290
160513
160569
161614
161739
161784
162456
162522
162953
163310
164645
165385
165478
166235
166263
166430
166617
166741
167486
167909
168502
169475
169753
170587
171059
171328
172040
172056
172959
173207
173990
174328
174768
174809
175326
175688
175961
176473
177031
177151
177484
178146
179003
179009
179080
179925
180672
181594
181643
181682
181783
182215
182627
182643
182684
183038
183337
184613
184769
185010
185163
185584
186788
186880
187000
187194
187699
188355
188817
189132
190112
190628
191279
191636
191707
191811
191968
192161
192364
192473
192767
193613
194593
194980
195287
195338
196733
197170
197288
197506
197508
197781
198015
198060
198603
198714
198838
198899
199420
199500
199788
200001
200437
200771
201168
201348
204509
204590
205342
205837
206167
206687
207478
208171
208425
208760
208811
208863
209385
209657
209685
210102
210476
210667
210796
211170
211293
211319
211554
212048
212388
212439
212765
212772
212902
213599
214572
215115
216117
216156
216754
217100
217972
217981
218082
218790
219750
219915
221570
221701
222018
222583
224748
224969
225181
225412
225770
226262
226315
226977
227845
228816
228959
229470
230565
231259
232382
234025
234027
234877
235747
235971
236033
237546
238673
238910
239328
239358
239505
240148
240299
240484
241304
241773
242751
242830
243050
243746
244306
245333
245620
245703
246105
246132
246446
246729
246877
247654
247977
248599
248891
249437
249510
249952
250526
250608
251195
252255
252358
252564
254453
254929
255447
255465
255831
255850
256440
257126
257278
257506
257561
257593
257979
258407
259098
259245
259583
260227
260565
260969
261696
262632
262952
263189
264571
264831
265739
266139
266149
266292
266609
266653
266749
267170
267340
267724
269115
269191
269219
269477
270184
270427
270758
271580
271682
271722
272073
272491
272707
272838
272882
273013
273314
273387
274076
274255
274656
274738
274887
275641
275703
275784
276257
276357
276933
277686
278089
278556
278843
279150
279292
279641
279724
280171
280684
280850
282555
282926
283545
283605
283830
283842
284191
284227
284465
285109
285201
285210
286103
286502
286927
287258
288280
289207
289433
290084
290289
290488
291261
291598
291789
292030
292192
292316
292718
293378
293749
295203
295286
295493
297139
297620
297695
297811
298891
299731
300162
300196
300411
300780
301794
302167
302259
302311
302344
302830
303004
303099
303466
303723
305087
305116
305618
305623
306375
306624
307029
307764
307795
309400
309719
309938
311403
311466
312793
313130
314018
314351
314399
314445
314564
315220
315965
317382
317388
317399
317536
317730
317748
317789
317956
318400
319279
319373
320461
320608
320732
321750
321910
322206
322285
322618
322657
324970
325510
326189
326672
327360
327496
327635
327853
327915
328115
329052
329076
329840
329982
330579
331679
331857
332157
332355
332401
332919
332989
333049
333550
333683
334462
335698
336275
337173
337712
338293
338781
338910
338993
339259
339361
339821
339889
339931
340334
340709
341039
342215
342292
342550
342734
343836
343972
344680
344849
346176
347016
347053
347282
347743
347856
348196
348594
348683
349234
349428
349946
350059
350658
352247
352357
353304
354153
354193
354681
354910
355035
355334
355404
355407
355488
355858
356101
356132
356532
356683
356876
356894
357000
357060
357155
358489
358710
358722
359744
360248
360268
361043
361383
361661
361714
362854
363107
363151
363458
365319
365829
368666
368858
368953
369274
369494
370766
370849
370981
371144
371256
371429
371658
372212
372831
373878
374161
374169
374223
374531
375020
375524
377868
378151
378204
378642
378936
379647
380281
380638
381590
382161
382396
382501
383185
383455
383724
383896
383927
384178
384561
385060
385060
385242
385509
385564
385583
385829
386922
387068
387387
388013
389196
389812
389972
390273
391478
391608
392321
392602
393379
393928
394289
394835
395661
395924
396539
397232
398660
399237
399557
399599
400962
401610
401726
401917
402018
402078
402506
402676
402937
403359
404261
405115
405924
406393
406582
406671
406928
408156
408638
409248
409461
409569
409647
409673
409878
410448
410776
410889
410989
411584
411641
411698
412181
413205
413343
413359
413816
415520
418285
418681
419030
419484
419533
419938
420508
421275
421742
422514
423934
424500
425356
426247
426663
426922
427398
427588
427877
428957
429262
429508
429566
430020
430092
430149
430506
431525
432960
433125
433410
436330
436817
437079
438285
438926
439335
440271
440472
440880
440911
442096
442264
443088
443324
443403
443407
443550
444084
444218
444261
444408
444834
445115
445201
445277
445421
446130
446140
446377
446402
447636
448247
448601
448749
451021
451223
451274
452652
453053
453073
453570
454498
454578
455297
455984
456108
456475
456492
457629
458030
458256
458597
458738
459597
459725
460446
460564
460593
460617
461180
461641
462202
462213
462675
462866
463356
464051
464075
464906
465117
465274
466028
466122
466300
466818
467104
467336
467354
467689
467730
468595
468597
468709
468805
469682
470636
470711
470761
470777
471014
471549
472026
475727
476057
477111
477527
477762
478123
478542
479817
481389
482147
482958
483407
484005
484237
484265
484858
486093
486936
487443
487938
488015
488051
488084
488277
489625
489689
490174
491057
491328
491853
492526
492775
493031
493520
493657
494030
494040
495163
495581
495820
496177
496462
496924
497200
497435
497505
498559
498773
498844
500102
500216
500976
501045
501832
502677
502691
503951
504094
504551
504657
504804
506149
506545
506794
507169
507483
507514
507527
508462
509137
509157
510298
511100
512884
513695
513753
514229
514828
515214
515503
516795
517015
517254
517517
518422
518591
518655
518688
519117
519290
519745
519893
520022
520418
520545
520606
521307
521771
522310
522649
522694
522776
523253
523470
524414
525089
526148
526323
526482
527223
527368
528240
528338
528713
528842
528949
529186
529503
530278
530852
531399
532187
532508
532681
533211
533444
534049
534135
535362
535895
536285
536412
536726
537409
537902
538076
538451
539277
539354
539920
540393
540998
541071
542511
542863
543001
543047
543266
543360
543543
543594
543968
544641
544922
545005
545011
545332
545623
545847
547345
547488
547751
548513
548622
548996
549612
550659
551066
552569
552863
553065
553675
554621
555551
555835
555844
556141
556784
556912
556956
557390
557508
557835
557925
558767
559343
559695
560257
560555
561303
561703
561705
561918
561997
562102
562206
562252
562368
562551
562647
562782
563171
563185
563692
563829
564272
564743
564940
565282
565503
566543
566920
567490
567650
567933
567940
568791
569404
569553
569753
569900
570014
570489
570781
571259
571503
571863
572180
572182
572262
572833
572853
572994
573195
573350
573461
573830
574128
574717
577756
578396
578584
578968
580208
580824
581235
581584
582374
582400
582957
583412
583742
583906
584312
586157
586305
586435
587373
588706
588737
589781
590356
590389
590556
590638
590981
591685
592158
592764
592860
593230
593284
594500
595245
595332
595845
596158
596521
596644
596841
596965
597371
597720
598105
598359
598933
598986
599104
599206
599256
600048
600800
600965
601849
602297
602547
602672
602968
603775
603930
605052
605272
605644
606348
606472
606632
609476
609817
610066
610168
610214
610955
611358
611443
611806
612354
612373
612566
612669
612773
612946
613353
614182
614198
614430
615754
615865
616115
616443
616493
616734
616918
617262
617363
617921
618237
618661
619264
619491
620416
620624
620667
620688
620747
621285
621422
621780
622693
623428
624604
625015
625327
625978
626015
626589
626646
626779
626824
627973
630104
630453
630493
630844
631001
631009
631479
631586
632290
632309
632672
632742
632876
633297
633667
633910
634121
634877
635127
635305
636973
637610
638074
638119
638600
638743
638826
639149
640107
641309
642309
642439
642901
643123
643492
643872
644637
645268
645732
645963
646148
646678
646779
646821
647731
647918
647942
647970
648474
649209
649407
649528
649599
650099
650190
650342
650856
651114
651703
653308
653596
653718
653999
654474
655428
655614
656257
656654
656978
656986
657255
657713
657872
658088
658110
658386
659143
659279
659419
660098
660257
660558
660861
662225
662606
662798
663036
664213
664813
665221
665409
665904
666632
666961
667244
667298
667678
668062
669334
669422
669499
669700
669746
669940
670890
671409
671946
672310
672492
673155
673362
673986
674105
674185
674567
674757
675103
675489
675540
676421
676424
676474
676571
677070
677652
677905
678045
678084
678576
678621
679080
679303
681329
682081
682277
683773
684125
684447
685931
686596
687053
687259
687657
688155
688460
688758
689407
689687
690278
690305
690405
690631
690814
691958
692048
692052
692800
693520
693727
694099
694978
695333
695825
696262
696652
696985
697754
698647
699112
699287
699351
699503
699980
700548
700990
702296
702323
702493
702803
703192
703434
703709
704039
704275
704335
704346
704380
704746
704785
705255
705564
706285
707056
707163
707920
708382
708461
708566
709989
710001
710643
711760
712408
713860
714406
714994
715675
716347
716415
716823
717348
717440
717465
717643
718094
718346
719085
719172
719333
719889
720449
720584
721185
721460
721882
721986
722006
722094
722936
723615
725098
725265
725785
726002
726030
726350
726416
726537
726714
726904
727113
727385
727860
728055
728205
728517
728879
729585
729614
730588
730728
731093
731403
731414
731569
731703
732132
732582
733158
733776
733824
734186
734265
734608
735431
736316
736642
737332
737618
738296
738386
738486
738502
739081
739856
740503
740975
741695
741758
742042
742048
742554
742570
742679
743015
743065
744190
744445
744588
745067
745324
745988
746470
747641
748757
748903
750225
750506
750625
750749
751123
751548
751599
751850
752097
752346
752641
753007
753302
753350
753370
753534
753848
754116
754256
754492
754720
754997
755095
755783
756322
757767
757945
759196
760009
760154
760163
760251
761217
761222
761497
761640
761686
762107
763544
763944
763982
764258
764506
764855
765172
765697
766339
767049
767129
767145
767722
767944
768062
768558
768769
768984
768999
769403
769765
770133
770748
771860
772037
772570
773071
773080
774253
774989
776018
776172
776825
778271
778548
778933
778999
779528
779952
780141
780707
780847
780908
781256
781726
782188
782617
782836
783376
783584
783615
784329
784455
784470
784732
785663
785852
787445
787542
787563
787596
787784
787870
788392
788600
789146
789294
789635
790332
790951
791450
791599
792119
792526
792742
792966
793009
793364
793877
794129
795107
795466
795671
795805
796051
796238
797036
797542
797616
797822
798231
798537
798638
798758
799652
799701
799990
800713
800868
801318
801411
802431
802996
803458
803802
804886
805054
805786
806010
806762
807015
808330
808769
808926
809476
809715
810217
810841
810848
811459
811561
811664
812000
812005
812974
813030
813086
813226
813482
814186
815754
815939
816180
816542
817353
817576
817768
817792
818055
818570
818619
819170
819215
819282
819543
819547
819762
820440
820458
820501
820834
821356
821711
821730
821960
822163
822571
822944
822986
823163
823649
824039
824598
824661
824684
824989
825085
825090
825542
825795
826412
826460
826807
826840
827246
827247
828047
829294
829376
829380
829711
830427
830476
830569
831448
831458
832653
833572
833716
833973
834078
834486
835154
835233
836434
837509
837621
838165
838309
838545
839702
839746
839890
840270
840356
840409
840739
842162
842166
842703
843521
843636
843654
844058
844849
845994
846018
846429
846442
847660
848620
849497
850861
851742
852658
852845
853302
853339
853444
854084
854615
854633
854831
855088
855361
855560
856123
856448
857453
857508
857591
857980
858674
859701
859970
860007
860507
861268
861914
862225
862889
863062
863293
863814
864228
864765
865104
866460
866901
867175
867571
867586
869167
869668
870076
870453
870682
870923
871140
871827
871902
871919
872213
872413
872785
873486
873618
874307
874309
874422
875077
875759
876082
876646
877372
877904
878314
878534
878570
878764
878952
879005
880412
880726
880970
881212
881491
881525
882492
883042
883418
883551
884133
884142
884219
884561
885165
885812
886469
886884
886919
887013
888806
889189
889428
889444
889664
889667
890118
890269
890625
892406
894655
895052
896857
897727
898114
898874
898885
899787
900628
900686
901480
901689
902141
902784
902838
903486
903997
904102
904134
904261
904912
905002
905101
905226
905931
905979
907741
908179
908257
908652
908836
909541
910326
910683
911112
911515
911750
911996
913201
914393
914430
914819
915295
915600
915832
916494
916862
917356
917456
917530
918048
918980
919511
919973
920021
920252
920563
920691
921334
921505
921608
921853
921963
921978
922307
922545
924445
926282
926299
926814
926962
926963
927441
927593
928529
928740
928917
929004
929611
929673
929883
930293
930578
930775
930846
931337
931363
931887
931983
932071
932367
932374
932445
932713
933216
933725
934229
934592
934633
936487
936717
936932
937229
937300
937482
938701
938752
938850
940314
940497
940851
941396
941555
941678
941730
941967
942005
942257
942594
943314
943438
943743
943865
944142
944354
944354
944388
944609
944714
944967
945470
945913
946036
946485
946665
946749
946836
946908
947225
947296
947505
947539
948336
948347
948363
948792
948873
949248
950029
950080
950465
950498
951539
953248
953300
953880
953964
954174
954605
955105
955331
955404
955750
955803
956881
956893
956967
958047
958099
958461
959268
959730
960247
960912
961085
961278
965370
966219
966515
966829
967737
968546
969861
970135
970789
971494
971671
971981
972117
973770
974331
974334
974618
974713
974972
975215
975588
975914
976013
976119
976355
977488
978081
978185
978621
978819
978924
978944
979058
979082
979416
979745
980444
981111
981297
982516
983505
983507
983609
984597
985469
985836
986185
986301
986316
986353
987902
988371
988563
989174
989734
990016
990223
990864
990878
991009
991371
991519
992541
993390
993604
994199
994431
994960
995010
995122
996403
996510
996730
996795
997245
998742
999073
999442
0
0
0
0
0
0
0
0
0
0
0
0
0
0
0
0
0
0
0
0
0
0
0
0
0
0
0
0
0
0
0
0
0
0
0
0
0
0
0
0
0
0
0
0
0
0
0
0
0
0
0
0
0
0
0
0
0
0
0
0
0
0
0
0
0
0
0
0
0
0
0
0
0
0
0
0
0
0
0
0
0
0
0
0
0
0
0
0
0
0
0
0
0
0
0
0
0
0
0
0
0
0
0
0
0
0
0
0
0
0
0
0
0
0
0
0
0
0
0
0
0
0
0
0
0
0
0
0
0
0
0
0
0
0
0
0
0
0
0
0
0
0
0
0
0
0
0
0
0
0
0
0
0
0
0
0
0
0
0
0
0
0
0
0
0
0
0
0
0
0
0
0
0
0
0
0
0
0
0
0
0
0
0
0
0
0
0
0
0
0
0
0
0
0
0
0
0
0
0
0
0
0
0
0
0
0
0
0
0
0
0
0
0
0
0
0
0
0
0
0
0
0
0
0
0
0
0
0
0
0
0
0
0
0
0
0
0
0
0
0
0
0
0
0
0
0
0
0
0
0
0
0
0
0
0
0
0
0
0
0
0
0
0
0
0
0
0
0
0
0
0
0
0
0
0
0
0
0
0
0
0
0
0
0
0
0
0
0
0
0
0
0
0
0
0
0
0
0
0
0
0
0
0
0
0
0
0
0
0
0
0
0
0
0
0
0
0
0
0
0
0
0
0
0
0
0
0
0
0
0
0
0
0
0
0
0
0
0
0
0
0
0
0
0
0
0
0
0
0
0
0
0
0
0
0
0
0
0
0
0
0
0
0
0
0
0
0
0
0
0
0
0
0
0
0
0
0
0
0
0
0
0
0
0
0
0
0
0
0
0
0
0
0
0
0
0
0
0
0
0
0
0
0
0
0
0
0
0
0
0
0
0
0
0
0
0
0
0
0
0
0
0
0
0
0
0
0
0
0
0
0
0
0
0
0
0
0
0
0
0
0
0
0
0
0
0
0
0
0
0
0
0
0
0
0
0
0
0
0
0
0
0
0
0
0
0
0
0
0
0
0
0
0
0
0
0
0
0
0
0
0
0
0
0
0
0
0
0
0
0
0
0
0
0
0
0
0
0
0
0
0
0
0
0
0
0
0
0
0
0
0
0
0
0
0
0
0
0
0
0
0
0
0
0
0
0
0
0
0
0
0
0
0
0
0
0
0
0
0
0
0
0
0
0
0
0
0
0
0
0
0
0
0
0
0
0
0
0
0
0
0
0
0
0
0
0
0
0
0
0
0
0
0
0
0
0
0
0
0
0
0
0
0
0
0
0
0
0
0
0
0
0
0
0
0
0
0
0
0
0
0
0
0
0
0
0
0
0
0
0
0
0
0
0
0
0
0
0
0
0
0
0
0
0
0
0
0
0
0
0
0
0
0
0
0
0
0
0
0
0
0
0
0
0
0
0
0
0
0
0
0
0
0
0
0
0
0
0
0
0
0
0
0
0
0
0
0
0
0
0
0
0
0
0
0
0
0
0
0
0
0
0
0
0
0
0
0
0
0
0
0
0
0
0
0
0
0
0
0
0
0
0
0
0
0
0
0
0
0
0
0
0
0
0
0
0
0
0
0
0
0
0
0
0
0
0
0
0
0
0
0
0
0
0
0
0
0
0
0
0
0
0
0
0
0
0
0
0
0
0
0
0
0
0
0
0
0
0
0
0
0
0
0
0
0
0
0
0
0
0
0
0
0
0
0
0
0
0
0
0
0
0
0
0
0
0
0
0
0
0
0
0
0
0
0
0
0
0
0
0
0
0
0
0
0
0
0
0
0
0
0
0
0
0
0
0
0
0
0
0
0
0
0
0
0
0
0
0
0
0
0
0
0
0
0
0
0
0
0
0
0
0
0
0
0
0
0
0
0
0
0
0
0
0
0
0
0
0
0
0
0
0
0
0
0
0
0
0
0
0
0
0
0
0
0
0
0
0
0
0
0
0
0
0
0
0
0
0
0
0
0
0
0
0
0
0
0
0
0
0
0
0
0
0
0
0
0
0
0
0
0
0
0
0
0
0
0
0
0
0
0
0
0
0
0
0
0
0
0
0
0
0
0
0
0
0
0
0
0
0
0
0
0
0
0
0
0
0
0
0
0
0
0
0
0
0
0
0
0
0
0
0
0
0
0
0
0
0
0
0
0
0
0
0
0
0
0
0
0
0
0
0
0
0
0
0
0
0
0
0
0
0
0
0
0
0
0
0
0
0
0
0
0
0
0
0
0
0
0
0
0
0
0
0
0
0
0
0
0
0
0
0
0
0
0
0
0
0
0
0
0
0
0
0
0
0
0
0
0
0
0
0
0
0
0
0
0
0
0
0
0
0
0
0
0
0
0
0
0
0
0
0
0
0
0
0
0
0
0
0
0
0
0
0
0
0
0
0
0
0
0
0
0
0
0
0
0
0
0
0
0
0
0
0
0
0
0
0
0
0
0
0
0
0
0
0
0
0
0
0
0
0
0
0
0
0
0
0
0
0
0
0
0
0
0
0
0
0
0
0
0
0
0
0
0
0
0
0
0
0
0
0
0
0
0
0
0
0
0
0
0
0
0
0
0
0
0
0
0
0
0
0
0
0
0
0
0
0
0
0
0
0
0
0
0
0
0
0
0
0
0
0
0
0
0
0
0
0
0
0
0
0
0
0
0
0
0
0
0
0
0
0
0
0
0
0
0
0
0
0
0
0
0
0
0
0
0
0
0
0
0
0
0
0
0
0
0
0
0
0
0
0
0
0
0
0
0
0
0
0
0
0
0
0
0
0
0
0
0
0
0
0
0
0
0
0
0
0
0
0
0
0
0
0
0
0
0
0
0
0
0
0
0
0
0
0
0
0
0
0
0
0
0
0
0
0
0
0
0
0
0
0
0
0
0
0
0
0
0
0
0
0
0
0
0
0
0
0
0
0
0
0
0
0
0
0
0
0
0
0
0
0
0
0
0
0
0
0
0
0
0
0
0
0
0
0
0
0
0
0
0
0
0
0
0
0
0
0
0
0
0
0
0
0
0
0
0
0
0
0
0
0
0
0
0
0
0
0
0
0
0
0
0
0
0
0
0
0
0
0
0
0
0
0
0
0
0
0
0
0
0
0
0
0
0
0
0
0
0
0
0
0
0
0
0
0
0
0
0
0
0
0
0
0
0
0
0
0
0
0
0
0
0
0
0
0
0
0
0
0
0
0
0
0
0
0
0
0
0
0
0
0
0
0
0
0
0
0
0
0
0
0
0
0
0
0
0
0
0
0
0
0
0
0
0
0
0
0
0
0
0
0
0
0
0
0
0
0
0
0
0
0
0
0
0
0
0
0
0
0
0
0
0
0
0
0
0
0
0
0
0
0
0
0
0
0
0
0
0
0
0
0
0
0
0
0
0
0
0
0
0
0
0
0
0
0
0
0
0
0
0
0
0
0
0
0
0
0
0
0
0
0
0
0
0
0
0
0
0
0
0
0
0
0
0
0
0
0
0
0
0
0
0
0
0
0
0
0
0
0
0
0
0
0
0
0
0
0
0
0
0
0
0
0
0
0
0
0
0
0
0
0
0
0
0
0
0
0
0
0
0
0
0
0
0
0
0
0
0
0
0
0
0
0
0
0
0
0
0
0
0
0
0
0
0
0
0
0
0
0
0
0
0
0
0
0
0
0
0
0
0
0
0
0
0
0
0
0
0
0
0
0
0
0
0
0
0
0
0
0
0
0
0
0
0
0
0
0
0
0
0
0
0
0
0
0
0
0
0
0
0
0
0
0
0
0
0
0
0
0
0
0
0
0
0
0
0
0
0
0
0
0
0
0
0
0
0
0
0
0
0
0
0
0
0
0
0
0
0
0
0
0
0
0
0
0
0
0
0
0
0
0
0
0
0
0
0
0
0
0
0
0
0
0
0
0
0
0
0
0
0
0
0
0
0
0
0
0
0
0
0
0
0
0
0
0
0
0
0
0
0
0
0
0
0
0
0
0
0
0
0
0
0
0
0
0
0
0
0
0
0
0
0
0
0
0
0
0
0
0
0
0
0
0
0
0
0
0
0
0
0
0
0
0
0
0
0
0
0
0
0
0
0
0
0
0
0
0
0
0
0
0
0
0
0
0
0
0
0
0
0
0
0
0
0
0
0
0
0
0
0
0
0
0
0
0
0
0
0
0
0
0
0
0
0
0
0
0
0
0
0
0
0
0
0
0
0
0
0
0
0
0
0
0
0
0
0
0
0
0
0
0
0
0
0
0
0
0
0
0
0
0
0
0
0
0
0
0
0
0
0
0
0
0
0
0
0
0
0
0
0
0
0
0
0
0
0
0
0
0
0
0
0
0
0
0
0
0
0
0
0
0
0
0
0
0
0
0
0
0
0
0
0
0
0
0
0
0
0
0
0
0
0
0
0
0
0
0
0
0
0
0
0
0
0
0
0
0
0
0
0
0
0
0
0
0
0
0
0
0
0
0
0
0
0
0
0
0
0
0
0
0
0
0
0
0
0
0
0
0
0
0
0
0
0
0
0
0
0
0
0
0
0
0
0
0
0
0
0
0
0
0
0
0
0
0
0
0
0
0
0
0
0
0
0
0
0
0
0
0
0
0
0
0
0
0
0
0
0
0
0
0
0
0
0
0
0
0
0
0
0
0
0
0
0
0
0
0
0
0
0
0
0
0
0
0
0
0
0
0
0
0
0
0
0
0
0
0
0
0
0
0
0
0
0
0
0
0
0
0
0
0
0
0
0
0
0
0
0
0
0
0
0
0
0
0
0
0
0
0
0
0
0
0
0
0
0
0
0
0
0
0
0
0
0
0
0
0
0
0
0
0
0
0
0
0
0
0
0
0
0
0
0
0
0
0
0
0
0
0
0
0
0
0
0
0
0
0
0
0
0
0
0
0
0
0
0
0
0
0
0
0
0
0
0
0
0
0
0
0
0
0
0
0
0
0
0
0
0
0
0
0
0
0
0
0
0
0
0
0
0
0
0
0
0
0
0
0
0
0
0
0
0
0
0
0
0
0
0
0
0
0
0
0
0
0
0
0
0
0
0
0
0
0
0
0
0
0
0
0
0
0
0
0
0
0
0
0
0
0
0
0
0
0
0
0
0
0
0
0
0
0
0
0
0
0
0
0
0
0
0
0
0
0
0
0
0
0
0
0
0
0
0
0
0
0
0
0
0
0
0
0
0
0
0
0
0
0
0
0
0
0
0
0
0
0
0
0
0
0
0
0
0
0
0
0
0
0
0
0
0
0
0
0
0
0
0
0
0
0
0
0
0
0
0
0
0
0
0
0
0
0
0
0
0
0
0
0
0
0
0
0
0
0
0
0
0
0
0
0
0
0
0
0
0
0
0
0
0
0
0
0
0
0
0
0
0
0
0
0
0
0
0
0
0
0
0
0
0
0
0
0
0
0
0
0
0
0
0
0
0
0
0
0
0
0
0
0
0
0
0
0
0
0
0
0
0
0
0
0
0
0
0
0
0
0
0
0
0
0
0
0
0
0
0
0
0
0
0
0
0
0
0
0
0
0
0
0
0
0
0
0
0
0
0
0
0
0
0
0
0
0
0
0
0
0
0
0
0
0
0
0
0
0
0
0
0
0
0
0
0
0
0
0
0
0
0
0
0
0
0
0
0
0
0
0
0
0
0
0
0
0
0
0
0
0
0
0
0
0
0
0
0
0
0
0
0
0
0
0
0
0
0
0
0
0
0
0
0
0
0
0
0
0
0
0
0
0
