10000 4957
434888
605451
809982
838837
791189
645016
75986
801324
296787
514734
357114
535793
701115
858814
473509
678353
55784
253344
764567
363814
969201
839444
673513
992734
30144
150920
528297
988258
32481
58515
198264
632343
957336
463118
741149
102422
851274
232342
16161
892167
635258
717233
303627
596192
523169
861090
94806
812533
50364
658068
251048
979359
128852
964796
622785
614372
721049
142729
454637
647649
76227
277101
608278
995436
696411
990700
684314
132176
348294
293779
83967
697154
279693
35484
859081
536470
872380
737905
472963
736692
745878
637445
262924
783025
11600
395061
835749
136548
237226
239915
690222
437346
589908
655686
738108
235559
148555
196383
361396
912969
907391
882178
353848
428821
228815
308816
693183
621670
426156
380234
718442
461757
510783
349541
813802
602572
950309
545208
578644
876764
334362
280573
463170
376027
638478
565136
851904
576317
182496
424516
855609
415798
528569
95931
23158
217110
759375
365899
989195
489137
997446
771812
94434
95905
337681
384150
340974
350720
139783
979723
959482
530626
581460
795663
363211
415474
857832
977704
548941
971847
208545
560425
54057
392926
863095
24316
858065
973964
526597
198949
971918
32476
988199
499899
257612
616466
965900
877294
75725
726
418336
610583
56100
845446
434081
186968
15822
937776
588677
150005
23900
24141
353065
140902
531727
30084
437252
716845
634654
908213
996502
549424
289915
238441
934564
307898
327151
757745
336084
128461
771216
397515
317092
70532
629927
352607
294312
612284
440110
445979
290612
611179
285278
421362
371132
21342
509958
983691
832354
191414
358877
271989
572046
678586
812319
30370
405906
592994
655591
376887
978033
969183
836693
578762
69525
463344
381370
619073
174871
158130
57069
165827
434384
676750
411630
927051
795857
589841
631112
47666
787592
321755
907113
271090
377128
60234
403192
793055
893569
689146
270644
24509
431364
160277
175769
371270
995809
267371
937648
327644
109135
941647
550754
63920
750468
519928
511623
182841
717705
124234
255345
209698
141553
359148
217028
22853
322380
709478
962742
557106
349971
379636
946228
37419
38846
89095
545844
148458
49136
873802
38334
636135
515462
357186
253436
926235
345312
112488
20463
370084
403145
245922
472321
409075
763807
639305
579794
898732
449022
188328
88755
725606
577186
401939
13037
342573
279110
438539
151500
551146
576432
946256
702871
230714
262628
603421
27748
945993
765358
770532
458081
423690
496179
615703
502309
384200
586406
345604
767429
147727
413207
416197
786611
700183
499529
551951
351153
534633
244952
116942
399228
7169
910725
93864
438948
73838
885461
931818
9121
874382
990491
649523
796809
433384
73650
23191
133478
404649
330224
826369
554020
886419
242263
207366
941200
730085
496406
389537
860055
906101
451118
552061
817725
102519
438362
198621
259896
316044
325405
140027
878121
289382
501739
798605
167219
264286
511428
83639
930026
257721
445392
820586
37556
443557
530259
121348
382388
269365
102831
748934
617154
789685
75887
19822
323879
49438
420819
469109
49289
978441
921506
882331
61507
194549
744305
478370
865279
281702
331105
42629
512730
961519
15038
775640
86382
480289
892436
509983
716293
448054
117593
880147
839363
949066
803500
430438
29071
221635
847332
965187
677283
176659
960918
235716
789102
807036
414985
246785
308839
438655
189823
562357
431337
38132
218141
600713
420976
571030
948217
739063
602515
156860
357693
971850
533699
733269
54394
746105
376871
509026
992967
238206
308159
939039
885240
779121
822432
97827
698844
127002
983477
527175
419635
917559
782950
768038
641544
375368
123458
801325
781153
886803
770985
220601
190315
660052
266038
983228
637806
746400
729472
492398
501999
376777
723396
425105
228143
593874
873934
584116
445322
650414
516430
855557
402841
953927
488745
632844
146592
432940
24078
556429
902022
126167
119164
10720
245232
397871
517331
873733
523662
880945
708644
707620
36889
749579
163252
749077
157444
550195
783489
483531
210295
251359
787899
576561
828817
94231
89328
388583
171623
985065
945887
952523
862079
611525
303945
619382
441823
720529
994089
671630
638739
231771
621244
133075
23242
764931
748866
910838
965669
593987
506755
351360
965940
806786
552696
117203
433083
63921
466199
502749
65200
258657
87333
821972
682068
475016
829449
437782
264272
528237
439671
48559
41241
562174
343161
931611
619574
764639
920892
724558
380420
915735
144393
704611
737100
60326
418212
330183
389036
180272
401352
24837
8667
663213
755624
444439
993911
273130
802893
79430
619469
73951
955704
269234
260201
822142
961054
373859
376973
734370
911037
905393
581540
886596
791163
739810
398871
585339
213557
891928
311330
856208
967014
573745
863700
163073
307433
87329
214822
618125
830346
843472
221229
317401
666310
517822
808777
294131
120037
777273
230649
358901
5530
266171
967278
363707
167304
157024
978723
730404
60290
398634
379736
664009
98131
223110
723416
509547
224773
75512
591855
133980
268436
395975
892343
370877
819943
981463
413381
280892
67459
436779
50877
544832
607706
895878
344398
7203
134424
102595
908015
841500
398126
120466
366196
62510
354671
56442
901459
93350
182491
944218
207582
52003
119
158088
8385
466207
50049
453541
545776
669127
558961
965288
634914
638182
324715
352390
471918
718734
879673
179618
323462
539929
243808
624064
639101
292448
128131
245165
914078
233328
259421
915636
273101
745331
759179
213727
154468
297549
221906
744727
423281
603687
799179
866864
332572
509922
698831
90667
22455
204530
913098
441981
331339
368973
732080
898018
203894
903228
743923
166134
911205
868197
336194
56906
559288
421421
286601
105860
415187
633028
456918
164502
307590
516063
463501
946467
163695
640142
178564
832971
740421
434455
643530
802096
963405
433048
173660
482741
889884
671928
696040
617685
919480
138675
970191
80150
272028
74391
807901
698610
707930
995505
835884
824785
887846
876981
755478
136910
802902
697382
389761
433313
695701
770276
915784
221947
497858
98692
220768
406526
546355
101781
783870
604154
81515
272389
749624
241216
492869
625219
256561
881894
161411
93196
998218
122486
91244
326408
407394
63117
834229
94171
860608
890147
935688
528545
212371
871476
658643
322858
330201
496819
702551
356896
916157
752687
531404
543520
738314
363061
307074
13144
989518
360346
836773
487207
455997
71827
526079
394547
957096
417611
698016
167164
167293
718240
56632
616076
467071
23524
603352
941793
248140
557058
152576
17943
277095
745635
12589
457104
663159
455087
442381
635938
789697
804007
977043
683502
96608
916758
614365
315073
154335
129120
997296
870547
556253
417734
439730
420150
855778
371876
113014
776668
340871
489604
452261
510785
184497
693057
55008
697632
991391
346070
61715
162823
109660
237947
402983
866923
290611
760487
598368
895619
425278
447574
498343
940341
966299
505281
278072
139751
47275
915957
780977
590956
26345
113170
162906
748401
320101
594816
227767
308104
937135
745026
357723
713898
674349
535792
821515
476872
723623
70408
403015
363609
837814
722525
164406
705944
188788
116984
394911
576195
364398
269417
731722
47487
314833
308073
350745
875721
225469
817054
776883
209161
858371
587734
268856
649278
667162
732070
208149
499125
60805
700264
405795
171469
933911
394763
782261
381514
651176
965049
115716
839334
718288
350888
609853
300942
537574
826441
85739
323986
425130
130048
175401
559212
322233
658960
600424
678823
584961
769607
649086
140593
314198
919870
805320
273529
547085
770080
28508
576896
905736
423407
212741
418128
690407
971216
952710
777119
69970
876428
932578
67800
450204
81718
408922
841442
204545
8626
79188
529150
423701
879670
979807
941128
765845
33028
233886
763285
939458
291921
525964
288499
545603
350313
306440
7471
535946
150728
345168
37025
819035
136475
310642
187676
351132
995515
864475
155410
30387
335731
832991
523286
707506
403320
11566
95577
994382
710347
690586
815487
162853
553759
688903
721740
618321
359064
119598
554030
328148
694222
714775
820514
141354
846480
562353
811919
708101
876308
965844
343184
760421
868505
583826
33460
573775
899506
458176
446781
726020
632118
963456
519194
826178
998411
412699
758382
200403
149201
631934
111552
813323
892690
31277
516333
516209
627169
360156
198217
196581
739188
413624
600549
70944
253738
900771
449930
646550
946113
144399
582730
834363
207511
689570
480755
806568
286313
309525
244764
772115
332058
957660
383630
886392
670196
167265
992161
414006
206835
424549
971739
773879
198477
585362
18233
91940
161556
389417
523281
315249
982843
313710
805000
957681
170257
763941
874909
432715
468748
726589
24326
408433
501155
880295
2336
707980
949751
907233
227101
454541
187029
829914
23019
236042
484299
540463
450887
279412
3462
716116
144182
4934
357924
212521
964377
501988
840817
988761
970888
77006
387894
26251
927919
317096
176601
245896
362523
985624
700890
545659
6572
385443
379528
119403
256956
857999
488201
284666
129446
677763
279584
102539
926853
212293
304234
353
841401
380577
167411
764854
985166
647186
906427
976351
947901
930857
845117
332976
711456
864620
308335
917456
742984
165952
909440
899186
484593
307469
825554
397480
634325
735683
574919
773498
473027
949837
476707
858458
164776
914625
626587
569126
860379
965914
870730
686831
24405
620833
332354
91202
540938
849387
142612
727848
395533
975504
232336
651808
430285
683639
832838
822405
938464
691937
230156
393236
170408
338963
505173
441853
277975
4085
845843
674390
181918
125117
653780
813594
627912
978873
119802
159529
369921
633169
626528
625711
36139
989313
335102
412398
82489
588784
953104
474473
595849
480117
728659
166946
380579
329814
828659
6182
655268
926946
981271
209804
944097
92814
573879
711764
888943
982851
728510
355198
876526
48529
389499
630685
689659
704012
844495
480132
69812
693233
446594
208817
757368
100631
852724
136207
476381
278084
416996
72748
848180
785978
707838
844932
882055
327312
438500
44830
301700
190817
819330
440578
346641
888454
834396
572907
487550
550945
188067
458327
932062
276446
635242
613838
873776
775705
845207
195342
782743
196819
365398
318222
769912
25985
913416
396094
730149
751371
295874
384612
853141
825560
388791
990235
422415
381172
551665
305758
765419
941021
585421
39810
302307
195106
924480
653266
132982
756465
291776
303575
784181
114199
498518
80221
210762
940633
714191
921760
230891
282608
750908
345336
338503
975588
167302
406859
538655
777258
254212
83396
857040
343687
389696
235643
412612
887804
702234
851847
272854
836276
348997
670290
983701
182336
408597
171474
321927
842534
705142
565272
88895
361924
369006
214624
519327
443546
373369
690543
99010
67126
813638
797778
260293
324348
109019
30024
394917
136044
642487
226311
70160
863476
909338
510518
759731
845072
137956
792174
523949
912032
714025
27676
96387
723209
667703
452481
495578
5104
937109
743388
129928
866176
246373
925879
142029
640271
972516
836191
997113
126201
32447
486061
827773
788106
437864
376216
126564
984467
901311
222052
918364
282678
929187
500288
11522
53592
492258
800870
969483
383617
86098
798946
582625
495179
745212
555267
920125
123642
553952
213898
181011
996704
497836
10889
462259
952833
605344
218999
982381
713336
959483
388297
510690
151870
130513
928415
719800
735837
295221
742933
633419
240481
931162
561112
293963
344780
198752
164575
908645
129392
566182
100836
799229
584338
945926
530469
397401
618114
959526
249726
414537
157347
934247
936094
102111
483675
226369
696357
489859
546175
389728
143126
44233
962356
556896
25633
261924
536018
998250
889781
999028
768479
806456
695878
831945
706030
331810
131213
930144
490417
701158
676185
430690
310476
618282
633695
129556
329769
124476
310547
185122
41350
581222
714189
576010
447305
62428
641653
631817
227396
423177
983919
403892
867884
217162
436469
325036
958211
867683
893279
533262
660824
294302
579483
170121
235777
854069
778738
401967
319370
818165
734239
343279
470952
472953
908050
745896
604230
365230
874379
96024
90930
548799
482823
647321
272101
794340
651733
176552
837906
981234
478286
64171
443058
840817
762689
959725
109225
256049
155021
360558
303839
738311
875451
758390
741982
177939
126512
171378
983926
344078
985641
840570
318309
386515
309341
754934
143682
285816
558165
710270
816135
617473
585370
311379
431158
759273
725511
677168
119059
249954
60472
901423
902238
166296
54300
839133
522396
859650
895128
95518
352145
236001
390337
410081
673837
467970
73180
53044
467189
603980
486162
912328
335182
211331
340867
700908
819465
732031
616494
832301
771013
90076
754596
669515
967206
982976
695655
482058
515271
721878
922825
11665
692877
884771
17784
978152
89530
781350
21488
575357
254241
396347
961289
165338
972081
443187
135159
580399
479228
838264
486028
416363
529942
177558
829864
712200
355946
996435
575461
493509
218320
792328
973092
791448
258889
774823
975254
277737
621997
831055
78302
518126
553267
126010
931330
660025
457975
124822
893413
697188
873487
111198
166392
181075
759763
184472
612157
215978
8823
573595
871577
1295
151527
78817
589052
966904
682226
689287
212922
888340
665625
489261
788654
134818
456198
967015
14590
296199
83307
865756
679246
867096
646157
669040
25644
779301
829583
534523
974526
411442
429638
213071
208077
628337
900780
250053
312516
413326
851630
230085
483569
97794
326798
852922
969033
548053
349264
514812
403985
243537
947969
39896
970230
845244
977984
876938
686594
573266
143446
652957
364394
326510
519413
369704
509860
861088
728800
103331
552408
936105
242169
914557
612743
409122
992766
413592
561039
900072
769075
550633
518477
546580
364124
568401
157896
222900
270671
775921
592672
436024
584263
48597
490323
861736
27868
209889
129134
955192
201491
214247
777789
638445
997165
416611
925344
183824
28315
477823
453684
458976
504197
944954
906872
148688
186365
264957
97910
686562
283558
804046
763900
89461
803766
25944
864789
303663
136507
514397
22669
564944
876718
962468
372593
239935
18061
537145
179809
62164
937488
788976
897642
746598
181026
320322
29267
413953
797635
249531
77588
597133
149762
626470
178894
254083
924510
692506
603692
113134
41508
654251
898187
186156
684708
716743
278958
237819
231149
938044
476872
692149
361356
678344
359565
274703
965783
377859
111751
273875
561501
403443
499118
971704
801266
79861
151256
966891
20167
799894
468842
101859
803658
900240
189175
969397
279240
953709
541511
402083
3557
836838
560406
861307
633755
763454
509911
173982
959535
266722
536340
495268
891597
184443
772508
375283
666366
600999
540996
811272
263213
391140
611766
670364
135988
107784
654876
372248
357608
110515
521732
319827
816890
205311
885364
624891
664950
421540
520706
588389
591043
861157
867850
309696
615309
962500
367768
339802
318059
689421
37050
188083
861029
73280
705924
172608
848027
275073
111203
119415
909695
456162
759403
869576
892503
511773
136626
626740
186146
845881
197982
112974
559992
60373
289010
929224
311535
798587
774487
539204
353877
115323
269518
356802
104866
794046
148059
30387
961970
375530
181886
633354
524646
859598
627632
887927
221256
756621
359984
219348
36637
710976
852200
339483
128553
501739
814236
35343
843535
186714
233022
684216
889818
562439
877665
809679
759950
716129
877660
302882
6505
988791
424564
169651
672251
35903
668202
985013
864462
525718
79892
98137
391709
99327
641190
147505
233545
847356
673119
51044
390675
813248
533288
762528
356118
893793
585934
885287
136605
380444
769697
105155
878516
712945
28231
849899
260805
235630
196685
778764
486274
103423
974742
738057
462320
166206
582387
796212
249901
249224
4066
619534
429680
617322
919476
82452
568766
53337
756775
663802
189000
900165
394004
315484
536450
297149
767788
783419
422989
788367
700289
632949
207427
580187
509258
157663
908689
400106
901283
262839
652225
536601
13829
431916
323011
189058
993488
715218
644150
857876
671521
965980
687574
776019
878887
777342
515548
170270
148741
755311
297257
24629
531077
872562
993382
760882
139786
297476
560872
81861
909417
684410
230168
915394
78715
2540
952275
756936
607253
784642
356776
834496
327125
56122
881483
724732
565347
798251
4619
475073
690558
765515
214541
401791
824989
268676
132527
668166
503886
117599
387568
838229
277201
115529
994984
602986
482265
566242
121376
552136
316189
432896
767998
944816
848266
287737
201537
397853
615220
46821
212285
545455
949927
7096
371939
102437
330790
360336
636373
368690
822015
893144
743880
68953
538423
183304
69287
16042
567851
915450
90819
656007
584239
226735
954016
561647
631329
874773
980709
141274
63415
694809
361341
934625
76911
457287
614225
857138
914920
511849
212461
557716
834517
346520
433465
380372
972683
227581
441217
920455
877503
823677
133887
102292
841936
235049
997359
298734
986850
859992
927457
503326
599232
27907
459043
362398
996277
669997
992330
16232
862416
973874
577369
250594
355492
74380
190829
987582
863596
977000
199634
689461
349068
833133
914632
216143
177712
985394
964338
457432
389611
227507
438464
623700
511206
98772
228656
263287
662780
552856
258142
595899
932377
266745
581075
249152
129458
232705
632968
104872
78117
367576
450290
138050
324418
947658
768466
630610
334414
929821
796750
529932
74596
416863
752279
169137
804085
852273
938471
511732
779607
99886
401193
746601
627842
190788
396788
225013
577944
161629
122492
999094
944839
73395
201320
322960
255795
704474
417582
616762
160460
713958
526686
88610
321506
398103
167706
986402
903114
50545
709498
12358
586048
814818
513465
947379
108139
822224
330741
853155
380609
374925
62127
35801
408365
312140
444774
924399
899850
68632
180748
31607
672600
75198
195237
917194
917154
285160
61805
6682
226083
674431
710648
406977
299613
89517
528490
545131
604945
594169
258565
252352
880446
816108
866125
40538
837691
438034
370935
755846
265788
673561
267954
507328
556843
503029
825518
991268
354059
479041
714257
798823
34659
118204
679718
713022
788267
217461
193254
490782
176575
306702
355477
827191
173680
985810
83847
294462
807935
527613
639565
359236
2344
745109
263731
652603
21117
667794
968353
738437
627291
391602
403553
937168
106044
625352
795788
528590
247973
547302
200963
666360
779062
78749
398122
345678
279224
460731
214469
742
589887
969667
351309
498583
1501
502492
675704
341564
194777
141292
767758
344025
184341
963905
978331
599389
735008
658139
207241
204922
247615
417588
923603
645406
205328
161335
32814
44331
174047
740752
65041
24288
262724
104154
877978
859829
2387
149587
989671
573675
838328
556695
366422
625703
616347
684708
236061
406341
155315
341989
282771
782561
168496
332868
844035
289315
999016
225881
127242
661494
221007
419208
593100
959127
567270
832648
680583
453083
720018
147444
974540
868713
256014
105279
904936
254586
867975
107543
904470
519055
257721
366493
474386
908380
875451
835209
734502
483096
15287
40362
456215
899203
866516
972122
659876
306224
821243
97248
200474
100355
890547
492820
30321
563311
260617
797345
968477
878452
262769
889697
22241
58153
893169
921890
523296
259886
685777
4501
450427
27364
64956
203668
736569
995396
367002
102191
91049
393646
979672
396424
970584
14680
938401
58359
489012
109011
519452
340538
252124
718276
832
302748
202017
205198
509801
121487
866958
483761
76094
396209
326393
982306
751526
676632
875060
412984
296341
31712
858619
526754
549848
341989
599556
22306
630821
26232
54850
465886
39730
66547
754439
937673
44785
542975
515751
502744
876747
505695
161489
208872
995805
949840
683591
582020
380709
167516
198662
202685
478338
333287
300053
624691
60694
352720
898171
735708
462481
192560
905774
577736
511362
927227
610835
982264
738845
266877
186306
858555
700660
821522
978630
6308
780543
674887
973114
944221
728935
188871
295116
654339
738205
678426
133301
308438
21004
397021
744313
538376
818981
203954
493506
183471
698701
535560
9371
160012
174049
2394
532991
970832
125662
62318
208175
319895
127017
720174
171406
217797
49708
601107
39302
862781
151633
670452
700257
906202
939288
588414
197282
481723
155548
420616
480848
819784
346074
31302
813656
685051
525658
985701
471644
818970
326270
103777
46936
133379
778224
667320
19122
462458
758798
288954
257621
916994
410647
247396
861095
454584
476685
626448
452083
550230
171139
40152
446222
69204
625183
173903
245870
175385
117450
792639
701602
482289
913925
239537
623531
860310
86
653060
542444
144676
672263
813133
920249
940835
916110
533170
470971
743217
983293
608982
296786
331552
636543
255242
146042
724640
149553
475439
886100
46254
498095
316220
54988
912944
505819
76877
151596
869533
189164
999137
165681
811713
95358
460566
348500
38270
688071
26526
342181
969152
17024
678752
730516
472739
411456
662971
498332
612140
414974
502629
454982
844308
672797
893714
647952
868512
927438
444106
250312
758636
207718
639012
158742
268470
325380
149065
892009
829881
52171
267570
446329
59087
866776
973437
694166
466915
307220
354221
591352
950593
281699
313652
43956
199897
293842
909995
961521
515547
47815
432239
209842
110385
63178
216440
55736
739750
422778
663432
265916
553156
845432
575476
165188
467121
409651
73077
413382
835447
678608
580902
334018
373825
158512
74187
505039
102733
284290
164787
545035
680957
701193
233312
463853
312762
875155
428349
187728
918575
475936
827834
270267
716331
368115
575129
201047
281418
318260
239486
340512
64104
399287
583158
934643
615461
729988
860389
309198
586841
657583
550210
286613
361043
579524
423999
27033
354379
674801
765813
449334
212577
883042
99089
638132
290296
2187
42107
254718
842829
341049
254461
422328
464677
884913
935747
174425
646992
481778
682842
764696
766132
831398
539075
184009
142460
534522
286670
713877
876024
676583
684911
517095
881855
685478
262052
286263
469835
621607
884003
381339
24542
394686
968848
267201
415522
45367
821408
103249
520693
127614
789705
738783
845345
313693
944206
493615
226822
38786
450536
552809
638296
408619
12067
789923
379267
322555
345771
180322
758697
19653
119497
141244
263351
806464
399290
904826
505519
554073
266662
134416
186033
226012
726878
518830
656581
949298
434776
835826
209088
532423
755226
823043
470856
419776
758539
619153
470425
418038
383090
411242
694325
242483
837239
613070
229213
642096
291000
787754
382125
272922
295817
582365
262757
320815
328147
714512
704760
821750
954081
356372
504223
85939
682895
137284
108788
649357
925083
965000
499556
39246
875512
433318
921650
865825
333806
401484
466171
572489
396620
620496
454343
827362
276999
145624
221964
453127
646470
273307
250698
183025
9700
676983
707161
847545
355825
771135
14151
608056
398054
468997
378362
614416
984496
584016
705947
802794
303304
341647
756597
252145
250359
587359
28575
860711
607096
216206
995063
259002
763466
57648
56632
867088
643439
165992
135065
781748
445603
611952
798501
7935
314706
436471
289466
109163
695774
139724
840710
498089
524732
474604
111986
812956
811352
941450
641209
788590
351928
123751
379452
925336
154085
827097
746768
51381
318314
226378
1513
377900
815228
753580
604370
578562
854659
819895
208084
816984
153453
523490
33392
643164
895580
89123
764376
896639
194798
28581
906580
558589
940090
972693
789467
730365
418757
933645
945796
596330
15233
953273
253167
657253
566430
110573
773886
710576
170762
165643
666979
335089
535470
232917
319175
6535
516189
889480
891213
222116
201935
743110
669499
621670
705341
469587
865404
483683
560134
986124
221681
993109
746208
836998
78021
379776
242934
808239
47551
13317
201129
89991
120663
13632
166388
582009
612236
604185
251281
794060
146780
651141
67461
755427
79526
34561
439327
669397
458832
133859
390376
345865
400688
136719
140682
256323
638449
924431
300999
228630
994444
430855
503469
72829
626052
437148
688825
264045
757229
614143
794035
97150
738213
273558
172360
397828
84888
758803
151321
103131
297659
363455
897749
542384
297686
131218
87488
57843
34478
650580
469196
782945
852838
810204
26354
784792
837198
826926
215768
341908
972787
176859
862381
286049
975024
492904
689682
731417
229364
637908
442628
215499
6833
253794
955209
255529
332828
210425
924690
559740
384700
100662
547219
209611
98855
74738
47131
306441
351294
944088
649923
541334
889301
786416
330486
312830
630389
303750
875068
642696
242206
581886
725763
738490
146571
384038
27544
240586
744001
844286
912491
949795
293886
965003
196133
607423
489172
570062
146959
543483
625748
99344
606156
988662
767934
726890
809185
579141
483805
595281
225167
864315
355874
397001
722460
266908
864692
229043
496628
866907
150554
473656
436588
341753
694384
254537
404343
950529
44486
323430
904052
83045
960637
988197
769988
289341
902784
669975
709036
626178
490624
888851
730038
908130
808630
613809
426631
111545
930243
569713
845401
494908
319599
331135
909267
619872
9294
7747
831688
614609
994836
118116
456734
881781
261856
281907
224147
265662
480322
929183
538838
328215
336109
903833
525012
483572
597523
326700
84014
149289
900952
820820
64708
961743
911482
154070
343252
996439
92236
127741
572283
282594
395433
8087
143232
878438
279419
530677
420906
455129
7274
21748
473311
373841
429546
802940
496260
608602
800584
909932
574886
83926
462814
887130
149139
993922
399385
579316
151368
549926
99345
712538
744885
102648
960209
23795
192678
308407
128983
130322
298208
95112
208788
993811
955324
288428
47762
808816
385132
317048
531065
349692
436861
275171
101332
735131
836754
523352
826019
966629
62895
767113
267970
499192
431955
954570
506032
114872
33851
700162
150622
445363
386374
379438
384082
458801
564421
245451
120244
890547
35369
642476
270408
733833
393068
723307
699787
659763
86335
987109
19035
755238
704783
70618
555621
45308
268735
354368
319649
875325
580498
849262
220778
223119
447901
684014
433281
671694
563213
953933
723154
191356
121412
77552
508768
108260
55380
241889
696542
462496
87989
850781
972021
193092
807813
19215
162642
387544
855766
53305
303406
643350
317740
834773
911184
297906
918701
708097
282778
495949
163669
5704
32593
723618
158508
972043
57551
772025
446504
766076
362064
883189
530773
878448
681328
745057
422310
855524
92916
130743
808666
127736
404629
836424
634360
800043
978099
825785
611250
247965
639943
526952
827617
221349
844184
28325
100841
663259
210691
920815
290847
810175
570987
283804
96403
812572
768111
407609
985858
220306
701422
697654
436727
966648
560137
202427
743486
378398
436705
542187
442822
913171
948730
259981
437095
112604
514130
15518
381173
424
166880
435615
697002
959006
190622
318131
987069
132723
167742
389278
246809
937065
798868
609632
695749
18894
915925
254270
978753
918971
545697
849257
19255
672134
509770
832519
327205
568060
608389
455133
816976
719052
875712
62461
723587
981862
177734
353606
398380
673022
900665
549618
775567
994473
129836
555659
519416
283196
62625
820375
235012
636816
68621
41507
461474
328802
455601
661865
283103
353981
13482
767080
572727
592473
415533
415656
201594
948198
41393
944162
598045
623296
524971
365428
104239
292034
269155
303100
760409
337970
256981
633678
384248
2493
12651
445857
794498
441697
797793
88190
968995
994845
750991
798903
624809
260066
744468
843490
726272
658861
617014
485009
663487
344118
315582
831117
809414
892032
565826
311466
938199
885528
73517
235667
912001
561693
545275
573814
857414
308326
127459
541741
398123
657178
181998
788319
261805
134717
800008
586353
25581
952749
885524
202668
243408
942110
617051
578425
933201
539772
809164
867041
978142
757262
472483
819162
887135
274888
208997
694181
644154
804627
98047
917616
486969
269257
246842
843578
694536
39612
197676
853821
770994
949037
809415
856176
982159
764228
583707
700868
571799
885272
819119
203111
437407
663746
132251
358308
501627
773286
165218
198067
177673
958594
880538
400092
668673
943239
989360
270455
742295
780790
106652
641038
118974
810374
498251
633658
352704
897498
30495
416191
330142
498573
376718
593776
475541
61277
252227
978298
642167
927819
61834
895407
253596
741649
206079
351057
574057
350445
835791
904987
610293
805406
636080
385383
622519
450563
319366
85086
753030
683755
341023
428263
282614
293472
783987
923460
237302
141381
539284
378917
852385
23937
379242
988469
605288
132485
166376
829285
440567
988800
202448
482593
475828
873896
495764
408224
818974
672346
719518
515352
758836
318344
263428
252043
17804
142408
51789
71154
279
57112
552020
199563
752389
587415
242685
410527
222123
227667
10353
337834
759866
221636
60056
776379
557935
800469
462203
306483
644009
657465
452277
129662
894454
100136
483429
967970
821306
618432
325746
825494
465203
259761
869364
214618
804814
73573
434169
432941
583161
566617
330060
129534
892021
527714
725234
174305
680255
569100
865128
850154
700127
61055
452811
218793
936330
469208
666638
128623
255437
698228
342713
594882
699520
293151
211029
819096
423769
632531
693934
808008
248709
762201
609951
460510
145025
545293
234776
331585
817695
689162
253637
892370
460284
187710
670577
659206
530384
351323
545619
28612
266403
455250
343411
432265
95352
879080
752613
964619
387115
299651
418030
558959
148191
786545
778652
859832
1453
299512
27698
613423
193629
540402
171869
35255
309840
294728
734548
360542
241147
805120
919592
217115
105080
301
689923
510997
524274
44268
602732
23112
573497
998449
703621
284321
699325
948372
202686
67849
465786
826749
372481
893096
136314
552142
722493
579356
242032
699018
815394
16226
765552
553895
910767
165996
201519
586146
362189
379087
163307
379484
976489
59560
925784
49929
424112
786570
280609
416485
882268
522014
157367
807610
105658
709254
258111
854048
961501
138924
211016
93672
640562
828150
751471
407530
378464
262946
788787
617183
953455
992586
880812
915705
33984
180360
485506
221902
143552
310056
399009
238073
703909
287114
83229
818645
367119
133141
833105
782329
489369
127591
293161
929589
880214
478727
469671
476968
474394
73732
649430
200788
829537
194860
38393
525114
851577
825843
933305
523402
526068
895590
849304
926219
837484
507193
783020
455412
548109
704789
800428
559486
452697
805716
613398
197661
65105
80223
653169
182301
550777
604580
267461
17222
604297
679913
935052
154811
960401
295180
528984
835983
785891
500162
278948
945741
452321
197127
320681
168637
205453
586914
870463
567508
31280
974154
11325
301452
887592
746814
649862
657756
783029
11264
803132
91309
995003
102101
741636
987225
796426
610337
567599
546492
71039
85878
869165
68177
454488
473507
702414
944325
205199
835781
817869
794272
123196
337860
237346
952380
62884
77934
314278
201318
275784
510360
975737
336628
175356
626802
319078
520055
92304
80348
852968
512074
878005
251495
143071
682043
149560
505542
757464
43903
314931
551756
164829
957817
477061
591392
943357
224727
828861
160569
321146
945207
782512
678764
281188
632447
63236
421559
597665
116985
825510
125955
358658
358969
512446
456151
577276
779002
817839
538907
793290
700192
57855
138736
351819
944696
214180
864655
299624
20936
688497
14919
464515
460726
939929
566935
556000
749323
99961
561163
135260
737093
360849
382793
100368
996093
382532
421322
694630
140588
904040
318837
996584
335846
579696
291809
612535
247598
585934
846092
402546
174835
811773
338947
514409
368272
357176
226917
466446
211417
275094
22571
633285
332354
476344
826109
690750
405162
733275
284919
758801
317705
142401
116681
82565
324294
787327
613606
351617
317355
390028
603586
316387
321964
12919
338481
189154
600120
759174
619469
888273
16796
204747
796630
610794
670472
681330
46045
622691
987835
252280
877709
887987
993292
16308
461778
453361
713385
610050
620647
178097
767141
473979
588766
357225
408081
396610
171913
153729
602991
168401
420354
570427
895857
511177
860511
97846
866242
311880
337003
360625
505567
906448
815753
979135
869979
502653
553196
937253
754281
850877
429895
47361
626000
356099
32764
269533
366465
130290
710568
359878
826738
525273
522193
387215
264945
662616
187103
683551
716580
342975
415039
485181
140538
694268
243813
531021
277765
718111
771676
641074
438254
405019
827664
688708
661139
45005
591383
273218
724732
52684
559995
91856
930624
471029
864039
931909
999939
431290
557791
924166
527661
580110
562168
925885
697573
833366
670317
817300
249778
484077
640875
833359
786021
721935
448790
691787
141962
848776
591843
653492
736620
803710
294333
542468
176309
272385
137896
697424
866760
991862
303796
879851
518769
620137
547755
692625
674937
21770
681833
648377
538753
756380
410900
986241
54133
443516
256696
646641
139182
903924
904311
288427
23898
168727
487552
42034
935421
521162
893461
405974
973402
193438
897902
800933
374978
30871
693281
169116
235955
491940
640333
466147
569360
760642
631938
852223
601136
745686
244245
674328
242180
19018
200191
990467
488475
532761
81659
887418
252726
540061
269869
223054
35555
815825
509643
517470
626920
565016
777601
839311
418639
380392
660803
752010
141874
668697
205979
747510
917722
520387
295501
682475
712542
673233
36369
829280
531300
950746
563975
243065
355873
44062
769559
480199
88109
788000
68378
870513
362362
131363
553320
955633
700344
161232
130253
163050
502172
350618
499884
625426
756703
891958
775033
454134
339575
943722
185763
908641
282991
306206
461540
744555
624066
398500
571244
199187
970746
400856
622630
798624
250401
756356
773580
955688
681489
113933
657217
332431
752180
518579
579245
187261
157130
176618
667158
618618
100753
245100
797801
762363
262725
283769
784781
771082
766970
328747
685877
7816
472836
532563
345259
211499
593860
911284
685550
162799
244142
317355
560202
206485
258742
26254
243079
979537
827226
113004
656813
332638
148769
219564
315907
757155
766026
26577
673740
73175
653611
738874
340785
368425
886979
188368
767915
178934
398089
949813
686687
165316
529264
671105
375777
767914
416020
940019
423
295656
114496
579761
479944
934532
617526
559105
519439
162354
762167
504113
545062
938421
353648
660805
271682
42619
493099
750264
475810
32102
171709
116119
859368
627103
284003
712393
235331
108781
51216
56828
400093
134163
567505
325754
276041
3150
191862
389101
71530
516835
59208
890942
291426
800011
885727
13895
294371
589571
699983
22410
453272
125717
23351
594608
341987
855004
39703
359093
113459
951356
508315
525910
107534
794531
546027
798879
629825
530790
828307
968947
672544
872584
605750
754814
929160
778797
531625
836857
648102
950107
232350
211398
137872
634485
790781
526393
120662
819393
675903
756917
327287
703116
665702
818663
219497
212218
459382
720616
240457
635049
113995
624490
171337
60578
685165
61925
342594
574739
830254
792098
165957
474575
35023
648761
328610
624417
704558
936664
125010
99646
630000
520875
766191
31756
351152
229905
118460
524898
958525
611699
947961
334411
248935
526757
318564
7934
440157
449127
72266
320602
168082
744616
69395
133656
370174
827310
704005
565006
821508
929054
176687
994712
664136
37106
447548
19606
323282
511849
397577
443382
401244
335681
342747
736808
309631
314802
779017
10299
695890
959782
166465
31699
269478
954353
966313
919124
292424
316475
467494
355539
278996
71603
436798
356721
2464
882818
549658
547284
739273
441395
867521
504948
678895
64074
667175
322958
320130
219874
205468
104140
300082
430041
930668
554196
22239
513471
89482
201543
73120
576220
561813
187388
177191
36391
278333
316845
863128
537980
289218
748394
87841
153217
650966
314356
561468
73100
331365
505043
194306
423776
310405
738581
252551
291464
837331
844396
377951
385567
275031
971286
46352
859910
790249
691444
993608
510079
478551
761649
624548
841151
352454
725984
198668
222029
802230
690212
633600
565907
157070
996936
175019
410417
663881
498935
652233
516707
725210
509252
451227
281749
359898
370618
572368
84825
484091
710620
17227
12356
932864
685352
569791
116541
368600
814651
442580
201130
733117
591598
831433
697756
251590
586853
320668
461489
219068
414766
399808
795828
489479
292433
75454
712564
870326
303683
376050
867068
242819
901322
575060
106511
739152
773525
356750
493546
107766
815423
642907
328673
434838
696564
129372
41472
318379
461312
202024
95641
496122
2436
716811
951548
952199
945792
804004
206479
534064
980891
170554
811711
962343
591893
772395
851273
32916
587052
322237
672068
424468
341578
702159
793517
468552
342221
798177
20361
191094
450470
675908
926539
748063
572402
931397
593215
887278
138233
720292
546593
737692
187754
371374
919823
825811
5681
414835
245459
506128
550849
314056
465387
969222
258876
531982
325217
517494
848239
224152
864234
23713
50493
857329
584647
461259
384703
645473
761659
483957
192148
595099
115059
819299
976955
622238
903093
648587
233039
506423
532865
974456
293446
739154
934852
594930
825675
160899
854225
469501
287166
128093
827081
418368
697171
579409
631480
77918
659941
654123
425632
452391
343737
548147
380034
146073
240660
754001
282986
236758
117287
616697
110939
843255
25333
406723
731162
484271
868559
162664
734316
283575
361444
61415
520583
194992
788638
846363
9895
527807
670144
964516
989467
581177
72790
128795
281569
711419
278090
637485
238799
728743
545253
46736
504446
28329
55675
612180
424344
673205
536045
747836
511140
189840
673406
484143
172039
761722
396013
120362
74733
694365
23251
176010
963047
726626
662374
417562
222854
917953
824527
492771
417644
115189
714651
897097
20692
439674
881826
5062
320781
396796
475141
260800
386290
119314
686396
368487
347809
327088
640696
601962
893855
589190
424162
806311
108755
624265
594624
87823
105017
87374
400824
965737
568654
569242
869835
814813
823764
154982
450216
807406
689716
413543
78538
703180
410633
209251
64587
440838
542944
321523
62874
675585
247913
141201
47078
170001
133714
12411
382752
2415
632688
661138
470191
906385
952810
560654
876509
41197
667206
913559
375563
924008
106705
561047
204516
451608
570893
714316
248312
504587
571093
700852
316263
735395
844350
330116
347954
210629
837196
696147
744388
45599
572148
659835
738074
445806
831885
441415
217543
77954
395188
200036
323148
560931
400547
890727
378451
542245
810336
439584
60241
396973
825878
279602
853386
89644
944647
4000
925382
605973
238107
301897
630553
503986
75687
916610
318829
625042
944325
371910
777261
543603
649056
139782
51923
81203
475739
786327
457396
161375
228820
968335
867420
858863
663824
699719
834351
556689
315768
737544
552704
975919
137418
994609
737085
900230
854617
942651
856021
838642
241713
768020
365409
350523
484377
879045
489158
575033
511904
964894
280919
429599
166663
400539
185112
468699
784232
182620
804962
704931
11313
47186
798617
327441
408573
256159
604396
558755
932363
712551
729045
296426
975197
121515
174152
205666
932618
541398
224202
733235
303139
702646
81312
209154
554588
722919
943621
205890
862510
304282
975993
223403
801619
163840
437809
240389
351828
603932
322539
178169
220212
877220
956277
823395
766174
590015
984164
770529
194685
516846
913784
26330
785959
878947
780108
524919
200290
879297
232620
513218
636561
50693
460642
39303
648940
495053
565493
461731
860259
64511
674665
650012
718204
930308
21095
900382
646040
423983
459719
504849
753557
594179
14828
526065
402057
290303
964682
701432
735550
812305
257915
171556
11396
936538
171836
625859
594554
195288
986002
870868
96129
481409
654200
856141
913234
710091
601808
83601
45125
470037
253140
362265
103686
740958
319953
189242
451936
487606
706942
649286
788353
142588
768727
601212
927527
924672
567068
796338
479042
354590
430834
240240
540042
531474
264619
570225
666191
56379
741208
651454
273383
69491
3144
67440
405558
801695
898745
286829
442485
589183
652822
427289
801748
353434
603424
477014
95957
490302
64077
936102
558032
294745
542683
591765
399794
896517
164938
817798
6298
906262
441670
963307
844974
357916
478708
654235
513125
90067
272522
309453
548641
601766
255992
211290
933936
491122
856084
233091
171235
710879
564405
616551
739965
528612
105708
992938
474753
402757
321141
941352
312356
883563
415726
312664
698423
697739
689956
836475
689145
846866
994818
228963
670121
257920
510243
170035
485496
282652
742199
841982
517490
406257
998106
72340
121995
758138
253971
15641
574561
948830
886243
582690
728016
181980
116790
985169
477015
553921
345436
344937
629683
305066
436796
350303
703337
303400
960112
595828
277132
729702
926440
326516
679155
443902
149571
315497
893298
250966
183732
640541
800902
678718
308722
975433
567165
566599
200518
417771
134196
512357
189731
129112
141824
435603
509922
813028
733908
974948
196828
243836
11161
202295
291582
368947
359758
866951
564493
880847
584228
936513
12661
142400
88884
15764
507946
391808
149062
175232
802703
22036
230829
765686
284043
356286
803496
442696
60854
259585
862344
381648
127464
9307
329346
889436
379452
145588
673535
798500
416675
161080
331169
150903
50852
948049
543995
659635
289718
962659
549433
88403
767314
37815
254789
275068
14454
260371
108195
539243
509048
838364
329305
698693
761613
740424
783773
455638
880349
4237
629922
645753
327071
273309
897114
751805
235735
735483
738586
692360
248200
149307
890726
730643
855356
577185
879279
239874
915264
965564
283207
680684
802826
695284
62762
495282
670587
904483
538145
544951
822254
602618
56512
434855
379135
688399
860758
200505
742992
932720
391855
31490
19177
541888
743630
151505
540691
704576
690198
967086
140401
746219
305779
381090
439885
120514
135810
4086
558616
681477
539339
287662
313037
71030
345776
564335
730038
864202
855678
255962
592260
968004
469999
106978
673722
146200
560467
90912
53481
582743
467131
668232
772643
719947
638362
272640
376497
910573
10485
597448
687381
885403
227262
224005
380152
462802
749140
129944
195584
575031
971061
302552
202356
455506
853426
261666
644923
762365
844982
501783
6140
480033
970325
684656
842190
117397
119358
837648
765930
699815
116515
84540
486792
181549
897821
413683
214360
961150
454432
62522
687734
565745
989006
320218
521308
269725
393370
151823
373165
141673
999298
202240
203966
151521
105079
127940
629746
539457
652129
614795
624732
665778
12464
569418
16205
406099
866751
69482
321080
320131
787263
676336
966307
171492
358236
891544
254199
802094
516675
162355
128487
54331
239296
705634
9822
220504
856222
652802
489834
952786
649170
886963
990932
256250
998237
727327
511451
775464
63903
391275
47733
126039
964926
268912
414375
780092
725942
106563
630719
196618
85278
271738
489263
836769
885118
271469
587516
309243
500039
927166
235793
153526
309262
419346
10745
490803
730692
970882
656097
795000
598423
682249
49316
559557
976859
861029
699100
816435
769959
772190
92236
88355
376305
237434
676435
275227
312574
418649
364859
920836
202832
735065
90292
268028
820497
508353
952756
96678
294422
982564
334649
305436
737025
450043
853100
775024
807136
240338
654794
4165
138440
669787
406945
589940
373586
942616
610007
792171
983002
900567
167608
543895
268723
876305
174787
153876
256665
979047
659105
226225
651709
231813
270964
697716
429541
601366
331426
610332
246603
274852
570630
238923
97055
568559
702262
146877
679306
554311
28705
546421
917270
276096
219044
547364
430834
939209
242298
205509
251699
418352
850273
329508
26034
479591
712494
13312
360147
257410
457714
63728
267800
507103
991359
586976
282650
969889
60678
473023
308390
947774
319276
782307
980181
49652
143813
339040
302727
208238
515830
686685
711287
881062
600789
31129
451371
562954
492281
829676
41292
133314
548926
204559
161394
761800
92294
988263
637113
87241
412406
90900
797606
901785
385741
546263
795054
339859
631560
784064
874338
570096
14932
61962
525594
473441
910202
537659
942825
15214
782038
109183
483022
614072
715629
567562
279437
709665
516211
105465
220966
886060
117625
55702
496192
976340
990835
655533
217546
497566
283337
114959
909476
667224
614290
106508
569547
208315
445026
838106
361161
161727
551317
558167
345040
335789
523167
812177
261515
564668
205599
773579
440013
966687
957288
953303
719608
750579
317537
243770
816459
781924
414731
692947
55734
880663
513881
274213
189317
301503
956444
25719
733560
789371
764190
754385
849288
943879
229415
465530
593961
883548
864368
148400
383874
865361
476969
622054
339245
877545
776818
663183
546566
287138
850950
608862
882202
182288
721227
747661
376801
312228
42873
915900
545133
715066
356344
553600
122648
468174
577894
10871
613589
254718
434642
690464
455865
566742
332156
64039
644557
543806
307353
975812
941282
378651
258419
307787
437664
237517
818330
757626
768083
572696
334658
733361
489549
285750
532523
310568
269100
16726
812609
480264
603272
766693
585236
238067
549500
335244
116652
923691
8837
155376
404429
400003
57630
401738
800276
357231
812907
328368
13710
223828
542039
134880
539136
563
678372
413184
285306
922003
20969
883474
4407
668336
404134
416485
763853
203843
185690
348968
594627
202266
174533
576884
512835
792703
144920
216628
436686
945850
793718
676423
569511
388083
833062
494050
987081
932314
185333
987800
107321
815317
117471
860644
623067
918390
791972
188962
654892
138770
717627
779852
207777
615732
522167
289069
72927
161518
398476
367300
319017
758020
119008
696942
99996
782273
169930
353999
702074
821672
941342
823011
578910
643036
31416
314023
619177
817399
473887
35906
488274
961846
97983
156187
122811
221054
971868
353387
238254
93496
474871
431467
938419
597650
164347
418205
123188
958396
876546
549238
864664
347970
346290
615368
828831
456716
838122
336930
92594
490626
6670
848884
397624
503121
775079
934156
508675
412842
522309
588738
194379
765015
308655
510390
712514
355404
109969
343616
765701
572472
163278
622241
254111
517267
559738
664951
251069
547860
599029
437546
11035
198412
225832
753098
442823
77770
226776
856637
939920
607629
185244
681725
238577
393699
510376
998164
281217
397344
404456
414946
218807
57107
627705
464755
122472
174752
352358
407580
902801
853708
328077
644200
536402
247918
299766
89084
268962
130963
13935
880087
898920
753018
163020
193667
891970
101508
256651
195869
662288
751908
58224
709911
239492
521409
404619
435494
633373
137349
746413
692090
304770
135351
107723
41416
532706
737361
981143
573073
407954
589779
692945
440844
358484
7127
266694
996815
491344
840222
291106
623229
325
384700
480701
858784
274696
589197
394764
849277
955091
13147
27334
703494
707205
305652
964841
6024
622375
874530
146816
955937
538150
974717
349952
404912
53996
972552
133056
740810
186499
957587
954713
286913
36783
703783
470733
597504
477853
60335
458045
708837
698599
720281
248030
3510
52001
218247
363558
748726
712178
620126
550004
185039
943355
330409
791244
713711
569762
393978
692327
940688
371030
962680
693762
865334
795848
651214
868690
269528
962335
298553
659115
516491
439673
932531
915552
239042
59875
783418
820036
91922
142954
562274
635374
130442
735345
991289
215922
541321
780007
506691
85935
564286
55142
410613
746474
29987
525346
849006
178795
929392
414135
340761
44782
606743
255259
522506
781914
601768
680835
569132
547714
96877
653461
879378
210546
480065
771341
574427
367767
394459
981892
767164
757120
470015
286122
419276
808491
603803
963615
661784
200812
584952
412676
7915
317832
661847
169529
155284
764626
586829
78076
609654
655829
244375
624024
95180
697587
705245
589049
391786
410112
990451
51497
572134
989420
603173
208976
151335
871480
425695
659356
200419
469581
910141
134163
534440
24002
66218
231228
581671
873450
460218
180029
536277
7965
844436
427972
719603
471740
831198
826515
434818
372015
974041
213425
54154
599686
910336
682252
98798
398046
855037
910246
205481
975346
448769
282116
763175
919632
722632
516425
683078
417588
434183
588954
746661
535710
900944
191779
188041
461697
70730
255194
645646
64
883832
395237
567705
626540
903392
935406
71139
245107
870196
659154
556848
76998
814592
344107
111882
902570
316175
298900
722113
852197
727106
361748
159602
3730
142610
301579
556024
215055
222407
755108
162747
759387
149466
548807
458438
242699
471707
483198
420395
989357
192430
686422
40787
570580
39540
608765
996688
146566
364040
198720
799414
859887
576955
775550
850522
427310
624924
29445
177891
152194
800657
734864
877302
847402
308763
727023
468954
946137
904915
139099
462820
513687
418586
629323
760862
443132
988473
682223
897771
6255
455929
978998
953527
290215
2230
710946
929088
950942
206378
133142
835704
341960
633835
215887
284837
468198
450006
994299
31659
190418
696960
493884
454116
61347
871176
358390
125823
652860
946307
231680
39968
842397
257761
828088
97646
347805
527875
92165
379456
197446
386374
571162
319304
968272
968791
423631
656977
166507
707318
895044
706819
192210
111504
520968
461271
56739
89257
705665
754035
768788
588203
609004
811292
16016
641489
934183
896367
141495
214868
911516
161740
591845
175081
92388
766545
732190
735089
531980
710414
409243
80469
977837
625288
203296
60558
520522
479524
379515
620436
699764
318533
788487
435196
182127
101031
264520
32820
242259
469573
648829
334925
957437
268024
383940
572957
797983
903950
34170
442227
143289
487339
3649
6464
723774
27176
303581
915526
912860
64404
937651
256795
698324
484441
655246
366071
482450
461023
598901
126658
523863
180009
27888
14644
981543
433855
482074
138199
264393
438681
480430
588164
428870
937476
780512
223035
894333
806380
698735
13858
480146
586537
987067
665311
52061
227931
877152
309362
837209
159666
113704
736550
677423
102552
468966
412436
667740
48897
194842
899151
47162
494594
443667
478035
193159
744686
287585
322034
248783
804
66079
775862
175875
446222
138732
868691
372112
439392
695287
417954
57028
320654
561750
308672
956049
623411
594375
610241
916699
45163
545397
571248
858741
122393
819499
585011
755245
688411
6120
23466
921228
959306
97498
986526
73935
62639
766762
388495
426760
815715
998213
302910
253245
845722
179357
411012
803003
426347
222307
576087
249765
905302
851714
850319
360418
103659
31752
364122
38624
899014
255957
242969
117743
997462
999543
264137
134552
536814
422306
820394
850663
424554
786456
715658
179691
916605
229303
762233
316891
277686
204643
172571
57085
659057
778117
893050
173128
69247
884728
119449
184918
383296
277284
219971
805520
15294
444978
146465
898146
474732
923024
985887
559640
114490
103934
958420
971603
115631
983649
812607
548060
872555
499054
507902
573661
650579
331191
655396
860658
830324
208064
353316
954831
344952
400263
524215
357629
607838
235693
703213
767129
934853
978408
587780
376977
378046
498550
393837
52084
136676
88756
977870
301950
131879
858333
732387
414306
899879
659582
18198
688494
703561
985481
105012
795705
639995
647663
989745
244907
945221
823976
271295
182500
148036
408492
282994
918359
503253
79329
206286
18740
382428
408359
406381
437483
431950
942057
973573
656407
952754
608695
980647
475341
108632
24193
696575
517713
492536
6536
731333
295263
346589
167340
695431
839533
787790
28415
959266
235621
823494
189424
679918
867571
450447
206365
941034
890360
482512
715410
212637
56815
476800
372479
807296
695329
389631
836487
913
766793
137800
288927
762763
496386
962053
517631
609210
228861
806759
792823
298346
115066
207263
886758
994448
384830
534466
19391
500811
287725
528032
566554
524514
616178
46940
410676
425851
310038
894626
339708
763279
989587
737643
110075
686446
716747
270261
885290
828933
760401
299495
229183
741277
595820
463628
969136
15295
130908
356129
346738
850704
991911
188112
454065
161743
108775
232042
497818
569101
292432
348851
779530
854293
933478
213559
742746
260681
386447
32727
921249
477431
180051
615800
933365
862476
595942
342585
509559
164299
547354
33897
217513
826514
618040
879400
862641
75876
606273
175513
825173
920341
543450
533268
712721
973587
924294
657275
268076
778274
602725
794928
401890
602008
172089
818405
92464
678519
857955
343618
514896
745493
23976
577878
208247
253899
844942
201795
804978
585344
84796
211772
255692
430751
623958
424889
261817
934254
170854
121361
244254
326857
754613
155384
204664
871556
194825
321679
916938
124591
31601
782971
513491
696223
41855
565492
745790
812989
696989
528182
432424
553272
222447
230534
350133
529420
522278
468721
204068
447187
317979
718803
806987
457494
851080
998626
913267
250640
813079
91493
156622
894643
983933
375338
974669
208697
876538
45225
73945
806099
529780
830450
321822
545281
161628
982613
133248
983757
506132
776320
952794
189223
242183
672016
116272
232567
759272
878612
652574
804252
615289
666712
92396
320318
758710
907815
193965
599115
69045
270794
458577
737603
628148
58515
206022
228719
22177
81561
929291
191259
978098
958756
559019
660117
509011
182729
502708
758605
132308
223870
485484
328788
502560
762942
287395
177987
75340
779693
744569
425388
365139
849552
228904
263277
363773
41268
964897
252812
385620
949146
78671
261923
443294
22714
338297
796061
150449
447792
772789
995699
255598
183993
709932
381363
442171
84871
203021
419923
336455
659971
577218
721432
198665
589630
801479
652141
234338
799706
134409
848686
489269
282374
933310
699319
47187
987063
570465
782258
462
919435
508696
718152
608463
885804
66584
201937
486664
662976
729099
374073
418739
822986
165656
375593
314564
749520
169285
602621
14567
272621
402563
828599
562899
734830
233789
458502
996569
80423
191154
241614
546739
878838
389568
630882
942027
121329
327418
753010
836315
899063
119909
904841
717002
690423
958609
803482
180953
746965
673373
401113
796468
340475
886079
196134
208083
761668
788714
167940
863589
825141
785072
425602
105432
898813
675430
142692
733854
331650
441252
867536
679660
609217
25894
65753
312467
348773
516144
969799
46768
437358
120850
559678
983842
328788
424447
722199
943378
323013
681427
276406
189208
587663
505043
698119
76863
526433
95691
838061
957982
252144
467840
738252
327680
395602
500886
657384
488022
223547
68132
447637
582857
319927
511335
39232
511967
450229
333512
318889
309419
535294
981698
454128
103253
694194
430109
6917
260550
620803
481854
856370
510598
805838
242433
270610
245725
3222
631193
659893
495306
911483
444852
206767
782866
571133
817175
929385
593641
93920
931331
24946
198236
889337
715033
747158
7000
362116
22529
894526
581293
451110
708834
732559
292571
148607
475743
528203
974588
475003
810668
554511
465174
521299
224472
237446
59229
506318
500317
222829
353871
448393
921024
768183
119928
758084
621167
693796
167375
281128
18739
44843
16593
492117
405073
389282
150331
324764
99163
209462
437785
949204
706231
141118
628812
861811
957354
394074
377275
455626
512790
609813
939627
460268
531000
472026
297822
437245
33477
460024
285754
569853
159313
747763
612022
60263
37401
81116
257375
186306
344756
183818
7777
696012
701907
600384
978584
834312
437306
778003
714533
44390
531091
293530
502243
948852
508170
830742
604598
901021
174418
889057
194980
920382
30795
596012
336598
271216
557841
653166
558594
468958
128327
119725
636060
887223
871789
934810
190250
738497
532844
476570
980303
725098
493870
864559
921466
330501
109540
841336
682659
678081
173571
302525
795912
784766
810437
188190
890806
398671
869078
162205
918152
493787
904899
959673
708801
739174
110906
647769
94263
264921
506767
308685
803645
949812
572258
248948
448496
816835
118106
919673
408651
427095
433655
245056
444125
909225
818485
604260
511313
50099
901682
623119
792419
338837
140720
804997
10549
915099
426113
506178
858136
263678
874427
960440
103853
242631
308416
414673
387708
758575
544584
484298
516626
79760
533501
841624
500474
12408
176112
620871
48707
423249
708954
187126
388616
175367
416364
737784
135558
968508
141869
700308
986493
716848
255184
660229
62192
731006
608202
346685
397552
929566
152748
70192
71784
842312
434123
17934
583575
848297
249693
411180
67479
704597
786128
266966
778665
578743
827098
934256
230023
497081
498836
19317
975107
309514
256684
704497
141222
146573
994424
389827
648742
822627
196732
357922
847430
58027
72511
720926
151523
279024
581560
404700
165876
570407
53049
841874
321834
509195
77168
114589
779180
921514
677382
69523
434873
452211
573216
87929
916817
626805
89468
683020
659554
926345
27469
843397
767502
322190
839539
427358
631484
959664
568853
795028
944023
546342
967129
878013
47859
995769
681441
998763
157142
426323
141836
235014
302129
386345
730185
851061
622521
890181
173588
796190
474202
919887
639977
713514
779368
281763
620013
721717
708762
477607
818241
177657
662950
157042
485294
190997
93733
879482
347303
520578
323022
567613
914541
155590
664792
358706
469041
292450
949031
99872
833921
75733
137243
919342
713918
141564
196726
438858
342859
239240
910677
130286
16494
611800
128732
86976
665844
799905
430455
954886
262044
325486
771236
36736
91946
229272
621085
180662
520432
85932
694866
174314
74899
402915
908253
348426
768618
261868
724919
298969
370603
342948
936411
295832
203654
632763
8048
998517
854101
494552
334816
488272
95962
966419
85980
993815
147725
282008
353291
564394
73288
4777
29676
544693
44318
574215
571341
276040
789623
184501
148412
187279
328289
1315
518927
630762
590502
407693
980992
358443
21125
866559
400974
604000
122327
871082
339996
2964
27325
260239
760861
982357
811613
702529
881082
997459
687914
230477
257563
150769
644178
625568
702907
69128
627768
339907
236121
915449
420088
638646
438676
331682
549274
554240
648025
36259
82173
819535
105345
127087
281585
149208
909485
643624
143971
817735
362955
658497
440433
561012
444489
493129
428969
771999
762579
184307
277270
464404
685658
52530
653478
722494
28524
336904
307493
792562
217440
33468
275931
866878
496722
78795
820951
560280
631009
866763
628286
412226
16839
633085
329758
273996
776214
127023
440628
432874
8178
588316
376918
915795
106632
465790
499591
51984
324672
494305
381984
319578
765482
438132
949821
848053
309641
654707
506359
360560
74228
7011
439242
478112
389850
987377
846301
815280
478004
420283
655200
612767
215070
202746
610989
270176
612406
246535
990590
103551
978284
518173
932798
202427
654578
9216
376874
200859
77661
401132
106360
924280
598193
987216
778374
760983
822968
255207
414595
709982
394079
903670
53123
860842
190259
628289
4953
852153
617368
854595
857271
19559
177864
603084
418174
165977
171235
921508
569079
190778
543046
395210
206224
474133
351206
488743
736585
413071
658115
61851
900605
253516
664063
198719
754851
888990
526003
764831
608698
128194
997902
229890
785114
607679
755911
972751
323827
856632
921003
104196
177946
516903
197872
521202
129461
636058
475778
300204
196545
415113
447770
375250
397155
227049
149578
772687
970096
160833
982631
416994
866051
670799
203256
581468
529039
308899
39322
619465
919274
819719
359970
270190
375838
906812
245129
20336
219350
366199
512027
412580
312887
163723
38816
741740
806284
803669
786272
638227
240717
299833
500116
790263
749123
945563
406376
121416
584036
548862
846428
61339
952817
23002
321420
6036
169175
184254
918995
920789
856606
259821
733902
266745
480375
583552
890104
599086
962369
969885
551907
861267
554466
162140
815202
372084
230935
78603
240026
901959
388982
880432
952571
599646
648962
883208
602586
464073
466775
653200
244216
893033
533464
795689
406446
510153
727239
476760
551796
619927
338902
108509
126180
962448
831368
363275
188239
352
817092
220721
216916
727596
348403
794833
424475
950726
256826
361536
621844
243241
39606
131793
858415
603823
925294
40220
976328
446084
680292
837131
415014
212541
489986
657742
394622
397275
122391
640211
323530
847642
612067
460363
841423
902515
785266
25741
379622
543481
936213
642967
177042
286406
965086
977636
856882
41066
231332
259802
464622
125448
488746
805257
688089
750697
178405
498890
891367
7292
836363
362351
375477
848274
15372
348204
605876
813743
300318
560433
432688
653063
580658
222233
275328
405513
135597
512624
486558
223979
576869
489185
593607
727837
480358
395635
420507
900153
19393
390025
731144
511330
854919
366827
215496
347374
780063
947736
887212
639519
893395
246744
265811
356509
921325
864461
494638
64129
629775
733900
833048
656383
443437
750030
831264
144485
55155
73238
256039
759743
159945
303323
268279
210326
604863
959180
224743
370016
225834
437868
515724
231299
200177
24249
25362
311845
843938
978404
662821
380809
706392
757929
274252
604127
740755
455253
370395
94186
31100
391674
257462
445091
413525
450349
764839
378708
72951
602040
642409
98488
160358
345204
950167
946472
926290
814951
920150
555958
489831
450885
13673
163183
906519
263915
153870
924671
996221
557507
322924
443518
654832
846057
368790
745966
313950
266848
751686
789192
624395
254501
954224
408388
117223
335750
779695
223716
976433
386144
468983
840661
56683
552938
557071
501051
17058
552799
376189
499681
608825
688061
839245
625637
319326
169220
14957
454294
233092
395912
167556
620465
687701
45967
520217
171029
501230
557734
807093
979197
311049
431093
980467
803440
911645
265646
405815
670511
119454
341532
507280
2319
77338
927681
868551
652379
461934
238936
684315
80417
418591
568567
662663
119365
500318
458238
67702
38545
630663
277776
874277
76584
441279
471327
507999
663770
531877
556527
278721
306603
701616
349282
323448
907275
451196
649258
952555
739492
608530
407965
252005
461237
671142
517193
228907
244519
127650
517477
349252
638039
94585
707590
39942
458241
872633
190474
752999
896187
585997
121829
932534
334664
525591
856802
576578
900304
69744
52279
150633
382
33272
961928
18099
735479
839377
769829
149226
999705
834520
308576
914910
443848
521898
837699
445473
186050
349766
972193
253303
811305
216941
603461
837568
610444
24548
392113
437820
131778
168296
127220
890776
769564
727741
685211
756018
983272
4032
450561
663233
528638
826860
629266
793753
368938
159567
253366
33108
723477
797803
262368
667894
199693
982648
905986
164107
579402
665179
958804
992199
338187
202601
245434
792111
71561
874656
227244
757819
635566
761406
542752
101818
246433
501129
917335
907322
978081
706870
715701
893770
309968
754708
544904
124738
330039
337155
793177
405067
97495
103443
626985
125498
430167
203889
798755
850783
206324
824289
115243
390449
513694
190162
251413
827583
167181
449925
902126
753536
418917
397526
50955
121454
841416
586559
933546
892185
903275
659670
268469
989462
270543
758159
184455
829790
208534
703890
220581
108034
888554
635097
373577
981642
804004
534666
223521
313363
938862
389923
785462
488413
895400
316035
695825
239064
416616
474402
564685
344824
33940
622739
286852
689807
211524
144945
355027
872160
20921
761291
165245
813872
418799
17956
674817
1599
107880
293873
372320
570296
387935
686459
944424
851813
127651
513191
706994
655663
308934
150060
713427
737986
731280
822302
838312
855613
571487
892146
235662
604054
390971
186798
856158
281997
29676
138921
771601
915495
139980
90796
567006
950497
911535
17870
870715
365588
256802
596313
869274
834824
47491
533155
356318
616283
15573
258592
168219
381118
542870
591669
261166
984627
74436
655495
71270
793312
278575
845985
270421
19491
165338
483664
251169
398728
554120
149131
356172
421016
437284
711780
258768
54227
271221
557606
93833
700571
236901
73236
214464
193311
93178
958850
219493
710415
551505
713493
754181
239298
441525
502648
981223
818271
61947
58119
805163
739178
997596
433620
694225
516142
863566
339665
298036
919427
256350
209226
792007
846971
868462
772032
666444
15269
933019
737613
163923
820509
427361
329491
898001
68381
84598
846419
939489
515281
325790
367032
875200
320680
935681
137507
615998
589802
197610
112131
800001
492210
63010
685770
144533
591005
581298
586602
938331
392463
944036
984069
905669
691619
706806
737502
431079
34838
747064
875983
449879
696417
559501
355988
165685
709488
826341
445231
281200
352770
768227
455121
176521
442493
666050
687810
813031
484316
113617
56362
567987
14466
5700
70525
526355
730285
664184
211488
321160
754569
948168
419983
648062
487766
34184
187085
423239
140680
2317
28320
762932
762342
108028
41196
243092
150634
351414
449298
229118
636250
620892
347817
537979
810254
581011
552001
697914
584874
56687
817071
174153
117473
332415
766443
45330
927133
67914
695460
318775
474358
90507
471884
938011
974273
133457
117541
860832
713894
296635
21353
664466
75223
73222
115960
763922
613758
871518
868366
646810
632577
304957
677869
220899
867227
842336
310180
417539
725605
900522
148020
336280
991428
195146
788177
194247
322854
338719
375413
514925
875468
909217
837967
55166
813150
125358
99664
251647
281920
889686
778541
601505
232649
650009
593694
646696
698514
245315
878469
76490
926960
317895
559666
198562
396271
531474
912264
917833
735466
559852
60330
429370
399550
739160
388471
218189
18597
644530
398738
365870
12676
504193
610435
128586
956133
998227
196997
668181
890732
140945
414770
892336
34323
191477
154391
688357
415090
175246
900517
130734
398882
377292
758871
895803
372146
208391
759575
205358
285630
187435
484140
35345
525952
802155
562863
258555
182129
261589
893950
740116
724392
940904
358593
31046
900758
829699
939751
420980
624198
735554
639377
907822
894547
15901
597742
702746
508235
380143
45318
353963
938194
777316
1700
313674
356222
577338
872595
616763
848478
25634
735803
37905
578104
540892
185073
768573
716802
165624
176730
872007
2604
907534
154565
855637
424168
519585
1422
73615
339428
951896
682679
618437
803615
129778
749641
447596
816629
574519
547180
802759
136020
586199
11145
660201
571576
590934
642004
919562
506679
633486
596779
720481
345569
275286
976994
162298
126862
343266
962636
956043
758798
20155
924650
816855
490229
699353
978031
596218
43318
988950
265094
393563
137873
321148
556785
237007
279478
630947
746128
343341
482344
420187
129787
419091
804899
665327
43354
387407
673923
784211
127935
514614
828504
834853
705183
588949
920155
80115
777800
676670
937829
388818
829069
355501
544290
699417
159011
240356
903101
276657
961784
473160
706613
658112
511095
428123
211713
866990
882706
240440
99395
560723
684859
481074
403965
117026
516187
153234
628963
490236
552103
261825
773079
155641
435328
735126
725007
697371
913713
681987
83626
91577
167256
393438
294701
50418
299346
259858
344885
187057
376902
890120
90559
346166
150542
678803
763975
452357
835161
56198
129259
146661
707276
70372
663968
788689
425306
247504
54178
162453
286447
565632
33912
48727
836085
495862
513796
29813
781637
671828
406676
456783
148801
803156
341739
210583
386069
148572
666127
737679
499741
830400
411045
259799
998624
980056
623439
656457
150382
980093
92955
786467
214287
427613
118828
403775
505336
989722
369952
681062
490446
721369
418842
787105
124559
140253
304055
374337
123128
427982
921775
36870
969755
537595
135211
459172
310644
610560
461955
362561
726033
689188
828317
13187
560859
681840
809360
505116
436236
249834
924673
478101
97003
857441
865850
72743
137005
468510
569753
202153
525208
281370
161328
713874
220337
133708
582378
702402
158468
745660
105863
686340
6689
443515
517937
725691
225393
621265
355577
484760
419228
416663
854606
611744
569221
585519
747530
62231
639914
94176
434607
690123
180094
187996
946586
281840
18384
88844
930836
979850
572071
693102
561251
767906
334399
192666
804541
159579
887404
499823
511032
701481
963846
179902
448142
360475
75354
589879
378226
523905
255186
723049
105301
504144
537798
70463
487977
400666
577406
22643
246151
187843
602154
303971
303723
484051
639999
458347
632320
695223
231063
241206
380017
946310
771531
811655
843124
139337
227966
612637
734582
978445
237939
207757
673232
693212
42744
583744
128620
458804
699781
427319
316698
146530
179179
513990
728699
545041
155895
314792
528967
184464
309936
940735
786471
139316
154543
19469
769167
497301
203634
590747
630289
844140
241457
593486
219296
30888
799306
133771
547844
643900
265348
569566
778497
950205
758424
775047
399526
606892
960586
506950
237128
826979
409159
245512
226625
268024
442697
762065
938187
797162
452260
976706
190094
387823
684257
413588
142847
187631
271117
307302
998090
494939
606393
699499
821400
938593
591999
831845
559796
909330
381970
526152
93205
24904
641675
917697
596728
842622
290267
876096
22831
164972
703054
218567
741110
972448
621916
253752
414818
759372
988167
595789
8415
664649
922923
649827
205513
325887
871242
942263
812405
955473
359843
457616
606354
815595
752447
287395
50793
419746
139314
702888
161192
517195
857201
156686
876271
184460
392408
200374
71690
507615
347347
91582
283784
571513
910996
747377
879095
838241
17697
980277
38185
763874
779452
738891
453551
102629
468564
608847
763766
394422
420395
452352
591518
584622
534673
971753
379603
154363
664679
571923
745712
957396
290506
304780
955218
309779
21588
398245
136390
693803
793982
77867
397115
382408
823957
245655
989588
653162
325856
834842
267769
298528
369701
439399
578719
436508
543090
649765
617248
292535
47250
215815
874148
727432
164361
499648
894600
37736
782575
194437
883722
920812
469690
296281
317329
904280
603550
908537
315401
192700
384160
897555
872991
413636
690189
570857
484037
611243
277134
473824
901846
660227
240760
455174
470814
36512
961312
158867
480426
962946
819381
396789
584753
189882
640522
167856
684458
249264
743169
610310
870617
799000
389809
276468
268919
966937
739130
767349
277080
191923
554398
199766
805132
924057
934698
97784
528
372747
627150
792180
883539
292
860152
588272
346969
371404
228476
793804
871347
514343
699350
767304
904853
900510
458683
398024
509852
776047
703354
537539
74211
591544
486013
507146
422901
670605
384345
557266
743777
283302
265535
767933
347547
744524
640966
24152
278707
917584
120364
604308
746506
0
0
0
0
0
0
0
0
0
0
0
0
0
0
