10000 100
19242
30844
35997
36109
50208
54064
58218
61881
63531
65651
82390
92636
100260
118046
122963
138488
156813
157026
162497
167170
200644
201471
227550
237620
238737
240073
255130
272698
285974
301755
339349
371231
395666
404941
408916
448220
449479
463772
465749
473523
480653
489574
507317
510732
517851
524226
524734
530792
542140
544073
547450
553115
559339
587742
600196
604337
615954
632414
633669
636717
643325
648736
655635
659397
661353
685820
692776
714545
717244
722011
725171
732696
733748
741009
742709
766424
778597
837273
846612
861862
879445
888731
895725
908854
914506
917990
928539
938470
940382
948328
948462
979111
5821
22097
45297
50869
52457
59568
61366
82228
154031
176687
177421
216142
226033
240023
245845
248517
264014
279994
284166
285017
291066
300259
317223
317615
325023
325066
329986
336071
336692
345293
355621
357955
393883
406392
426098
429202
431161
432973
440392
459435
459478
462307
464924
466174
468599
468666
476461
482147
489090
492377
493304
505313
510590
519890
529943
536266
541328
553871
556382
571188
575110
587469
600205
654958
660698
665868
679980
686898
691096
699236
701987
702941
732262
748321
759236
772050
780528
796611
798560
805300
813039
814786
838789
839427
870021
888495
893155
896384
914627
960864
967155
978988
992115
996155
999162
23341
39506
43042
46598
53134
58968
68375
72967
109418
116967
124008
145415
152762
153030
154312
169049
173070
173358
173549
175716
187402
198712
234671
235302
268567
276970
290385
295235
305791
308437
320418
326964
377269
387909
391492
391649
399548
404897
410095
411210
418347
422664
424491
425182
432492
438100
439150
440092
443864
446680
466059
466412
487968
488731
504293
510753
530915
549349
556085
557964
574396
574843
586086
602417
604092
622889
630911
633797
642598
654848
682492
705235
706261
711215
715983
722556
731712
738686
749028
768122
788940
801754
831533
833171
835405
868025
874827
881291
887792
899945
901060
901223
916586
921256
933483
960443
963625
974176
975230
6193
28086
31674
49227
67759
70060
70198
73271
75187
77658
97314
97557
113250
114611
118483
124075
126057
135107
144831
170759
173285
188446
202186
205012
222021
243791
249438
255206
256436
265719
273560
288757
298998
311705
324551
336473
342615
359253
373161
374001
374882
399791
416064
424414
445743
453587
464305
474572
474977
498243
514528
519995
520672
523424
530208
543223
543462
550282
568274
578745
589279
609172
611975
645743
659608
674954
696200
703229
710491
712881
720695
733648
744470
749463
752772
763426
770851
772621
781378
801179
807131
849719
858300
871113
871769
877819
891425
898141
899879
912080
926654
934221
941128
945526
951760
975023
975803
6103
10850
11108
11178
14661
20953
23971
37754
44745
51344
54256
60250
62163
87887
112415
119371
120248
121904
125193
148784
157979
168672
188820
189336
197706
211939
221915
222115
246238
246671
247256
260429
274673
284371
293135
298279
319013
320802
337158
338277
364160
370991
374942
376538
389269
396127
397109
407280
408659
418275
428609
436951
441133
461848
464472
478196
484157
500921
505247
509758
524864
528508
551501
554867
555915
556188
557513
557917
558358
564864
568674
569036
570958
571582
577257
602104
616780
619038
631814
641421
643576
667526
669910
678733
686113
697560
726896
733697
748852
761529
763566
765304
770493
779856
780450
806879
809336
813419
820397
870680
881389
882342
896213
898538
937382
942196
945529
951255
952540
965001
968566
972030
982720
994444
9996
10039
11697
28047
40850
54235
77092
78027
79557
81177
118722
146599
150956
157528
159704
173309
176181
180264
213659
236648
237014
247183
249102
251137
253584
266279
292459
294179
302931
307331
332946
344441
357396
361979
369257
375272
380607
393490
395723
398123
403070
404099
408242
408375
409460
416155
416800
432552
432887
442608
445357
446935
458945
463708
466939
487490
493271
499577
501368
505304
539147
540795
583619
586081
590217
591283
593256
605481
610111
623800
655184
658413
677436
685208
697107
698543
710041
735793
736042
739556
746286
746732
755865
777337
779718
779779
784855
793207
813782
821927
831858
834642
837123
846322
849044
861854
871346
872122
875763
877907
881773
889359
900972
932641
945156
952385
976557
984762
992485
12569
30831
36805
50422
53074
59546
68835
86360
143913
154443
168751
170640
178154
203598
223018
224721
225432
228689
230142
244447
258337
264157
265707
275588
294759
297581
305073
305972
308143
320935
327649
328931
343217
343487
345336
347113
347240
352574
360623
362477
366711
376151
399177
424362
427026
429526
441942
489976
494992
495106
498853
507993
516081
531591
571004
578451
585812
597034
599855
601381
607994
612913
638635
647657
658393
659949
697769
701403
705494
715578
729495
736176
747622
748924
765493
770058
797434
804609
808456
815099
831476
841483
856927
873714
881893
883283
884780
918119
920457
926072
940538
944223
963554
980974
993685
994101
994811
7721
12128
19432
22646
24848
26472
32528
47620
62953
65402
78884
89111
95172
96959
108245
139384
139928
140014
146561
147602
151789
153973
167849
173087
201416
213652
243452
248240
249309
280290
280891
295249
307334
309140
318096
321522
336248
342657
356899
372285
374681
378888
379992
413245
437771
448587
457141
481159
487234
498578
526592
546706
556880
578012
586022
590000
590807
608167
616349
633834
646945
648419
656952
689489
695773
703733
710869
715199
721473
740346
745401
749023
763593
771137
775675
778175
784209
785048
787409
795700
796916
834200
867305
870882
872004
924302
925516
938749
947257
952291
953629
977016
4442
23153
25844
26271
27189
28867
30177
41661
50446
54864
71247
75579
85605
99208
100858
116880
124393
136863
139391
154579
159245
159729
160705
182498
187160
198228
203052
203836
210407
215800
224767
238100
294135
297968
304812
319355
322825
322917
339567
341536
353883
386728
387000
388252
394326
402612
413990
414178
416134
422473
437823
446252
461461
472301
478667
490286
497965
504180
520866
522655
524807
544265
544514
555651
555837
562457
564072
607725
629119
632690
633436
636043
636263
676056
690874
692435
692872
699716
724963
731773
736597
743511
766092
767031
792009
794019
815461
817158
838843
865358
871274
886153
899362
911016
911104
912561
937100
937716
937932
953490
961116
3544
23836
24399
25078
30699
31818
60796
65484
75835
134576
136990
140235
141519
142398
150624
154792
186381
206589
209966
210461
227330
233227
235174
248522
249091
249635
279344
280432
284237
284590
312956
315748
317618
319072
323259
330027
334084
338992
340691
343375
351516
355052
361465
363692
369530
383352
383817
387403
391095
391835
395384
417654
445048
445606
455836
468029
507247
542075
542959
546535
555488
557571
561128
577701
598251
603752
606415
608531
612018
616156
636251
638004
658459
671662
673281
717749
725340
730354
740258
761926
763109
777377
784345
786156
786290
792665
797281
828522
829518
832999
835887
848798
875567
881315
884976
890179
901774
910352
910939
923870
927994
928123
946058
957604
967104
977735
991563
6910
11297
27652
29250
38536
45299
59640
82887
87948
97697
118991
121765
124453
144388
150025
150678
150909
169888
181412
192982
193788
212500
212723
223094
225039
255246
258580
277268
280889
293143
295881
298663
331267
334991
353998
356557
369891
372709
377432
379952
385109
387776
401936
403193
416142
426086
428714
431622
444075
458802
472042
477754
481394
494644
503733
509156
516327
532629
534044
549271
576004
600105
607405
624362
637712
639076
648541
657004
673026
676353
676561
684010
691143
695875
703140
714686
720758
724351
726721
729880
731724
733780
739259
743035
782090
786321
788274
798858
800851
810791
814155
817921
825225
831733
835910
842050
863386
873564
895360
898928
913930
922050
931216
937579
948333
949324
952418
956255
957342
958510
968494
968541
971020
972406
992853
997326
430
4417
27213
52743
78209
80648
87279
107274
107430
121887
123648
131801
161459
173887
186512
192527
199676
220189
226845
230753
242815
251929
257479
262683
274602
276885
299092
300600
311677
316285
319892
337067
341286
348561
357083
422310
438040
462745
476280
497179
505313
507269
515848
522827
547080
547141
571047
583553
595605
600000
601915
617364
622671
641879
651197
658410
659372
661194
663335
665382
673404
683020
700769
718095
731620
731788
742613
749038
753973
755569
757776
773916
779852
785507
801226
801852
804454
809161
826096
834167
847263
862314
889508
930096
937937
963629
966804
971170
984845
990215
991008
2241
4340
9213
13282
39559
53010
54259
99355
100921
104201
106124
111812
117913
126100
151166
168973
177448
191842
196390
256092
265526
281211
284461
286070
287604
291162
308317
315107
329222
333029
351502
353973
365231
366249
371488
386246
393414
395448
408858
440252
450630
461493
470682
475523
480756
484846
502831
505249
542171
568100
578086
579096
584260
585661
588914
591108
605810
627132
632232
632969
645738
647953
648554
650034
660020
662891
666383
681537
694711
730504
731260
746057
763198
772901
784704
799008
806003
806018
808481
817582
820910
823880
836978
837932
843734
863368
881235
882158
888424
890175
897096
900689
901778
922591
941569
948044
966281
978688
984684
984799
997577
2291
17562
29482
39426
46767
54565
64922
92666
103503
126898
131368
159456
167353
172266
183512
205850
209316
230444
256127
260485
288982
293907
298653
299612
302532
316430
326789
334400
342813
343789
356889
387786
390899
400962
405828
409584
417320
426346
449458
450395
460969
475785
495563
499936
517889
530586
542106
544738
545493
556395
575459
592463
593010
596280
600372
605463
623923
657150
674568
683238
703662
712143
720151
749533
750374
757270
762917
773590
779047
789479
804270
817775
826945
828934
831320
833774
836227
861706
877643
881274
886576
919143
921717
931650
982378
5302
13315
16437
19496
20142
20333
20353
27654
48585
49336
63095
66738
69061
72433
80692
112600
114838
118179
146850
150039
157188
157926
165385
171518
186802
188494
198528
207351
212347
231760
238319
239571
248876
250004
267551
268893
273081
285085
292051
297980
305469
321054
333474
356792
360988
377113
378802
399858
410381
420047
420237
430339
431661
458622
479682
486681
490572
506789
518057
530311
540451
553427
566696
567169
569200
570370
578071
590949
600824
604317
608921
632417
646512
652373
660484
667347
678625
685179
694230
696259
698627
718138
720906
722515
723304
727066
728672
729364
731354
739009
756243
758114
760696
762380
764076
766814
771472
774906
782549
792430
803210
804532
812816
814161
856762
906183
914999
922277
930025
931500
939827
940302
942756
947779
947921
959125
962545
964745
994587
2112
10083
15934
18309
37517
57937
74120
75382
83190
86439
104292
138922
149276
166603
172345
178291
180685
192411
206855
216182
239692
263903
292625
293162
300515
303156
321836
322089
347228
350400
351082
377196
379120
400331
411975
438608
443476
449279
477724
487799
511575
514706
523965
535491
536461
553312
559960
561194
583476
598551
616097
624420
627908
629565
630868
633523
638307
646591
683101
683864
693100
693916
700796
736660
743367
749488
788816
810199
817735
823227
823820
824893
826863
829013
855641
857432
870613
873333
893301
902758
924825
925025
934865
982344
990946
994286
4540
6257
10625
14036
14539
21652
55804
60393
71418
73937
74027
77837
79388
79455
81555
93306
95517
109261
134849
164555
172626
180025
224850
230710
239762
241434
258472
266995
269371
280161
289283
292011
293603
323031
333121
339172
370372
378725
384451
395895
402141
426719
441874
443096
452680
454025
456393
460204
480259
487171
502537
503795
507312
508530
538996
546962
554006
556720
572169
579908
621729
626206
634167
655404
674341
689156
705818
711117
721561
732214
734677
742963
762745
765394
770983
780112
783669
793940
794252
797234
801832
804363
816105
818101
820609
826288
836459
851704
865614
883232
896961
897596
901629
909116
969010
970692
974215
981656
982000
995054
995546
997853
3829
20662
45551
54892
57076
66586
80589
83856
101235
102428
107929
112613
127079
128881
143333
149575
149801
164272
179344
201224
216001
224932
242815
246114
248357
254002
266545
269205
277131
279212
284327
288171
299657
300482
305046
313354
317135
319835
321111
321859
349059
375217
391898
427422
430389
460807
477674
477892
482090
493420
500501
507502
521496
534142
570413
577640
578629
608507
613683
628325
633182
640072
648128
648636
651161
651853
669908
671014
676505
699381
703958
711486
726916
737915
769494
791744
793584
808162
808909
809020
816586
827205
834186
856251
874858
877941
880927
888645
890184
898509
901265
922829
931068
931192
932924
935806
938253
938919
946885
955320
964884
972059
978849
998114
3436
6276
27527
30779
35712
48677
70278
93403
96603
101554
103241
117524
126169
161883
171050
195728
201340
224061
233266
234003
237747
256486
263156
267826
272296
277949
282431
283075
288622
296598
298875
315908
328948
331770
362423
365001
374273
380002
386109
389154
406866
421391
424955
427134
462593
501174
504612
529586
531332
561646
569558
606278
607905
628053
640992
643544
645456
673268
676312
682989
683308
736838
739161
743559
748140
761530
768053
812381
813415
814268
822150
845231
848479
851446
858700
878773
892117
893460
895055
902392
902757
922344
922409
925167
928216
957362
958449
969194
974803
985415
985695
987381
4117
4874
13251
13931
22972
31971
41772
44163
49961
51581
54404
56078
62791
67515
93000
95288
102254
127954
130443
139702
169633
191396
198480
203711
207056
210377
222973
241537
263138
283665
313999
330355
334796
337033
347332
356160
356482
380182
381263
400655
405090
412391
414681
420509
421183
465211
477656
477891
488704
514383
559265
589678
611974
620575
623831
655801
661160
673934
676208
681640
699833
699877
712922
717386
721745
722486
744845
750696
751890
752658
762549
768659
770127
792759
798086
802069
821735
832828
852508
872615
887046
888056
911495
928539
932717
945733
946070
947366
957871
961268
987436
987768
994424
12656
26033
29836
37714
67910
81532
82408
87753
102637
108404
119113
133855
134332
141328
145184
146909
202777
205116
205373
225109
238348
251534
275232
294758
300774
311485
339541
340310
352948
358687
361616
376322
376999
397102
412746
414132
418876
420765
427826
429998
453232
454254
460492
461878
462208
464689
476996
481683
488963
490197
502135
509339
522701
523668
554967
645860
647806
662377
689794
696759
697408
728518
736789
743477
763371
787141
804742
824609
828706
855014
879096
880279
891201
904646
909103
927885
930026
930942
942406
942863
952045
962085
964713
969308
971546
975558
399
14413
14756
21225
36611
42140
60487
69929
87261
94717
106260
108103
121088
130043
134682
138778
154720
161859
172465
185831
189106
191575
196925
213580
221148
224026
231619
250242
262740
292165
299152
309040
345499
353245
356568
364054
366827
369103
377053
382027
382135
396736
409027
468392
493961
495303
517106
541265
545942
547187
549774
556814
567682
582735
598188
609380
610405
619446
636532
641928
647484
658247
662969
667521
667618
668590
671948
688106
698158
702105
707699
709965
709973
727593
757009
759085
780365
787897
788687
789409
801014
822388
838596
839796
840809
866005
874812
889011
907034
915407
920390
929239
935193
964365
993282
995324
996826
12230
39685
45911
69539
135821
143755
148484
163206
182549
182637
192904
209566
219766
222758
249216
254663
259390
307668
311963
312177
326487
353023
374107
377926
426051
426829
429640
434593
436066
438586
440999
456783
464721
470403
471236
483078
483943
500771
506764
507040
507921
509914
510548
517181
520566
530955
559550
570714
572754
576987
578029
579033
580230
592915
628698
641055
654885
655489
658596
659620
670946
681813
684766
693717
697105
736037
750171
752449
776557
779274
783916
788545
797375
798251
828915
837139
841229
841332
846210
870623
879016
888972
903560
945833
992852
1326
8432
9674
12764
16518
47939
69417
81219
82853
110388
112504
113081
117985
123875
131137
137290
143664
174252
180481
185546
196314
201377
206468
210828
211629
230069
235691
237887
248632
273854
276981
277653
286433
289361
293774
294360
309140
309438
309621
326183
332481
333890
370808
423612
424418
437787
449517
467507
471048
472607
490407
491141
493123
498338
503375
519155
520829
521518
530410
537288
541841
551816
568716
571077
577508
581464
591316
606452
652182
661118
669422
679542
684088
706510
744584
781034
785596
788086
791008
819532
828804
845692
878733
888111
907638
923109
976056
976267
980408
981246
983656
984579
991742
441
6104
62359
66595
73638
74452
78838
79550
105735
109385
112039
115476
115498
158133
160776
178540
180003
186624
187433
189783
190726
192714
195648
196902
210930
224362
225555
227864
243380
256942
290881
335226
336151
364867
407005
413401
420392
434374
438855
447540
473777
501141
508900
511346
514364
526170
559286
568945
574423
579423
586494
595257
602469
602579
604096
624485
632605
645695
646925
647939
669360
685924
695802
699678
714190
714533
731727
742355
743595
750595
750826
767411
782286
784341
787186
795461
813994
840435
842760
843574
848935
854000
859170
862686
875781
905851
910358
924039
930651
939570
941953
963262
991635
993739
999103
4061
8576
23451
24607
31160
32324
39783
42303
63214
87419
90355
91791
100780
109128
113790
114852
138679
145939
149063
161238
163133
164521
171573
184139
204899
238234
246959
261044
261287
267809
269840
277442
278219
278960
285638
294429
296853
299866
313628
325239
327511
330979
345263
350120
355518
362429
363145
372019
390951
404087
409081
413315
419559
426269
435459
444088
450768
460220
476673
479404
480807
530165
537142
537144
554281
569739
573768
574832
582403
608663
610654
614844
614964
619009
619395
628591
635469
661490
676407
679153
685651
687525
690532
697001
719058
729106
737114
739100
741445
745468
757019
769945
777031
828344
833818
846824
906065
915522
922977
953429
957268
970155
971096
983701
985165
829
3322
19697
26305
52776
53394
58791
59079
60611
64059
64183
74188
85912
123796
140846
145611
147188
150118
153701
162475
200215
222975
238726
253165
278757
287436
308741
313506
328238
328746
342545
345308
350919
384864
390590
390743
421163
423178
429782
432628
440754
449400
463774
472321
476507
476899
484052
511529
520288
524437
531371
534565
536984
537536
567277
571371
590673
597883
599592
622985
633578
664152
671470
686517
697467
707588
711218
718029
726248
735369
747748
755310
758453
771591
780645
786628
787369
787543
795522
795715
801728
816038
821498
822807
824201
826235
833871
853856
860434
861252
863734
866445
882178
888296
889561
893727
895072
896188
928144
938430
960152
961030
967465
975836
976329
984909
987067
991730
993525
997653
6378
12271
18676
23819
47990
73166
97551
113002
133212
143627
167235
179433
179534
189150
197393
233147
245216
256738
263930
265551
286957
295288
305870
324333
334275
341972
345345
353235
355763
389342
410975
423964
427790
462823
468854
476034
478816
510479
566278
578417
582314
587818
590047
600482
605947
612224
620245
626457
627748
627752
633133
645277
647439
654680
665720
705019
707617
711026
716320
718545
721363
730169
772703
782978
791474
795404
795536
833696
842174
856593
857587
858303
866531
886535
889631
894503
906548
907880
939466
944915
948062
953342
960953
977918
996583
3997
10098
17317
27915
31867
33433
37121
42030
44049
52407
68277
69138
77231
83380
88487
101373
109012
134241
143712
155435
155595
155637
161154
168760
171397
175637
184528
184944
198150
202118
220889
222373
226705
235620
245125
281815
301131
332340
340567
346280
350560
350790
358079
358187
374731
384608
386473
392579
398521
401395
419622
434493
439675
447029
455700
458514
474186
518095
531359
533724
534233
538496
545268
563533
565480
572463
576093
576360
590175
592673
599456
605412
616689
651740
686742
702699
713347
714989
717043
720659
722400
726951
761347
765156
776544
782744
783628
786138
816809
834936
864011
865068
870613
877536
882921
889764
893223
897759
915954
918722
919929
926383
952207
953674
958025
979501
984776
988600
988814
989568
3927
6543
23034
39902
42014
48746
65043
68468
68485
71460
88914
95926
110934
145487
152275
169202
177595
184769
195874
213686
219227
223134
226958
227367
227617
245357
248684
256530
284655
296034
305941
309860
310152
312614
315600
316526
330044
338166
339461
339597
347389
348606
363377
367895
379543
384079
435378
437622
445692
448744
449494
450095
458677
469174
475792
494296
515147
521765
528957
544115
558299
566776
602160
602934
610309
614028
617725
618723
622855
626472
626768
665294
677151
693712
709225
720872
727858
728339
741659
744722
765952
785066
816673
822538
850736
853103
863239
870283
895792
898740
907267
926645
934854
942524
954119
965073
977872
987911
990252
1390
9491
13097
33165
38074
47438
56719
57158
64319
65262
81334
83435
94687
105194
119074
132363
145511
151498
153286
154133
162914
176394
180748
186370
191901
201497
202392
217070
217444
219468
247233
248950
281791
288717
301153
309823
315165
332177
349829
350599
351223
361156
374601
391473
418206
427940
432093
446871
449802
457755
471356
479021
483927
495253
497457
526613
532500
539528
550188
558215
573427
573554
575166
581175
582531
583570
597519
613114
626096
671542
689510
695462
704113
711254
729101
745409
770014
820477
831917
839217
845485
850553
875244
905635
913628
933981
934699
940012
941979
945300
945305
960655
964792
965735
968370
974760
984914
295
10818
24151
35319
48464
68079
72953
111780
117445
117546
119987
125815
132132
149495
164906
167639
170322
173078
177218
209473
213714
216797
239702
249523
251476
256835
257887
272270
303498
317032
326165
329535
334737
341593
346112
348708
352373
366004
372675
373236
377929
382046
382775
407694
416477
425398
453420
468418
476849
490331
494711
501590
504312
515634
524834
526497
527014
527474
553461
556176
563311
572898
592278
593225
606004
623555
625303
627815
642590
652565
659197
662256
681858
689599
703304
716931
726327
744790
757158
758643
763616
769284
777012
777978
780453
782353
795434
798121
820271
824205
830013
832412
837445
863921
866177
871040
875345
891138
913393
921304
944082
953701
957433
958991
961014
965709
980787
24509
28303
39377
42962
52203
60718
70597
92346
122833
129393
138800
149302
151459
164218
186487
187207
191679
228896
261007
264350
290506
296058
300733
314633
318276
318863
319535
328749
344604
349453
374225
378065
378544
404316
423672
424191
440768
443463
451735
453752
456731
458168
493345
498211
499655
501814
502347
508911
520115
562002
580742
587814
599622
606435
612301
621550
627327
638525
643818
645836
647285
650642
658407
658546
675115
709586
727005
736003
740144
744477
748733
752356
754394
761515
763099
764185
765722
790842
793746
805323
810036
822462
823014
834616
853066
857367
862691
863956
864992
873578
887093
888147
889627
892344
894843
907786
915713
916291
948188
956923
967338
970051
973457
985299
986619
995424
1093
3708
22984
31691
34892
41241
49260
60482
64057
65195
71031
90703
92163
93409
96092
96495
98908
106005
119114
123516
133103
145389
145529
170081
183468
183943
222127
224502
242431
246717
253081
266995
279144
287456
294634
300890
306074
307380
316565
319073
325676
338887
343295
352350
365444
387870
389141
395922
408158
413989
453376
469766
470446
472142
478390
482151
496520
515166
519930
524542
538721
546591
557561
564420
567740
578241
582981
614315
639786
642862
648041
670745
674958
675851
694944
736849
760675
805219
811327
813307
824259
824652
848094
849112
851065
855413
855462
860408
881111
881537
888150
911301
911351
915427
916946
922080
971127
981097
991642
999279
1155
19991
38396
49049
50315
57847
61765
101877
138380
138689
164066
168634
169395
170117
185369
200485
202736
204420
207946
262890
275947
278422
279096
283998
301509
301736
305489
309269
310602
314997
333998
338067
346382
353115
360481
391014
398197
400366
412981
423392
429670
460272
464478
490667
494644
496932
497131
501979
503481
504336
510943
521760
527284
537152
538031
539059
564717
567074
571269
578046
590503
591057
615735
634549
637340
650230
651873
651994
654871
656698
658212
678196
707305
713500
784663
787753
796392
808721
809923
822519
826152
827035
845228
847240
849608
856465
869864
874664
875841
884901
902160
926447
927613
927793
928923
940459
945212
949026
963387
988870
2871
14120
17985
21485
25491
62572
79624
80094
99184
105409
113231
122166
138267
141077
150244
151733
154283
160242
160470
166439
168435
177835
179275
186829
187475
188521
192832
193857
214347
236219
247603
273507
289438
309542
309553
312412
324719
328808
328852
342440
342635
361974
380609
382979
389289
398447
417065
436503
449572
449658
450933
479646
509644
517201
518501
528177
530368
535951
539932
540846
541583
548199
562395
587606
618896
636198
637606
676191
678299
681679
692712
699812
700353
709662
709892
731655
733363
737234
748568
769051
782092
789339
820501
831917
839485
848031
848397
859180
859524
860080
860437
867352
904327
919853
971203
996694
559
1084
6977
14869
15850
21551
35311
52602
55477
57344
63113
85906
101232
120933
136176
141041
164176
223890
226392
246193
256686
300694
318626
323227
342295
358890
378690
382221
399478
430391
432058
446650
475861
479446
484693
493600
498961
503119
504312
522936
524396
528952
530717
534170
535463
540441
572177
572246
578020
589928
596499
613439
625830
635791
656199
659785
669759
669767
686349
697823
699114
721636
731054
745596
750230
750561
751018
763535
767528
767645
769785
807949
820473
833040
841164
841262
847317
848671
855836
856773
860942
862383
876103
881681
890125
914121
923123
941139
958332
976288
982928
993040
996801
998534
6076
35003
43373
49939
50618
76522
89853
108040
154691
157496
162385
163999
165000
169725
172278
174103
179868
182103
193593
194764
220847
230955
235064
236076
237062
281037
301502
320062
321791
324684
328097
328501
329266
356450
386879
415800
427275
433214
439867
440222
459946
462719
472616
480394
482821
485061
494750
508459
515700
531016
532073
535652
571599
598668
609146
614006
614444
618369
625782
649759
665986
677887
680721
689300
698038
707209
718734
730566
732768
747847
757702
759971
771926
786438
786709
788832
819758
820709
823147
828338
861711
866639
875588
877750
881589
881875
887605
896098
916015
931277
993395
3621
19446
33858
44927
45411
51171
60240
60305
75290
77768
96224
96377
132685
134388
144126
153069
159496
183354
184527
189861
206147
207085
244310
270356
291346
297441
304137
311201
314940
326984
344798
348307
389731
389990
391309
399444
424486
429216
432387
434172
456516
459810
467358
478893
499204
503618
513557
519516
525129
561706
570667
593431
608341
608637
613256
614269
618124
620181
623449
627344
634089
642182
645635
683068
686128
703302
738391
742557
749691
754799
773490
783348
787583
791740
796668
801386
805674
806498
811860
822959
834825
836393
844157
844854
858227
870193
883738
903185
926365
935598
948946
949720
950938
954833
958901
960583
966031
984240
995023
19212
25194
31949
37745
60563
64155
96013
105023
105819
106256
119221
124802
130410
131550
144683
145228
146041
166353
166671
184759
188112
217109
244887
256387
256897
260256
260501
268461
268471
271010
288707
305701
312327
313677
317418
328470
331920
341624
342137
388903
391930
399885
422823
424603
437013
437887
446043
446510
449077
481149
481714
487518
488886
503013
512001
536387
541547
551713
573280
601568
623363
626849
632033
638621
639928
709475
715596
735932
753759
773949
822447
843546
860309
868354
871173
904186
914510
915768
916467
923282
930060
950761
956449
966123
970596
976430
997997
13502
22414
29156
32509
33431
33832
37221
42933
48009
57959
60093
75855
80284
96291
98365
137555
140466
149390
179844
183533
202529
206939
234632
242515
251649
263958
264887
278587
281943
293818
298964
322151
326850
339415
343111
346791
352653
354096
362732
366507
373658
375168
399841
401191
403027
409221
420041
423688
443350
444864
451986
453164
484568
487699
488935
495136
500443
501564
538044
544389
562702
564742
568371
585117
585720
585883
598507
629040
629246
638863
642843
650451
654181
659610
660660
664196
705176
714881
725107
736160
737452
746648
757863
759998
787787
798578
811074
829229
835347
850239
859944
865667
868529
876599
876657
908267
917661
934112
942071
947342
962312
971857
974869
980651
996872
135
16635
23578
44392
60047
66987
70366
92123
92972
107014
107122
121587
131389
132025
135450
144495
174643
179718
197236
208951
211460
220951
224697
234779
249033
256247
281120
299779
306779
308522
313101
313405
315385
315444
343712
348809
365865
368664
390763
391886
396047
398099
400448
404067
437545
446151
446184
456464
457035
464927
484771
495757
532861
537844
589618
594001
618159
618532
620944
644059
646242
650149
652453
659459
665259
665315
672902
676503
698180
699052
705315
705951
708646
735786
742911
768059
777639
785398
796187
803999
831022
843827
854876
865315
871651
886438
909692
914244
925198
927527
931683
942904
946741
958758
958949
976389
984630
987178
990988
998625
12010
18746
30259
46260
54976
56332
90057
91538
92360
102225
109606
153698
157196
161155
169087
170055
179348
186385
188720
192955
197992
236569
242008
251035
261878
266150
269622
270313
280911
283429
285021
291846
336120
350922
354776
366682
405611
407931
409712
439799
439863
440892
444170
459413
477979
484754
485619
494265
496561
505785
510243
519972
538622
551123
562375
569237
592638
598986
604198
619848
626417
633022
649004
649178
676138
676436
681177
681753
682258
686575
690552
699312
703721
720565
735501
738292
742059
742603
747438
792758
809161
813625
815407
815850
821459
838453
843363
853822
855550
857884
858845
859497
859810
864804
874176
876313
891654
910368
913182
916434
925871
930831
932014
936707
944166
948048
982667
983339
989665
991348
991694
1230
5754
19584
20546
36372
45017
77096
93009
97464
97491
145663
145755
152814
157274
157782
185446
186107
188801
199960
203910
210636
226901
230346
232019
233591
237213
238306
255729
256894
281214
296804
311130
315023
338068
357310
357719
360345
387576
399049
405828
424589
424926
432971
433438
436780
440723
442016
456351
460656
466254
475951
479741
489589
500523
525461
565523
569987
575385
578596
580213
583069
587228
600372
625549
633058
662959
663114
669778
675938
681332
684680
695629
704409
711652
731016
735346
737854
762721
767194
772916
776898
801022
804929
808281
808467
822761
839930
848146
851990
862907
876945
879047
880829
897857
903869
907353
907926
909650
912582
923475
930216
961102
987772
14982
19947
25960
36880
43814
57910
74319
83016
108396
108663
115159
118147
120752
129746
141144
160173
181092
189757
212467
224490
262825
285891
293400
295803
303964
306413
307860
308062
319874
329424
331338
354711
365228
374226
383830
426666
436135
448866
453093
459661
462383
463126
498896
515751
541829
554284
560627
593311
597058
611151
611544
629573
632175
651615
653547
661815
671713
673325
675273
700239
701348
711857
725734
731103
744197
773120
789494
821517
828597
842181
848390
852698
856151
861122
869652
870179
876352
878741
888535
891950
915360
919335
939283
942887
945772
948864
953653
967398
971964
980655
996492
998223
4795
4890
27428
31048
39530
47917
67674
86955
92680
94677
106774
118448
130315
137651
148992
168185
170433
170537
181507
201795
203527
208105
213570
221840
231591
235488
261357
274195
279473
285002
292268
307687
323722
332945
360419
365252
368534
385950
386007
387026
387254
398152
409660
410979
416693
421314
429251
446623
462353
469512
478971
479474
479486
480334
519080
520100
549021
549704
560213
564459
576539
581264
582414
583594
587769
640372
661627
668950
670969
712628
722044
725067
730958
754309
765167
767352
774813
776559
778889
784143
803286
822840
852315
869405
900526
908411
931873
954545
960935
963144
966760
968825
995776
14062
16144
20073
21677
47488
49090
49760
69130
69659
95688
100117
105594
109043
124693
127612
160039
183781
202760
215052
226018
228706
233877
234747
241620
244527
245630
248744
260150
263366
265936
267740
268323
275137
279436
284387
298373
300771
304634
316484
316935
343805
354719
360587
377235
382405
412381
431851
440394
440684
441014
447246
449643
462443
464369
475440
481741
501006
507178
562424
588806
615298
621563
623105
663900
675317
680839
685688
700512
723952
724279
738988
741332
744103
769634
791697
800933
803370
804464
809730
822369
836377
843132
849474
858628
859670
859767
868683
874501
904464
909393
922290
924710
925070
925496
931687
942291
946274
985863
989277
994003
7860
13044
15933
27011
31971
41298
50000
58975
64024
82536
83229
91249
101506
103445
144262
166966
206846
208642
216047
218652
229989
247338
249713
265113
266047
272339
308252
311172
317042
325462
339651
343530
343618
355942
356020
359227
362948
374046
392012
392037
400034
419228
420845
429496
435137
451905
458740
460548
480755
495327
521029
527076
552955
564755
566466
587414
592497
598923
609212
639077
647601
651483
671398
671459
672773
675836
693254
699385
711018
725268
731858
741826
768330
775456
817051
821782
824071
831107
847128
849886
851411
855778
856084
864519
865491
885462
896597
900043
905933
913939
941307
945375
956187
979091
991656
4319
9133
23113
49099
53463
68693
69332
72619
74119
78214
78231
90931
91817
122223
125418
126075
131344
150711
155975
175293
185529
191491
212974
236518
264839
265354
269776
294678
297647
316217
342759
387648
390658
399938
407761
415428
430995
431521
445518
460562
464365
468935
472304
474894
489115
489736
489895
498332
498806
499942
508475
510452
513894
514249
517231
553173
567670
577833
587861
590780
601905
621259
630359
651209
657594
670817
675788
676901
677815
686532
690382
703309
710322
723060
728606
739990
761011
766737
768346
769449
791304
793848
795132
801345
812424
820254
825795
829412
838849
848765
876151
905260
939552
953384
963040
973307
975073
5839
56651
86866
88636
95831
121210
139974
143463
144902
144963
148647
167523
174118
175495
175980
202943
206017
235071
247923
275053
322002
322248
334913
339429
372279
379418
382516
385110
390753
395622
406449
422646
424773
446481
447395
447525
452173
467058
467877
470956
476728
476881
480300
480337
495121
519139
538542
556300
571634
587960
603172
627318
629246
636633
636696
639857
646778
649085
655865
664414
665163
672552
678413
692269
696684
707094
723801
726882
738779
740494
752130
760342
780462
781903
787697
803586
813495
818906
827976
856751
861372
865418
870327
870850
881051
884833
888855
897804
918164
922146
936925
946609
960563
968234
974376
979467
983369
997758
11379
13729
38556
57245
66481
73151
88708
104243
105876
108111
122357
126687
130365
132179
166833
173149
186465
191355
215820
223090
225731
230013
244315
247651
264248
279176
291190
296810
299670
299992
344005
350438
350569
367822
374719
393106
399647
404303
404976
410503
414435
416662
418347
425589
433610
434991
449647
458783
466657
485869
510840
511589
512844
512952
516865
527519
544037
546817
548652
582314
602600
602677
605518
625206
640716
657205
660007
660935
691588
698795
699791
709162
716032
732884
736149
739982
749285
750627
762334
765930
779956
783892
787913
791964
810642
819284
825214
828185
843671
854392
867168
872792
878662
895102
895437
896017
900286
900881
908330
909637
916554
918773
919289
920646
921533
944175
967586
970705
971711
14645
22324
22787
30602
39550
51594
75503
80349
117250
124692
132882
138680
159509
173717
186407
215435
218395
231099
253232
262443
277839
282289
302240
326290
350733
351297
351578
357146
361268
374886
377273
377280
380235
387300
392440
392972
399736
406385
408424
415843
431581
436531
439547
439659
465508
467683
480306
487416
561368
567826
576117
596873
606539
606599
620578
624560
627498
644873
650018
653761
656124
657055
674159
678791
681892
702085
706450
708537
719687
732909
743649
746784
751222
765863
772907
774084
780523
781187
789391
798744
807680
829524
843768
850527
859526
861400
869110
899010
913053
918154
947948
950579
962760
968827
974230
975219
976436
979656
982469
983542
19355
39836
43964
46746
63820
69264
79046
79916
122449
124436
128903
153861
163011
179361
184893
219521
220203
225165
236809
241008
241159
254437
264943
275072
280531
281890
293691
341391
345366
347586
352112
361597
365922
370346
387578
392467
395293
396939
424987
429188
429307
444254
446215
446237
446620
450185
451368
461961
466387
478087
479264
509906
511045
527607
528899
540505
559397
590163
599623
620156
620578
629113
633553
638524
647123
682125
689843
693522
735418
738800
754546
763199
795023
802648
804134
814392
814859
823429
826791
829817
830793
853504
854094
854150
867020
867399
888935
896775
906743
919897
926183
950241
951925
955465
958488
969998
992400
992944
994049
996983
17076
39951
62370
71814
77665
84332
96056
99342
100754
102663
108265
112963
114119
125657
137667
151889
157945
167845
167952
197219
212730
230225
231993
233090
239288
242649
259710
266488
272201
282458
296635
319041
319635
322483
330358
358728
370410
385540
386508
390937
401633
424279
427413
443781
460832
486466
498364
504248
516834
523752
559599
563306
566624
570964
571478
572841
576168
579721
585713
586146
594830
595245
602870
638306
661061
661403
662517
701865
712946
727098
734871
735963
744933
757616
760989
796665
805945
807809
809944
844231
845515
846344
847575
869777
870930
874717
876934
879962
885350
889958
894332
902533
910292
914828
917270
930620
933564
935484
956571
958923
964110
973803
980799
996430
3305
8936
9718
18709
27157
35561
57265
67780
73990
76522
95323
96839
97109
98401
100902
117489
118392
119713
126930
134749
138730
145089
174667
179028
180094
192106
201517
207862
209192
209340
214373
218819
240248
263075
272799
278825
278986
281160
288382
294674
312781
314630
336379
357442
368014
380107
418176
436174
454402
470941
476644
482672
494194
525975
533753
537248
548732
557968
563425
592541
596245
608166
624814
634959
641683
674985
683354
690086
710641
721530
724319
727229
729044
730969
763763
765084
770891
782250
799242
806714
813982
829333
842235
842657
850297
851305
855398
863343
885128
923030
926648
929899
953184
956751
957366
960280
963471
970597
973450
979476
988920
993516
994635
1640
3304
27782
32212
60273
64667
79134
82055
95525
98221
116503
131796
141752
154145
154445
155314
155517
156324
176737
181233
184214
192096
198717
214229
215829
217719
219548
220659
225877
239696
256318
256441
257868
293714
310945
326469
326522
329221
331336
336382
337951
339298
378481
384143
393403
396225
426784
427885
428028
439114
468367
475334
481680
484071
490984
495152
500093
504531
513349
515976
533214
536862
538146
553989
588823
596789
599417
610009
643901
646882
648403
671177
677492
681946
685590
699620
704054
720445
735896
738356
744166
746299
778946
797904
811006
840887
854335
867315
877339
886924
910983
924077
926750
961571
981761
982660
985617
990709
994767
11638
12189
13581
28973
31068
31290
34497
53156
70369
71666
74820
80057
85131
93942
100949
108195
111269
111303
116675
149982
157986
167126
189553
191656
201060
201422
205585
215066
216748
216861
229945
237579
247084
254318
275882
279801
280192
304995
308213
314628
325582
361234
361914
373579
375227
375818
375911
382683
385957
390189
395562
396702
404914
421903
423414
426993
429250
443197
453270
458764
468813
510079
528392
532281
547780
548076
551258
551487
559264
592972
601019
612419
639143
650789
650846
662358
688161
690690
693191
708954
715112
717029
741246
762204
784159
786633
786981
797437
799767
806700
815660
823601
829210
867601
880740
906304
907402
927066
932056
946924
950124
962684
969550
970637
980285
981462
984340
24874
32185
45915
47146
54894
63826
72921
80645
81392
81976
93091
98788
101395
103319
106055
110651
116423
124452
150550
151462
155442
158457
166402
178133
178678
180559
208865
212620
220194
233702
249040
249723
251402
259099
260244
271600
279264
295108
339447
368213
387939
391668
393993
419702
448169
458161
470381
470991
472150
501346
528599
529739
533015
547116
548796
549221
556839
577247
580500
581494
589404
593103
602486
609089
615173
618028
627951
638538
659172
662701
668167
669925
672492
685249
693181
694473
696569
711787
757448
760159
763219
769207
773376
787544
805118
813206
823327
838335
838953
842142
842579
845796
866000
896484
909245
910347
916919
922267
932004
932506
944952
971721
971879
974317
988438
992649
2341
7633
15855
42413
49482
54128
69518
102908
110987
133253
137329
140890
148034
148129
152324
156452
169448
171497
177336
177690
184064
195850
198768
200103
206220
222372
223546
226350
227744
240749
292704
307355
307973
317199
337723
343041
352307
358497
363506
400480
402684
433854
433964
448820
479232
485197
488250
494705
513170
518524
531930
534862
538047
549349
573566
577173
597318
601626
632864
656706
658871
665250
673260
692309
715265
723976
724242
746686
752070
754594
763995
768500
769930
784112
800559
816944
826533
836975
838810
855485
855949
869435
870220
874799
881821
908617
919494
919671
919764
934492
948990
958333
972619
977582
979283
993089
11056
22189
29660
39408
50348
60185
80925
97215
105012
112104
130863
134682
138885
143272
150088
151798
157400
163674
165238
167568
185696
208197
213814
223268
256799
259489
266539
270145
281223
295125
332917
340754
342345
344964
347273
350327
368516
374815
377534
380484
407322
419530
438752
449107
449888
490662
540804
555922
563882
570633
578103
583504
601920
606340
613152
627891
653158
661934
667252
669242
693322
714737
744908
767792
771166
778324
805864
828714
850233
853184
857334
857708
861473
870681
882263
887554
916030
918445
925210
928474
929895
930552
930791
949719
970885
988798
996749
2022
21412
53364
89467
96002
103234
107805
143377
154264
156666
173963
196995
199447
199839
218955
219031
222172
223657
228485
229644
271207
282709
292733
296700
297881
311021
330980
337958
347456
347574
398799
410566
412651
423617
429763
446069
449152
465309
466261
484199
523757
542214
551304
551978
558023
563633
592294
596787
601044
616230
628280
634092
652202
683382
698875
702861
718072
723957
728764
730361
736143
749328
749524
751922
772902
773906
781846
783668
794898
800764
805565
810930
817720
823476
827480
833520
855223
859301
867553
867658
868146
879490
890266
910710
917774
918087
935526
942767
953244
958470
961936
967667
977194
9810
21209
43822
45568
47784
47907
58301
62729
70507
74826
108353
108620
113880
142608
142986
158551
158724
167126
178708
189298
198455
215386
227017
232337
239202
239345
241837
255203
284512
290792
294766
300193
305114
308137
310885
323323
327235
328802
351077
355372
357300
368331
375561
390406
397274
443799
445521
445728
459588
461632
463348
468927
479479
486506
513808
517309
536719
536836
547117
548940
600639
602719
621984
623148
637547
638945
638995
643215
655336
676122
676895
681980
686884
700526
704756
705048
725337
734404
744590
767691
769757
772178
788996
807309
808114
821968
841186
841976
848298
849849
858547
865224
872539
884047
886206
890977
899191
906149
911321
914669
916004
917965
944425
957110
962233
973757
990008
998912
5800
10410
10481
19926
20056
20126
20615
23998
42969
56334
64459
78318
79650
80825
82906
88107
111106
123364
129707
135662
154618
159127
165503
173874
205351
205485
217724
242742
246276
282913
285737
287957
291975
302511
306235
309857
309952
320514
331104
332457
351876
359368
362063
372099
373535
381212
383361
390815
393481
409506
429978
433256
453931
456773
459179
460086
465646
477075
489491
490473
495346
499625
508004
510747
529196
530752
539013
543025
554075
566153
576139
593718
597017
598840
605351
606061
607421
621395
631808
634169
640742
645408
646912
651201
664971
670201
675658
677297
679803
682884
687339
695417
697139
712195
717715
729178
735393
743984
747381
749627
752823
763240
764662
767168
780810
781919
783235
792929
797779
806367
823079
834962
841753
849100
863765
865016
885302
889226
906008
913517
925741
942596
946951
957881
961831
970176
973596
4704
31106
33494
37065
46830
63051
64701
66756
75262
76796
80670
86792
87980
108985
122211
122212
140159
150938
158819
161186
168593
218026
237347
242570
269388
276459
280203
281944
289763
312762
315208
338648
349226
350928
351527
374042
393220
413686
415991
420097
450926
451910
460421
461894
463180
487193
494916
502216
509059
515676
523779
557147
560995
574465
580253
581568
590722
608100
612453
634732
641875
662636
664787
668787
692181
705275
711017
719543
731843
733730
735328
748203
749706
768136
775654
780631
800258
815813
816100
818307
821932
822155
823724
827594
847730
847949
872891
880702
891877
894702
907485
915732
921048
923540
926820
942428
949461
951514
990495
998539
3295
4493
21741
32022
36859
42476
44888
45591
48310
79001
89789
99249
114023
119128
128914
130560
132579
138606
141108
149378
151855
156409
157866
188447
196903
199782
219484
226021
228604
238059
239986
241537
242454
260729
263511
265205
282151
292203
292267
301301
301843
302816
323290
326915
351055
358233
367417
368681
368860
377232
381391
389803
393101
403360
410131
412728
418215
422135
425783
442193
443708
445381
447960
455609
464038
470339
477441
487090
511600
526029
541852
549435
557257
571504
580795
583986
608598
623673
627815
628354
632317
659660
662640
705967
710034
714156
716220
735230
735316
743246
765231
766368
768489
784851
786515
786839
792064
801034
803990
817878
821977
847882
913459
914743
922894
934980
936930
945056
955738
955945
960376
964905
966304
979055
981374
995854
50862
57431
59599
68080
76400
77158
86921
98378
126345
131502
134385
137255
152751
155871
156580
157993
164049
175326
181959
182696
202705
213140
216076
228814
234442
244734
246555
260946
263145
268258
272759
300778
319140
322077
334707
347335
370625
376227
385266
392221
392580
412623
415906
423860
444584
457688
465770
466984
472110
479380
483049
486261
501192
502182
504818
524659
535240
553983
559908
560856
567311
586810
606356
609574
620856
622242
623406
634324
645681
647726
667471
672352
673808
683736
718748
724204
729161
731216
735951
746411
746501
763778
771149
777856
780535
786357
809763
816920
819619
831902
840725
841986
869472
880534
881719
900610
908016
908604
909930
917792
918243
942913
944395
950844
951301
964361
968212
976078
983509
983969
998989
16865
17210
23406
52180
64487
82401
96886
127163
140729
162087
170312
174708
189621
191944
208777
228342
239313
239759
250069
308043
310755
360673
361610
364520
373295
378968
394983
408056
427148
428020
450521
480356
481521
521859
526491
527873
549093
552781
563348
564554
575058
580978
590062
606625
611331
611567
612785
622076
627479
642640
650404
656693
662704
669290
671543
693351
696932
717021
728488
730770
733592
738118
738275
750608
769110
780151
782939
788135
788210
801651
805004
806489
809571
818773
823453
846265
857810
858682
862516
869327
872358
872382
872925
892793
902567
908818
920271
924695
929229
929361
947436
965266
972329
978042
2535
4874
7000
17085
37581
38522
52511
65161
90840
100295
106615
114013
120444
131405
142658
147915
156829
160953
164506
177136
184820
207887
215001
222153
223750
282520
312915
326982
340777
405843
408701
416497
417174
422631
427778
430438
442577
445504
463748
477891
488722
495420
498770
499543
520041
520882
553133
555325
562747
569656
573518
580720
604397
614258
616881
636090
640482
651030
655012
655054
663573
667420
667549
672487
679742
681020
699191
699690
700230
719754
724063
724836
730910
737901
739461
774672
808369
809726
815348
827826
835696
843693
854082
869965
883404
884118
896135
901246
923255
936941
949706
967127
974759
981077
28307
30070
52666
63409
68410
68558
79386
88508
121115
134425
134426
153952
156569
163854
167452
174428
177505
179714
188737
238721
239911
267236
279055
285012
302760
324233
348975
359565
360450
362117
367112
372304
400752
402793
403091
405822
423525
433479
447668
478614
495838
499433
508290
531443
531917
535657
536307
547169
548630
563687
600558
601097
608437
619904
627557
640228
641975
651438
652032
657275
662005
664503
678034
685735
697288
711206
744819
745289
751310
765697
773398
780585
784662
787510
825751
837564
862606
867304
873091
879195
886101
902651
904721
905317
931604
942133
967908
978265
992166
997979
10930
14623
23255
30562
31257
41302
44827
48095
78420
90045
95587
105664
109101
115306
123802
126785
137104
137223
184223
215146
216082
229665
230447
230515
231212
231529
247694
253168
261733
270218
290370
325228
345590
353560
358342
360411
372740
384701
409646
424061
425448
432901
434121
456671
487613
496227
502604
536814
539944
548118
565528
573148
576736
577602
583044
600056
611554
616418
644515
660236
662320
690899
698943
723325
748886
752635
772813
778195
786748
807988
816246
822172
822816
832472
842401
845627
857835
886174
888187
905939
909985
914743
915558
916894
919758
925107
959790
963885
972195
975264
978923
994952
17006
24929
34429
37486
39472
58671
65549
66284
66457
75524
76393
96230
110963
118621
125349
141636
153887
157399
177996
205961
221879
225147
230333
249077
261993
276108
289368
298624
308596
314235
325099
332923
334973
349493
386187
407250
453125
456639
480534
498706
531059
539219
540077
543141
557909
565065
572064
578539
584308
623286
623348
632101
646825
654997
659955
688715
726860
739921
741663
744841
754503
754868
760970
762085
766297
772315
785039
789000
807991
812406
823817
828676
839274
840068
846971
868939
879309
882389
888412
890533
898886
910402
917304
923322
930328
940662
953855
954663
960387
991001
991590
3005
3763
7697
26281
39440
61625
72076
99320
107997
108767
115323
116070
123184
127818
138343
142982
152892
161459
161725
178844
179159
186902
192647
209464
215422
245965
252996
262985
272128
273682
282735
291742
308705
309459
321717
344892
359640
402160
402654
407155
419952
420910
428677
431264
447852
451235
464097
474245
493665
497834
498704
520695
533349
534052
551353
556244
568865
581246
590510
592652
605017
609034
618326
622584
638471
643970
646673
651203
661913
663497
680271
703252
707467
707493
711061
716616
719463
726937
729957
732674
752208
753082
770850
779367
786031
788346
789010
809874
830753
843623
844702
870290
877825
911682
916327
931227
959865
968637
970593
974138
983637
990479
994621
995694
4274
35539
39198
39296
45819
56406
61894
74939
76645
81625
111690
159106
185915
191341
196981
199667
217606
224105
243767
244022
251970
256621
258183
261218
270943
274814
283829
286010
287107
287619
288042
291851
296051
298147
303583
330795
338218
352742
353650
355429
379368
380251
390432
397364
400922
401036
424403
436106
437517
448085
455398
477652
488695
490843
508505
513421
517178
529062
544863
565657
581241
594377
594613
601355
605850
611720
647899
649672
652998
654648
657365
658988
679143
686328
687784
693036
693312
697546
725709
744422
785780
800845
816870
836739
847772
861390
868923
877575
879179
886079
888839
890087
898065
920595
964593
975113
999944
1103
14107
30329
46687
48842
54467
113861
117090
160298
165003
165359
166061
171988
193253
197134
224751
226969
229652
230198
244156
244441
244573
253390
254463
263460
265978
269121
294501
312025
316280
338381
342237
347300
354945
383851
384567
387789
402712
418365
424928
427446
430866
441118
459578
471335
481684
482846
487364
488307
489660
491191
499589
505538
516309
535551
539343
551524
563870
577817
582667
597440
605291
647017
659488
665575
691762
718574
724899
740418
761561
764741
773653
776781
809083
812564
817791
841288
857791
875435
890543
896236
897806
900844
910696
915036
956998
962846
992673
997177
29858
57830
64294
66169
72667
94019
97184
134411
153745
173324
176300
177723
180403
183560
196018
200042
201736
221925
236406
238167
245079
258031
258640
283432
286342
322047
323728
327910
332005
336825
338155
399779
407559
412086
421485
423798
436043
438037
448589
448916
449967
466383
470843
475533
475889
493584
501927
506066
508805
523133
543010
546849
560598
568344
576048
579008
582935
588293
589527
591284
594585
597354
613740
629285
630654
632099
632586
649403
653544
655295
658976
670445
681499
690772
694548
701245
706326
708614
714842
716797
717396
721941
725678
728790
740166
755304
759662
778829
784713
786807
787591
793178
795469
811213
822035
836324
837909
838937
849970
857619
876913
879958
892097
922468
937672
947078
953329
962680
981077
986256
989205
13416
18490
26146
43622
52809
63409
67455
84184
114481
133339
151655
176964
184701
187585
190786
200109
201662
224488
229494
302848
303834
318874
326727
342301
362344
379739
429556
432731
445002
447487
448845
456303
459903
460538
468700
472912
475743
489544
510884
514104
526991
529756
531272
569451
577853
582592
594483
627385
640227
647484
648802
650260
686952
696711
704580
706879
712791
715127
732700
766047
768689
772582
772614
773978
783595
788207
800683
816416
829421
832262
844933
879913
880600
909728
912371
933355
933684
937356
939819
965922
969933
982139
997273
5635
6563
47741
60091
86587
97436
121961
130329
139057
168246
173989
180273
180935
193252
193581
213877
233322
245571
246589
252310
262078
263331
287453
292869
305147
307258
341382
349281
349650
383742
408993
424895
460437
488003
498759
499287
504945
515035
515446
531030
552931
557802
574963
575208
584602
598000
630349
642657
643536
648207
651027
659305
659646
679489
688200
707703
712259
718195
739211
742356
752255
763086
769057
769243
769478
770327
820117
833191
836870
846594
850122
854533
869412
880693
907946
909330
911269
936000
944732
964446
966708
967619
973637
975495
978064
991070
994347
996807
686
16009
52166
81461
89079
93017
97981
104367
107152
109418
111866
120300
127113
129741
131079
137236
150594
169406
170858
176895
194411
197562
212638
236852
248669
260717
305868
306842
313496
321704
325680
335391
361560
378513
382557
389558
393609
394095
402987
427563
428154
432729
435099
437633
473746
480676
481009
494333
497540
506359
513305
522089
537321
537618
539254
565785
570576
585611
591306
595428
599965
606468
630674
662040
666201
670358
679658
680483
684920
686873
691302
693589
694150
702273
729630
735125
739372
747463
747499
748454
758880
773865
809886
817521
825840
842960
864610
883326
895146
904614
909478
910643
929637
938168
958649
964567
966160
967061
982928
986872
8267
17434
24874
43717
103150
126596
140174
141869
142118
174180
193783
211821
213082
241308
247596
258841
287779
332014
337263
340524
348296
349635
350709
375253
400680
415344
432937
447742
453734
454834
457654
473906
476019
480623
485636
490423
493079
513111
518452
523321
526506
532620
548400
563063
569255
572989
573702
589635
590397
591329
597852
597906
662946
704682
704821
731368
735335
735781
748812
749419
750170
760657
773421
773585
778360
781735
795130
812095
823036
837816
843269
850827
852297
857317
874915
875023
890621
937447
950979
962503
964862
975137
977478
2707
6233
18379
26123
44292
49178
50636
54887
65673
69633
90295
94322
107445
107631
110096
122475
134952
144619
182121
186876
190473
220734
234209
236121
236138
247918
257915
258396
261265
264265
275917
277984
290639
294272
319067
319753
326240
347737
363720
364967
377853
417396
424077
430443
433334
442858
447441
472232
483482
490969
497632
508916
518612
521830
524756
529143
578298
579332
582397
585333
607361
612743
622593
631618
633663
635690
649813
694137
697339
730029
737979
754032
766675
768312
768675
780889
793346
795804
796761
805725
834559
842863
862922
863487
872500
897166
952636
953378
957077
958666
959742
964536
975855
15623
22384
23594
32276
43731
53909
57879
67697
70514
70777
75805
77802
82878
89350
91003
132851
194550
206496
213591
213970
231566
236662
246317
257082
265084
272456
273867
295091
296416
309162
318295
337857
338805
361705
369310
373459
374895
383879
387523
387533
391836
392780
406111
420300
436725
445398
451955
455522
455910
457525
459117
464199
471363
473448
487435
493603
498822
515488
547384
563669
566679
568903
572939
576649
576696
576918
577423
583632
587625
588974
600363
612226
635664
642621
648748
650039
658800
662151
665922
674040
682499
688750
701977
710950
715244
738501
758914
772999
774081
775218
778713
789687
796519
797072
797958
811289
816164
823903
827680
834556
839976
867757
904171
919320
922138
926011
932467
951254
952981
953156
964173
975111
989773
991143
6231
8546
9532
10400
13018
21656
50801
81423
82061
86235
118020
133399
139148
148271
152521
153586
170319
179233
194085
196467
213108
217479
219017
224248
225151
230563
231583
238061
258560
267623
274615
274695
285594
295067
311330
337853
362743
365565
381854
397611
398566
401391
409244
411553
414728
440423
456981
465476
469038
474711
482255
515343
528503
540422
556330
582751
585911
593604
597443
600374
603068
606166
609982
610215
616891
622696
623967
624833
629610
655100
675481
701255
711107
721086
726763
736726
748498
748760
755446
756951
760136
766680
772518
772629
779836
805688
837854
843158
858760
861892
861895
889557
892886
895526
904998
905375
931017
941020
947268
947894
950357
966232
14212
17360
44345
45119
47509
73533
79786
93035
94375
99462
106193
124016
126742
136402
139864
141736
141991
146139
166686
174677
200650
207103
227076
247770
268383
269935
288076
314333
314600
318452
336620
337907
340708
348429
355071
368740
373051
404652
411994
423203
427849
437779
445613
449345
452594
452955
473856
484359
487000
499416
506245
517063
519784
520547
529991
561095
575139
580290
584411
590406
595934
602165
604163
607429
611348
611776
613966
622472
624555
632401
650902
661391
670219
674339
682034
687106
701795
737762
741298
746828
761527
775941
783417
783614
794438
796244
799432
806454
826635
827538
855872
857835
865006
873621
896899
898392
906637
928679
951004
970869
974552
977081
999517
2706
29032
38551
43581
48450
70830
95782
97315
101956
105992
118756
120978
124937
125438
128063
136772
145525
159669
160871
161557
189164
200199
201922
220349
232263
241057
280064
283271
284660
314661
356267
370162
370807
375413
378709
395035
400056
401721
406595
413075
418728
419832
421910
429022
439225
440221
444962
448988
468638
482374
488573
500782
507732
513216
541251
558194
573666
578687
581041
592220
598387
609498
610064
612363
619333
634211
645704
656522
661639
693666
707416
736313
748530
760081
765824
770357
793445
808895
826867
829637
834884
846581
850084
851469
858630
860704
868458
873247
877663
900149
921238
921240
921378
933468
935134
937957
945745
946469
954224
964016
989217
7186
9864
23855
41817
65532
70580
82293
142320
160042
166935
171423
179655
185641
198965
217099
219695
222524
226722
228624
245726
245934
246394
254695
270177
272054
281928
286515
288893
299667
303291
308361
320858
341945
356955
381000
398509
399324
399923
428691
434401
467785
472836
474302
476025
496972
508593
510805
518926
519508
529812
539323
539409
540811
554807
563587
583931
596272
610047
617569
621348
653607
665808
688321
688955
713842
717655
724881
737297
765678
766418
768873
775138
786189
789415
831295
839025
845205
849025
851761
854495
855591
860405
861364
862711
876777
891197
898849
909428
910832
933561
944065
948194
976281
993903
2572
16834
20487
23091
25575
30554
32266
33363
71263
77284
105895
115954
125443
128805
132106
142619
160830
167687
188722
192124
204358
215459
219691
225785
240207
244366
274665
279900
300006
304152
313824
315403
316477
322473
336057
340634
351045
356343
359387
370516
383085
396725
403073
430977
432613
445986
446597
455272
472161
472704
476045
487200
517103
523007
529881
543910
547569
552139
554868
580684
583894
589426
606627
609902
629880
632837
642488
650485
652742
656609
666494
669379
680940
681752
720213
723075
753979
758958
806527
822674
840653
878869
886391
952743
953086
963985
978374
980520
998698
6664
16420
24200
26865
40216
43822
53877
69176
71499
89177
90215
105403
108412
112546
114664
123562
129845
137396
152540
155327
158828
158901
160371
173976
176574
185875
192987
197003
203283
222217
236154
240385
250834
254340
260540
264610
275376
275637
311348
320901
330717
353188
357767
375125
382159
399265
407013
416680
445877
460560
460653
479377
500196
510877
514853
521744
523743
530318
546360
548658
575358
580171
580895
596335
602371
603335
616982
617860
620827
623749
643695
647589
648947
656374
670777
681837
686933
689441
702311
709833
736229
738817
742711
748811
748912
767701
772498
777606
794404
805379
811144
813422
815237
823750
826682
831653
869498
879728
914935
936934
940624
966022
973393
989605
15054
18520
30871
31616
33832
57290
57701
73526
75310
104997
125134
130629
134027
139035
158602
176886
183302
201498
203210
207893
208262
225169
227493
237201
259819
265836
267178
277449
286766
288963
321972
326251
342046
361109
369608
378588
380445
408099
414698
415050
420231
447792
463195
476845
479256
482086
492442
493406
506638
509531
518177
548249
561566
569690
575533
589360
606417
615844
626457
627133
628683
629047
630972
642432
643380
656948
673877
676178
686270
695365
698221
726167
745265
746584
748665
758949
759509
769020
776601
791199
793461
793718
836188
839496
842226
856476
861196
867032
879941
891050
911649
914270
916699
940049
960507
965613
976901
986267
990635
11164
35392
42782
47823
55985
73964
81257
85442
121666
168752
177360
180095
189836
194173
203102
204655
204674
214640
215282
217614
239391
244696
255233
263824
266811
269404
283454
284818
288642
301246
309336
340621
355577
356382
358853
367447
375423
393039
408933
409193
414220
426858
428206
431953
460618
466376
476019
484211
486664
499292
504257
505768
513477
519541
522437
532146
540613
574679
577700
581014
619982
643293
646341
679779
713213
718491
725658
731880
733903
750463
755954
763312
766196
776826
782882
789618
815833
872236
881330
890815
903064
908281
908605
909387
932930
933740
945131
953586
961983
963793
965454
965799
972239
973031
986405
997037
17143
37466
45511
54478
71857
76703
91548
109189
114973
126897
135542
157266
163320
169154
183323
187947
188428
201261
264790
268053
271055
281009
285068
288507
316574
332460
345485
352680
366392
369725
378649
395411
400214
402295
417570
421715
422263
432917
440584
442545
460616
476082
478599
501327
510019
516997
526211
532801
566416
569453
573783
590527
593741
594531
598149
600405
602573
603997
607351
613570
616270
620497
630353
631037
645784
660800
661875
675739
689798
694057
712923
713817
716932
720690
720721
725266
725584
729660
731837
738885
756489
760181
761147
764221
774825
782845
800924
806769
810689
829251
861435
880151
888109
888739
894620
897439
905461
919190
920699
943373
952453
953928
957048
969307
982048
995804
997482
4478
13139
16043
21350
23743
25073
60086
83723
91999
114548
136366
146838
154902
162086
162996
179181
190642
191704
216970
222663
232412
236578
247828
253576
260588
267665
269837
272693
314498
321195
328147
332512
333601
334676
342504
355919
359309
376489
414541
434176
438572
448814
448860
449805
450966
456071
466116
467497
495762
505703
510035
519841
525687
531789
538867
567015
569465
573307
602990
610754
615504
618332
621940
621949
626422
637563
638608
642794
649409
649525
658452
661134
682499
684593
686662
688711
693934
712411
728272
728348
738041
743575
749573
754371
759853
767717
804408
810649
811604
812565
836600
863625
872747
874734
877598
886417
895075
912581
927088
936204
940430
969207
978927
993559
995406
9690
16802
28978
37811
39356
52293
69816
75011
97970
144233
145487
152040
154466
155571
165360
170303
219557
223781
250633
263497
267775
268698
280271
299213
301433
306676
321112
321535
330566
347843
348615
359832
384476
384782
421970
422998
428725
429811
477608
494874
495253
495691
502999
504621
520854
523068
523591
527641
542229
558368
570546
611670
629783
629872
635429
653531
670198
676490
715318
725254
734545
749752
753500
761290
766541
772227
801054
823800
826541
832635
850630
854581
856175
872940
879393
885941
898305
902158
911559
917112
926333
936256
940862
953980
992049
996299
20121
89055
89683
94557
98201
105502
106907
128049
133611
147634
159744
161424
185232
205468
224131
227493
248166
257569
259438
260745
266799
271535
279227
291346
315603
323759
343889
347546
361777
370970
372796
377325
398012
402931
438637
465282
492069
508878
510756
511369
515885
535658
547793
565430
570689
571409
583076
589173
602548
606040
611153
617108
634853
643639
657012
659791
697743
716985
732748
732876
735058
736825
740120
755992
760940
773996
779389
780980
786521
792321
794550
798525
807423
820612
822641
840031
842778
846394
856460
888664
889696
913639
919746
921649
936060
947211
957849
958186
972804
975815
7726
27456
30248
34936
35733
89791
97485
98704
108932
151885
153673
163171
169089
192593
193594
197544
242651
255935
256245
259343
272203
295402
302278
304120
304285
306004
327663
330130
338884
348510
354501
356720
360179
360658
367798
370635
377642
378879
396583
397191
404143
411995
419718
438437
484275
495507
500637
546423
550346
566158
572558
596810
599367
602994
609576
626722
627038
650190
656778
661097
669408
673956
674196
709872
710834
719215
721509
725782
727034
730188
734625
740331
805492
818389
820201
828812
831282
831365
831774
839346
843682
857690
867378
888547
902767
910857
912731
929734
949776
957566
969246
984542
994420
34395
39107
40160
49733
53887
58648
63746
68579
74384
82749
97084
105403
109485
127638
134886
135698
155997
166757
170701
171407
209017
228817
246348
246966
261364
267037
288843
289722
307756
309306
309799
316282
350074
350208
350891
354851
359887
363720
367735
370997
376149
387874
389962
408244
412067
427944
430162
439814
484977
490120
492118
525682
531865
543633
550335
570552
581257
591570
602098
617470
625220
627550
628350
634782
666268
670632
693662
705451
707975
729056
746085
747149
756408
784325
787222
808459
813330
815826
825664
838572
854840
877866
893339
894167
906230
910031
918676
939684
943597
948171
955167
966027
975565
975647
978928
3534
21921
26118
60908
67871
74151
85935
87558
102663
127781
149911
158742
186748
202000
206220
229175
238296
248235
252250
255150
290453
297589
334486
334931
341372
349251
354472
394291
399410
399757
433176
433483
435154
445731
453806
472363
481534
488102
489498
501933
520363
559339
561521
576756
585455
589101
631521
632028
641614
642392
649242
666182
685557
685865
692272
699212
712948
713380
749601
767693
769888
778589
784296
806448
808475
809007
813223
835600
838605
854259
873407
883410
929783
934240
945062
948438
951659
953804
958290
964869
967335
990118
992271
992755
6997
18968
28381
38353
45116
50338
82408
82528
94640
102855
113122
114136
118000
121555
129855
143180
150981
152591
164134
201285
204731
205038
211253
217786
219050
222920
227893
232603
233304
244399
256338
296542
302311
312247
316158
318092
318973
332165
342290
384464
384730
389627
390101
393019
396847
410820
419097
453912
462895
465035
465277
469050
476787
484880
486724
494987
496343
504145
504602
537493
539257
547154
547660
558112
558960
591187
608388
609340
614062
617538
625276
655941
656861
660524
668745
671403
672615
677815
703553
707367
713654
718263
727431
765492
768494
781235
785586
789051
801794
804397
805604
809583
832365
859005
861115
868230
870414
895014
895685
899225
900471
911174
916490
922909
930467
932675
946540
958002
964115
967094
972433
976934
984527
985353
998132
11652
19235
23135
41881
58807
60450
63116
76154
77133
102043
129214
147174
161589
164394
164989
177041
186845
205240
207621
215124
216547
227956
234416
240434
240805
243596
249069
256870
262364
281539
288534
289737
328134
339435
349297
351753
362593
363845
366419
369674
370555
383167
426371
429989
437278
437281
447322
454457
456026
467085
472511
472527
483422
483552
488071
491261
508664
530012
548535
557045
566819
567342
569597
572277
589624
608503
621190
628415
642006
648827
664954
665722
679040
682187
699442
703589
709785
728440
731758
732774
744376
751286
755111
759118
786624
789413
796379
822385
823265
826317
827196
845648
849503
856690
861089
868230
889684
894198
899800
936498
946273
949533
950492
950536
959487
969439
999918
6992
7073
14868
29568
30088
32593
39084
44250
58183
64404
81326
94116
98155
107546
107622
108269
117264
121413
122059
128305
138014
140770
143487
148834
157137
162496
164784
177896
222842
232689
238945
263844
264256
266493
268536
272530
285172
288689
291785
310637
320994
324342
333783
334789
338781
340605
358008
376407
377842
381946
396987
442916
464279
485318
553408
563052
564860
570651
575790
581345
598498
622581
629000
630532
644472
645682
650197
652611
653327
658830
665785
673947
677238
677652
680363
681857
685313
686938
687240
696618
711506
720108
721032
740555
745320
753988
766014
775901
792751
807154
809234
813445
818860
835176
837671
842193
858676
862771
879962
882914
890919
908239
923074
930551
942423
953975
957154
962729
962771
972827
985156
992374
2117
4873
34759
43975
44282
69014
73785
76283
77840
79652
84777
85136
89545
101398
104331
107809
108727
109789
137306
144752
152694
158566
176160
189616
200058
205064
233474
244090
253354
255809
261669
267108
289560
315601
328981
345296
365943
366962
368828
373966
376839
379435
411061
420880
421998
430013
466487
484153
495214
500500
505501
525561
528096
551985
552318
562508
562566
566427
577591
577795
583084
594438
594900
597454
599314
616172
617040
620648
621826
630419
634121
654468
656196
671325
683191
687789
689285
689777
695481
713784
722205
725882
743515
749566
759748
780539
819841
848555
852657
853414
866559
872297
883096
890985
896350
904895
910720
941295
948682
963904
972044
980334
998841
0
0
0
0
0
0
0
0
0
0
0
0
0
0
0
0
0
0
0
0
0
0
0
0
0
0
0
0
0
0
0
0
0
0
0
0
0
0
0
0
0
0
0
0
0
0
0
0
0
0
0
0
0
0
0
0
0
0
0
0
0
0
0
0
0
0
0
0
0
0
0
0
0
0
0
0
0
0
0
0
0
0
0
0
0
0
0
0
0
0
0
0
0
0
0
0
0
0
