10000 4968
277613
609670
590504
85677
289577
119164
117283
63442
653230
437305
81048
963527
48268
384349
493597
572738
738011
434908
735953
676764
677641
733238
752650
979816
735761
375699
259212
918164
37990
688841
381595
886514
164744
297943
697296
454188
671658
861478
317135
433821
491262
654242
226700
752853
50718
839935
711478
806816
21708
741095
498014
919798
219047
448260
269723
62554
578626
669054
253244
919362
532015
786440
587595
628675
97566
477766
672273
332065
50098
920657
18854
500686
362375
867630
518612
267811
444417
865533
418271
522536
803133
134480
251847
215943
961130
4
93034
644151
828403
204015
191573
346631
131247
198712
892667
328276
111259
153526
660632
610539
207025
293812
434396
982403
4398
783943
384571
306187
296366
235360
218687
130934
172018
841124
74014
877406
612444
532272
774522
274206
635639
768078
595856
508410
898281
783559
131394
919585
801244
365304
157092
91142
578498
665366
687823
827780
609621
150365
369745
358021
522288
655457
579531
489530
517612
535637
463419
315324
763483
96188
568996
892892
406745
335670
856694
226989
514403
926002
721981
837728
265217
513967
291082
707286
434910
35320
75564
746187
138797
938716
654642
263738
602975
591861
887943
161851
989972
932905
437011
508611
217677
471996
987031
194453
243419
797664
727569
597151
109212
951648
399998
876642
593217
676349
723407
952064
789648
960983
887267
26126
759796
314300
485888
610654
383028
94313
447670
373130
257206
120121
573328
847856
268995
495571
519236
589463
772669
66656
612785
629955
897513
463921
988902
678222
193080
511843
281914
134619
224423
292112
638881
602226
859203
185194
504098
550883
576654
293122
133210
135052
607618
527045
100527
984547
529760
611450
37174
154332
460323
225388
544754
54259
628744
120333
469796
244942
345087
390451
632474
230681
615401
708966
324715
580943
909261
614339
442190
586830
551906
245607
521011
411217
204869
760019
103143
60529
786793
689570
258106
121813
67917
442191
926326
311913
124616
576113
978516
452877
72796
743131
875098
388249
458201
741873
676189
435570
419298
844670
359979
617607
787049
30061
872010
618502
430689
458148
769576
790871
417817
671492
843441
58644
149111
979784
579558
926122
836658
233947
507731
733044
399155
742445
711914
2943
450332
934468
711044
526397
535062
119316
517645
916542
815691
477031
794076
381795
303856
280549
906838
884649
238694
979140
920258
748079
895577
253442
172869
18615
877432
90807
378655
647522
601205
343850
638790
908938
92426
631903
794494
100431
357990
882190
54354
681073
246952
955800
702043
962007
907043
960048
356762
206058
490721
518325
271533
2317
499217
190445
462913
278227
360588
741502
983832
219259
896287
254869
956544
350140
94894
412100
176751
485813
501194
453802
208565
207842
946207
62419
158266
41300
881631
133444
562917
458011
11731
283552
676948
979155
91927
604603
521565
606234
998688
506975
543927
346829
388646
557659
686441
513223
708957
178871
657825
784570
132093
142187
663441
876223
310451
616059
454108
824274
910359
779845
584898
74620
219520
83234
106747
234881
481944
376529
432797
825307
113649
156454
909466
904611
491500
501078
715891
961172
167528
973035
354555
736918
765247
834851
722811
409111
557884
780933
120257
678319
378779
428438
380471
399677
469073
800551
57790
127277
707577
263395
499380
582739
308659
531725
669634
242320
652188
238696
152540
686469
648229
844974
556332
795341
647670
459892
110206
332996
325724
302547
286876
942500
991791
318624
580611
492119
551735
127228
452463
851986
403950
646672
181081
964912
424653
38316
199451
595538
754036
948706
122833
318589
288655
998495
187176
913535
61325
230628
582856
777821
983010
901805
594362
142959
421252
776744
848495
441130
228838
909380
98256
855562
823598
571112
587367
980377
270330
842179
475619
28599
325037
414223
92938
444209
787633
276199
514809
904699
311488
762551
459246
738969
603012
479648
358942
440917
265433
562172
816747
943217
832050
220818
536774
321712
100439
33848
435165
49810
320551
814252
842811
608142
672084
494765
428175
416808
692322
759009
839537
338674
276228
625183
294973
165893
122190
288036
985012
388028
92728
578534
486746
496214
801633
975861
671317
781740
503532
966138
246462
311624
106001
371970
579252
457014
255234
46209
576389
4600
716024
701118
123192
455859
964918
469252
604203
640014
599897
474161
300860
419079
774981
739646
771302
28595
851964
513506
456731
131353
970587
477924
324481
614997
212097
150701
354684
915899
402050
89122
185843
584563
450106
211701
994706
214153
961579
768579
212046
433027
453929
899436
986595
777722
712937
805949
12305
102651
273032
262871
538367
867173
250131
40924
130953
53148
850452
135856
728275
123812
242854
255792
385366
304198
838393
968457
570427
676862
569980
237287
11320
1495
606763
467508
910664
286141
738690
976880
914179
604365
320007
463652
143134
155322
527550
266758
339306
493370
985266
752207
407433
781062
153226
820573
297602
416301
998674
55224
562909
613960
608610
690815
92248
389825
598219
326808
979145
174615
291128
559114
777938
571117
449356
37103
288100
934656
834959
184641
422721
672012
494064
250315
766377
524677
326757
964373
922532
890345
56764
725846
450964
163855
715024
97647
403465
375110
89675
77459
251453
76048
463161
828727
404744
112090
689054
97067
371665
656057
703696
384412
245771
240202
225064
816833
693734
618106
672659
611197
445429
766807
425806
445887
460409
62664
603852
548377
122177
297987
562680
498102
830479
48885
718040
219510
868279
619096
375063
389539
711267
817917
841287
317068
698779
36578
523785
679917
980281
729631
257559
227505
728001
375202
789233
378144
602979
47642
522853
939630
251548
563976
712503
571541
235119
809084
143212
802677
984134
492309
554817
143526
972210
99957
593631
752583
375999
669795
273948
12996
300232
6905
308563
343299
875414
766073
611827
815974
712287
368929
667157
811200
584392
607910
716938
660540
612416
474276
57863
371871
968295
693065
562533
593571
909531
107656
72602
653877
268094
898985
291718
415439
330053
467142
116577
640095
222566
300854
317598
351536
827104
359147
32220
93805
502101
945790
366732
568138
11301
625672
867940
321340
321530
923432
409278
97100
704581
522802
244403
343153
340870
695442
267176
398138
387391
879310
762789
487371
191536
534451
199138
102193
534469
477708
621896
354199
587156
590225
426861
241948
740144
546875
259448
90516
248449
769088
664588
630623
6000
373556
750915
515071
21763
776514
195284
721998
97659
729008
561646
168162
262181
376496
231600
408967
506750
829688
242394
32471
175993
608820
752042
975689
898135
220491
584209
328429
990055
856815
923664
200975
89059
94240
381909
847778
143421
95111
9835
546856
123068
725701
214333
564392
627055
322986
564917
856635
706793
919108
305821
710831
345022
14266
341287
694195
919287
85524
200157
365622
355805
499938
12795
833062
671454
839697
83690
727616
330798
648849
454466
425297
671047
181079
568794
183366
421137
134953
821298
30451
669778
597344
593823
287371
126063
695991
283221
287138
412759
820184
775311
930398
732293
152095
774771
588188
688305
313176
505590
184976
222964
162427
345360
882408
231459
637624
886351
300629
576430
480227
142920
155756
38015
934122
686702
419069
205073
604796
966392
723605
890877
13086
761373
813320
755766
810500
94822
590517
617918
37439
963778
114178
242841
867726
526196
151763
260591
299971
53500
580052
278465
357724
23261
500130
696920
654155
299609
797051
507094
167143
973240
543916
948545
639500
920308
533048
151839
517562
316564
98916
74807
191402
516710
756808
495988
606447
375649
326648
715663
463471
416437
472543
986852
236378
633831
820973
738470
91082
552665
454402
129347
157562
574164
501241
724655
772752
823206
484619
107661
799938
672839
808121
811840
881230
913182
641864
497388
852162
422158
294493
749684
608149
863200
373429
2291
256478
727489
813759
64635
969122
9358
830053
68058
454077
188045
209830
819392
330452
828034
725375
538153
820658
563424
466760
791237
25865
386896
202540
523177
913593
736388
759
829693
550919
664956
247854
379545
772402
298305
939636
145088
15154
332289
204586
693530
534906
842047
912036
786608
836009
216701
821309
592806
70531
845341
962097
153463
224644
875700
321338
400735
161805
273970
62746
125397
255624
93698
294516
668339
221174
804141
963774
271884
212809
531487
20692
427765
829566
191487
602159
325266
978892
567757
430555
853378
205166
878955
430771
174496
148421
948822
924923
395706
871900
892227
265940
857893
349767
422645
601484
166423
66258
86735
383257
86423
395800
814258
583279
334120
482508
394155
267201
5243
690433
502308
73211
962072
992683
370559
866702
447065
944913
701126
346974
784286
250843
900487
730129
53079
619137
407662
325727
885721
461978
807836
28260
515605
193171
637097
821962
450464
291278
148194
453089
309034
664831
530067
248706
130379
167307
636050
469321
852933
752437
361924
154186
983905
121415
276412
24493
644665
282616
285413
589914
339931
922423
125918
669777
898528
783785
58933
652964
14248
412779
428188
687415
377043
319710
338201
990636
971294
805311
178635
518607
225100
932797
57887
734185
26908
13512
296297
759190
581816
595237
21175
373499
977209
565400
819931
363911
189325
454113
438864
968381
704250
534766
880470
438141
477292
651114
209956
291114
61823
327382
218466
16466
957469
104650
386328
650624
703600
127441
123046
412828
841928
560860
582113
476816
564037
259890
402576
354545
334552
356390
543405
942091
126070
71347
728633
525067
283897
930126
344716
170993
636872
842424
820164
852768
524884
486538
686802
822566
984390
253956
274620
340515
656571
741692
150798
241799
630020
615841
864993
23164
875972
266748
537911
25271
280757
484713
16874
889206
302200
287778
26390
695367
69623
530778
373924
833293
882423
698361
360641
306348
781857
956481
420277
333586
588897
868074
308882
760573
755769
117685
775085
777202
789248
488731
139160
733037
845798
236918
528799
820575
703998
307423
226112
833321
180457
687846
568612
54082
257747
800666
341435
166633
128096
420404
124704
202308
80831
717448
344279
175552
543590
114232
594702
166847
469681
235561
69027
870805
1276
680948
255765
45630
343573
850928
414300
83080
692860
39352
665152
875160
736767
327143
141293
670618
362530
290687
399937
952427
875376
416103
52529
632379
130715
2549
440851
674512
217908
722776
293280
518373
907368
137359
697130
801727
642245
977555
745847
308795
651760
39359
677753
96480
125689
816853
485783
989465
444605
688155
95922
139504
853148
294410
43936
905712
695889
719485
341012
418626
295510
225879
353199
603868
352038
656137
772769
936815
722421
8230
164711
698835
579210
881792
813137
297576
150103
906302
99675
238506
864500
870192
143287
932996
608606
41611
887107
153094
152085
297466
52642
922544
103178
714757
321114
923307
264273
158738
235011
516962
794255
288362
127360
343760
1308
640202
396950
524636
570047
943711
264710
979972
166637
329972
458785
257101
499034
743990
419355
745153
469449
942856
478071
63415
387156
748611
795410
596445
991703
445556
574603
416079
218675
637678
268030
91948
138415
126122
347494
182459
593793
478110
413575
175586
285887
693140
84605
736868
733567
14766
162080
674635
993091
251512
770506
295386
668891
582488
146117
803444
519124
155365
158800
957321
583721
63937
810860
85607
520618
92696
15348
751097
84158
426559
937644
885806
487497
264536
497449
285946
873327
691585
966598
265777
493442
327881
730342
204015
925159
652113
367926
652668
960458
904439
520588
911731
20894
589625
982906
82642
649293
976355
932776
325498
407334
734247
325653
178029
427666
817918
709534
848475
192950
947034
264725
994300
396987
148592
760842
715373
353648
255143
798251
730383
577712
33617
185665
881741
937838
410802
840688
560873
1566
566041
906622
499593
200126
922401
432264
754266
521623
515918
562394
595916
596651
426836
47576
266935
157563
453832
103124
374520
739965
193602
907393
579220
892857
911347
320925
593177
822048
475284
715256
259028
859492
990638
960445
336159
367139
861618
656136
191699
91559
871754
506219
715071
349927
344970
638769
641294
459687
976563
430953
236256
956467
451478
666962
306794
29709
56147
461202
299321
138185
566275
504107
518945
832109
124999
212326
728298
329340
603117
660210
213562
878277
470022
886084
575999
127704
830399
710070
505585
141239
843185
202652
440758
687010
491174
290101
310393
120041
488164
178928
277259
243968
549720
167734
761245
523420
327212
296023
576936
50981
257673
171947
425900
819737
821402
989578
446357
810857
307152
461674
240470
287844
919918
868931
998117
783123
61462
499485
280030
388231
364672
435568
936414
898604
286726
152664
903087
735033
103555
746797
573841
452132
714983
794336
650694
443449
563199
750335
993328
299233
2301
140236
147966
780761
54022
944849
665395
528295
696810
947953
862915
817797
553461
609462
547296
103942
459068
128209
827354
747973
971735
378958
970187
874881
370046
852080
214570
994080
101594
879981
179775
393618
124836
835447
144150
151044
763496
120804
71976
620431
397979
200789
278554
329871
304903
695465
787547
247628
745416
139492
193738
711005
171408
654826
426370
245802
150889
688549
275320
182584
406704
764215
789781
447297
286829
786484
142123
642580
561141
634315
630453
477666
974170
818727
438241
132163
922005
410763
246737
183122
558035
383844
271353
804526
206039
870932
888938
528850
920840
672343
930020
256108
777234
93687
228608
626516
369509
640924
805692
833701
94607
583753
203981
59800
805137
272579
7582
997894
481490
58192
16357
852084
94059
81765
354332
886756
226162
546305
454841
378435
686122
608785
40049
612464
529989
673056
814712
766564
328844
685617
724783
537802
196159
961064
498620
837559
189657
191577
437149
112121
154465
437994
203460
721442
214934
53789
923638
62167
948354
416457
379883
174900
964619
929376
807830
869535
267521
818821
396847
407924
456007
433900
618116
997791
604043
181954
272615
756275
666006
445978
281730
464040
417915
709248
224127
228276
360435
724322
716952
145385
348470
453404
978476
700476
415257
67206
126280
495114
230801
390566
198293
220414
710134
332086
780824
920633
410784
186405
909316
73689
296429
797281
368937
144997
96535
422273
999765
887971
506320
317283
150642
768978
494777
905687
698101
585652
896038
881953
834051
922595
694198
446222
574879
411902
783919
895064
460897
923759
331818
837752
612651
387477
873265
423072
759717
388476
756621
910260
217634
932674
94208
184975
761733
639408
710832
893233
844620
673766
827287
470416
503419
314097
608023
308066
289633
203562
608724
657376
598359
343856
644658
750664
116831
631170
710185
675826
76278
298089
755474
416694
312976
485232
492671
416252
807930
236007
519051
150267
799068
507159
355288
598742
426620
712354
228443
717391
640771
979161
343530
385438
139782
384779
767751
374902
534440
225847
23708
217441
94641
628761
434737
250908
361266
238104
275570
522632
615049
230702
677815
617339
510345
665701
388552
36688
568555
673729
168308
419789
872642
272228
675011
553225
504559
570478
934315
825201
971324
16438
909878
232828
73434
262109
81141
918129
899496
396743
314631
311992
771027
174178
906653
733765
560655
47109
433396
817621
999069
223580
304105
473882
178522
484117
276777
707938
530216
927141
902796
61957
850358
691529
819436
544143
904834
939278
469806
604782
888472
42956
530548
519734
368322
103976
657846
511854
946212
453536
29263
523877
898084
780133
432236
310314
412143
204961
117322
722268
799178
590922
623621
804537
442314
781544
750369
255273
910878
545415
651183
240180
734607
529507
64352
70173
359341
350511
304738
780079
926854
224935
583724
629739
692515
327623
879758
487985
725235
558710
897365
898930
466646
493550
592272
509605
624902
196655
34817
461002
590069
564304
198607
976517
811507
177268
321235
838936
201958
890965
233446
287638
785707
50583
660860
465464
288043
207088
935397
933409
332574
114895
448497
130123
725822
348503
284054
296735
863799
388405
192156
58476
270299
187343
415032
973482
486389
290698
861894
327910
780742
984956
392450
263500
41289
360151
815254
353009
891331
199870
987874
925908
336983
286967
517031
472979
611818
276122
652682
306902
707462
262367
190535
816878
811086
632741
266755
731409
541866
396896
750106
173272
277043
439634
20095
226621
286513
815854
888797
280838
396465
267842
693913
370322
260722
961017
761257
309323
353555
250721
45974
876459
8732
251203
616420
833091
346233
720187
117124
165890
380174
883172
997344
271530
458685
870315
955496
23844
106428
531548
420529
344665
763396
408600
112349
720291
136124
470212
883447
104100
838282
633998
6820
188493
466745
757394
127635
878014
371941
319445
359850
574150
569479
301849
608741
76391
637621
592585
589559
226620
546509
542868
688377
498910
952432
960309
701006
131411
183320
10622
786561
139352
117506
602836
188849
117338
595125
858624
721397
90256
42514
683218
782755
538026
546268
761022
917740
574098
77096
437732
332948
40375
7698
695403
655443
584110
770415
794468
652775
607465
976520
890796
273152
155517
364975
596470
997494
381640
730948
547314
698664
325185
932820
814273
843596
276643
69756
843556
721174
8257
73388
695531
651191
796758
394565
983543
774096
600357
386132
603259
979
50071
739774
482644
965512
374870
40951
513038
920294
842245
760666
458701
387626
300662
944692
762133
488079
770254
211257
462419
974732
226549
318893
610438
545548
746948
223506
164987
988077
449835
992494
367516
361712
850812
170258
8502
799895
131728
594290
95896
111276
105163
450363
464471
696609
759677
285387
859493
537061
760617
714079
879773
653097
259455
789775
962314
94332
906921
697814
747726
87560
203216
485719
203204
195897
183428
550756
470638
254806
670315
956938
150045
651397
126381
537826
513650
605515
351067
264718
171416
311831
431771
759091
943169
389074
511191
223391
339536
719773
504764
207613
910975
4651
518639
70428
790638
332900
257827
464096
827566
787403
179167
157307
494456
972299
398131
481857
990928
307079
955654
204289
523370
163901
279703
793158
491421
728387
699064
638371
264980
914994
241172
90342
160819
999277
142581
62356
570013
623203
51010
450411
669691
667617
806703
333176
699770
804616
91665
582562
231137
684229
762181
645543
929707
256326
688781
893347
400985
722535
918129
514767
713494
158874
166671
218545
193459
437197
689134
876705
76849
19840
333748
804015
753683
516585
261426
153237
345565
922440
184780
465316
901457
465180
837210
698104
965296
48157
242935
239831
259408
873730
78268
175431
215080
584287
503782
233347
912895
569341
855830
525116
440794
224651
449192
310619
101405
344741
107722
67184
801405
234747
796597
135713
191691
404416
609213
538086
630495
427430
885996
253281
709174
271749
664928
4001
294421
211698
495160
970550
609265
985379
323731
814512
376107
467440
581382
596181
833272
249046
629986
922463
624414
741869
464526
618529
127374
926444
39
406722
610583
640564
871662
216529
62415
83488
927392
968114
592307
667469
149915
776151
626671
782210
507575
24524
797004
769929
308983
662828
294386
736656
103205
827985
123376
790714
965630
781141
924206
366503
926075
713098
656317
419225
590291
543878
537751
226327
158261
532107
550424
552101
786155
905174
472573
787967
665898
84337
594765
208889
459507
426196
330154
199775
40510
353792
768010
143291
776654
173014
101503
623759
130576
345892
801622
666613
387267
404345
664367
226247
814450
980652
892327
646165
117070
546003
496278
991903
870575
920393
759651
488852
588935
125979
817388
758066
169604
488529
821628
530782
655114
933180
941210
660235
600963
517205
789581
224686
843711
360876
156091
199801
916604
746821
53915
938286
568184
322865
853169
918681
44790
978212
485651
36749
59923
584673
430991
913865
971192
748211
319840
117689
59231
832091
342827
101969
130247
890308
857929
857294
252546
296151
800299
130441
264519
762588
62195
997995
617568
743757
206599
746900
681056
159347
236687
791426
137357
942235
68281
85929
841096
475686
732402
720760
349151
439582
591155
623326
624923
65238
211523
40681
581655
997326
721078
456599
356826
703791
74496
511875
382794
366740
354990
64957
207134
988873
668680
426762
338281
489023
97128
749648
473688
940489
326144
830319
149549
906331
868946
607567
818030
642693
44654
966663
125336
336314
806650
104982
110232
183260
331324
870136
718141
375854
943465
379255
621866
809953
951487
874828
848618
103984
446989
798933
588931
362585
811127
386601
472426
2560
396601
302885
613579
805043
276297
870863
438304
999257
797387
857480
264052
479203
239253
968894
951784
992741
643191
246793
759231
815158
100289
701893
825581
469204
360790
926437
633431
106812
655817
482569
935561
324654
340447
552695
383571
392672
477489
157721
692334
325600
496918
152269
328286
726009
146290
448413
463507
87687
585027
563591
819025
29861
194779
860903
784734
602246
575861
463971
42847
868415
816703
875593
160953
537079
28401
152603
592204
866065
332928
528038
114461
192446
756462
562836
985531
894571
879073
710979
710143
576711
433906
787113
697567
483953
511831
613072
894728
412516
372944
863257
733024
30725
449097
837066
915213
838751
974959
365135
194390
664839
752254
579097
236830
125895
325833
396571
496116
399716
612442
80546
693836
586455
900768
52052
130409
411723
17853
155882
34215
646497
871787
226587
718723
610692
898812
832589
230345
344119
221701
938031
768398
706694
880165
883347
21116
210755
661891
20097
117349
924376
580229
255692
49275
972508
114082
807304
146161
415988
452879
37356
1109
894231
754303
688424
415629
583177
647888
499248
541173
50586
289471
863371
424419
670430
926151
397256
276121
494914
640537
519599
196820
590461
846068
971162
785599
538268
957721
126821
426627
424184
214890
428519
852207
106851
102020
507212
937496
155302
14149
167304
534347
100689
527764
389188
490911
984745
138147
47663
195359
671895
375073
637098
958930
304494
372274
214487
524746
428429
227399
363800
188939
697793
485151
80915
133792
573964
583462
904027
856711
813969
978065
732708
387667
196420
155808
98801
431776
814680
796572
159465
992824
81292
478140
59262
41222
400922
719768
1958
733459
210884
956714
430336
181273
245530
348003
10329
401182
904143
728871
639686
737963
639204
991636
627747
901233
899946
168924
151658
400941
413113
527461
298982
894669
221113
850844
647614
414104
293226
694109
650109
155266
924270
608124
281539
111434
635334
42191
88779
112207
922280
770493
784915
713727
395408
272264
547461
303155
817510
317014
720112
883265
864185
861650
470502
30838
426021
921586
729417
207251
376512
404868
83269
934809
388552
559853
357475
49102
290037
188162
801842
998903
352426
4764
973686
75181
685187
965908
332045
332475
702642
536561
166442
671652
936347
98998
221197
52127
937246
843543
235807
972637
617978
372353
685655
740105
328283
132854
262771
669094
35685
274894
645668
756843
974140
338703
173495
810171
838373
415397
57029
738733
791592
470210
769500
269751
269443
513418
603847
470327
555590
365948
100805
748873
997907
853520
552458
564925
545687
86837
446980
167424
89649
756701
140398
391221
424684
68047
210135
914373
542913
9920
316582
345985
997375
992804
576490
133637
572828
737119
534395
734010
886996
105582
247487
203563
932032
415078
805294
644130
165621
495932
501261
561469
15474
668380
273629
648580
252407
386116
473345
422827
37605
826008
668559
501869
28147
694364
826132
809798
87275
616366
452922
182270
14059
504846
548881
40784
911947
187243
597260
230829
889824
380757
214062
716528
239523
191240
541628
78007
708781
785822
714183
687133
718216
64928
926403
76476
920573
764625
2885
334919
732172
470362
510163
343261
355523
213870
617665
383562
639388
218156
794771
703768
21856
873857
221133
448704
163730
359448
248417
424407
14751
129823
4665
282042
404909
437411
342686
21736
901426
583607
797563
261795
551848
445024
258470
646088
405988
37534
792064
268578
500825
463989
662552
689021
821164
61906
10914
155762
287563
180251
791534
327607
498602
26151
855119
871850
941739
827600
147748
375433
788589
856291
355330
800497
838558
679959
177804
561330
75726
462462
176912
994246
168094
485722
505480
877462
457867
623465
178575
186873
180989
288674
594477
584425
706373
577549
870149
435810
473121
903078
841385
699216
984166
627807
126620
919032
403308
63838
105455
380351
227031
565689
530623
150805
349507
63309
189867
224536
969358
967424
206490
169026
2327
61404
31964
568925
585400
635217
909339
636005
250711
819515
620057
920477
892373
438321
410007
401963
77957
612129
545035
282639
387294
731042
53794
505919
130012
815637
383378
797559
32555
719703
890040
150206
344752
347072
852759
479565
59450
767616
320710
595317
44646
12956
366070
102469
716552
867500
223230
943505
848143
277170
999334
68085
335745
646821
192124
677687
607535
615955
3649
112035
522464
735844
396851
256034
99934
904
762556
445160
591370
697223
413441
418761
139403
346612
828736
132602
51978
59973
233597
757131
636373
809925
319803
536664
797117
347933
211685
494252
787168
664761
155390
573458
874010
662555
618727
985377
384157
41144
595241
847057
868309
478640
635768
173031
546438
361515
667289
490263
751115
238580
658587
525168
301
141579
960238
146725
430084
519185
607304
412367
700167
237413
362024
874917
449145
129503
267049
869051
600954
295918
287891
277846
85693
435065
526139
142940
672455
997288
676040
641109
292466
927782
7924
557318
865962
485952
469614
515812
452661
640576
550564
934136
972512
919839
148535
530029
915573
100424
38211
259555
86140
457215
671438
248311
181010
732505
952422
240707
467985
795201
601178
569415
373891
169165
458960
603761
6595
979521
221836
984251
501317
555803
896699
841157
698539
737225
16950
24138
691770
552728
824119
557324
850894
373108
427599
748448
612455
570220
875179
359652
507930
814128
352975
920919
105262
106868
295962
359523
705529
685600
640812
891974
480530
850829
297282
321438
107707
527145
227782
593197
337424
257583
543016
636251
703103
708853
74491
575289
854999
624652
276260
833752
739053
753287
659971
310251
630284
719982
234871
332872
813552
176799
973355
263194
716123
260276
234388
5252
38830
362937
601667
459645
550835
576319
940969
84350
975165
399108
633514
803643
175443
477619
371806
59999
169726
536649
893611
616333
596167
507727
793038
238895
921557
115381
289045
62503
502574
195283
542890
51503
124730
837311
502289
651138
722124
758238
261679
339681
181607
476171
314339
595277
984351
286415
839886
408632
912285
587879
215732
868850
287743
868199
922921
72874
219713
439193
939461
294818
901831
667734
187042
491814
941916
947684
995638
76183
836797
816384
955054
257884
742600
901679
237684
584863
859105
206552
474199
662917
530443
480734
89854
337295
784251
179513
853300
941280
617001
877885
765265
701959
14946
239806
966290
155600
505236
62262
134392
923344
228378
699108
422266
389783
998027
421032
935191
159161
249215
691048
527639
584662
62486
950428
119093
120564
614305
925245
199868
434357
161784
334307
686718
911418
716900
191459
468261
640861
909478
652440
453382
704268
907339
668247
140248
891168
637737
436913
771326
763172
108399
806563
237662
832512
949113
614324
958837
10610
265063
289310
222921
348744
162118
56353
196686
828666
617278
179116
793855
401896
909767
411778
541684
629296
97324
801192
399275
630085
259300
384700
831159
766208
179451
958542
348614
509360
218516
74607
511475
347565
18539
654730
745370
309551
62308
734201
665298
435549
964964
136411
712873
431693
326851
931962
60107
968630
686849
224796
86357
980292
826150
552644
894743
388536
249237
612771
624704
766532
917426
120884
621011
501671
510970
764536
21778
587511
553853
469997
859254
201126
908564
555469
144187
44507
699230
881260
981247
329452
764993
28498
855410
366896
467954
344897
449687
716913
499030
755787
433874
328615
249572
354784
862828
23671
850581
78667
345416
507768
273698
436807
265181
670063
984648
204606
321292
301257
123738
67356
508363
231607
973354
26006
923073
262950
23134
987995
217711
699744
275407
807022
430010
1642
530722
186683
704470
635758
921495
188258
378864
313941
664123
581069
842743
590245
770592
954379
991092
327465
890282
197471
318891
122174
17112
786624
88651
311729
489151
99461
641548
741511
957697
812181
246622
575900
538629
699880
871298
841165
295715
773163
851007
887201
549135
109908
848310
428131
256471
92607
410021
519098
354593
180456
957095
927960
991352
13191
432789
821248
398998
432110
915020
873775
660742
846870
172265
66703
252022
341487
825583
375743
553913
291442
195097
397062
267342
652660
580417
948920
834153
737489
344978
187553
525292
66976
540974
226191
590951
263832
904149
590115
649161
565142
322398
841957
640316
872155
52052
162043
823440
484798
868599
977472
30081
627870
235492
482306
100021
614609
590428
246113
112906
109465
141856
99611
495403
22013
235531
956865
436981
898238
934379
626201
557683
592828
505780
932697
840109
879615
3495
468553
246208
380864
592358
652120
446603
816044
591918
421739
45683
302301
557554
473806
896762
466531
332620
971372
16916
549762
786495
172985
634338
506143
507630
188309
685098
937915
335980
614710
258609
480642
114640
247509
601856
979371
614209
925251
378793
82548
454383
955831
186613
104601
538839
67770
104797
171250
518326
757411
934125
591884
885259
778965
403179
223032
61694
638267
462886
192143
421923
134451
265034
162031
466278
843611
552700
386506
573974
450625
37819
73310
904089
784247
903975
783354
666837
745786
709277
597944
504425
259499
529610
170863
7802
799527
700927
908541
25361
557786
469628
411612
829902
132274
639421
6579
821288
353914
613888
856332
225469
552642
850648
847011
541589
372769
639440
382203
63149
672847
599523
206806
58953
477459
590833
524498
834577
977693
625202
77141
273177
727422
532236
317096
518677
337745
995114
121889
897606
14961
658952
711223
484937
69272
366448
64329
909160
688545
123098
901414
77024
84831
364345
846831
827447
554317
87983
816748
720879
6919
426862
719635
931600
480480
641026
719611
97461
630586
513964
593221
510243
380924
596327
819973
794450
24
799106
201825
672289
903042
178803
511249
726652
888912
579606
245708
176691
231494
317301
280886
149872
767038
750332
634582
310886
367738
198109
325176
911078
694095
490793
920448
234394
481828
673065
568562
825115
67613
593599
184735
266443
777672
220498
578008
99428
843515
758174
602983
42675
283442
934906
920268
872546
425939
704687
60590
329609
996383
391579
610653
812985
107286
299682
504410
286786
527937
559550
700982
133813
674497
755835
864415
592307
306784
331132
822321
223556
773288
855792
255600
147142
316927
108761
221508
871139
70204
492886
358534
502997
871998
141341
904287
675374
861140
194673
313482
547016
731050
309008
663745
368574
82700
331545
282473
419399
906388
644321
559180
362520
241119
281017
921697
932982
270288
659477
193766
53526
829034
935458
466467
868316
47801
614294
517806
354047
346487
823359
990619
140291
429243
476132
214910
860475
213257
243423
240308
989725
456491
708995
830274
750282
859641
474042
57689
41933
159803
47143
327223
683481
284082
847266
627229
305160
892128
173726
644535
286169
67373
69426
11163
503425
193312
933764
975401
510716
16137
18612
984873
857764
928273
367925
893431
227291
497569
765635
651523
951813
194928
148330
694148
457434
874054
448185
663084
818407
766815
857843
784481
799891
553982
787369
587169
564447
400232
980059
543646
854335
798735
285158
985030
688325
577014
699108
399029
137375
719090
320524
736482
487633
660985
379499
736865
252221
373839
991347
385914
813398
28054
100558
688219
534066
447105
455666
392398
166460
911747
256571
618271
340376
846407
796405
73991
860115
552754
179758
491218
691813
476680
719648
633268
905074
917594
150815
31908
443467
398320
329306
910177
156215
941932
479181
202672
605258
843532
667760
126635
505598
221662
328092
561675
861330
894804
269159
358743
485759
50415
725039
908232
462432
851767
536342
156395
991405
979593
171983
911562
535762
638136
314647
124248
612687
659342
102095
494013
104611
803073
292733
789785
232918
878202
726719
47693
491696
559143
635894
734493
446537
921616
160418
658153
160007
240634
821356
160855
798224
807659
507960
853421
674690
551217
541386
312500
195298
989986
12724
377026
994658
30574
771129
283133
842721
354873
169996
523491
360109
899360
360512
666807
239290
646468
583186
452118
54644
378057
656639
441224
377897
280292
660494
633013
301894
350128
974412
263754
900060
225732
860308
382402
837672
650603
826983
622620
631286
221384
505920
266653
912942
903512
23801
627664
386189
681999
313970
142424
723039
795916
43536
711469
177922
601193
843190
787333
927733
403804
551842
960503
879933
480835
72576
444416
92079
995131
17725
748948
23412
344541
955268
543541
158237
411884
5413
43286
221323
60650
598857
815532
4528
823377
368809
179788
838901
217830
930051
889126
706078
474894
118354
654997
545191
448305
743027
295201
830166
303381
520388
2123
515070
292047
523205
930267
905414
879040
550867
216118
826860
250703
623961
230937
724272
210398
982338
631207
873045
299852
893168
598181
225872
587223
434530
719323
84395
637648
779687
174683
882813
578440
392570
164117
710461
640317
790112
486815
141597
960359
250759
387059
247060
435774
403213
318706
434435
699303
580164
423496
847391
378067
575524
520584
350637
176797
994262
346596
851641
888307
373624
596603
496386
184423
690618
668806
232712
669859
959477
101321
433589
177359
297782
873611
685433
816552
229394
564770
307796
519862
257107
495508
501115
859093
61207
45356
616152
641549
462737
753543
563981
898752
202495
748750
882233
500847
831504
880805
737990
526675
169261
79561
510368
512402
661342
876015
635198
797187
969758
494595
552734
903219
817968
882228
44044
491760
720532
892872
163701
508706
835687
792420
976400
584399
428855
254643
402397
54003
343276
371030
354105
383808
14701
864801
421807
111677
820408
695197
423381
712085
78326
72598
461410
120578
928370
10578
88141
234189
545013
521941
789257
535001
538847
340660
969993
488037
91782
183050
223598
933204
350592
435755
619611
535335
502485
970361
967025
961787
424331
135206
846862
340475
380878
861882
568486
342840
370027
965849
88195
224752
657233
251376
533212
658910
224670
871504
568311
866305
163109
500624
362802
354039
107042
248045
782960
789073
770338
226267
505796
168285
807941
242787
325375
719740
858757
841349
90205
377863
200754
203422
853430
913672
887704
690988
315900
114426
459012
606677
550327
602700
466997
431873
351060
935055
651890
297702
193631
133506
157445
727502
968580
794347
539220
445559
939362
629838
653532
249104
328607
238915
884512
657934
340264
662842
654417
249171
571043
496853
470237
657525
91715
584789
362626
822984
184622
408366
883317
739185
969839
845907
47571
847917
113143
312422
502593
957785
212988
859843
245930
226280
489279
892226
479806
523643
869931
236347
712602
660535
299913
925585
557381
232161
825034
266247
464976
558775
189786
355971
173709
237607
108704
416593
393481
809730
49373
136920
865890
625254
914247
720492
413340
225582
380453
753311
384916
66281
361073
566068
886307
22174
711252
767805
855466
457018
922967
547708
94789
997537
959791
827154
509341
562044
573710
8781
151180
668382
569387
146744
238653
583343
589308
221987
860046
129776
610155
426874
871237
945624
789908
413975
396725
569712
945661
981268
197755
48468
752623
336184
163277
700648
530876
628258
485008
639168
786984
790440
987326
301430
48955
765281
903993
578648
384547
174007
631426
504519
738487
268345
71610
713587
69676
458487
262700
209443
230506
74051
726211
780240
405280
873640
697185
120291
488941
835595
873094
68973
177228
305974
356703
899011
219263
533172
429739
43049
938560
557224
794705
765105
694508
713506
180735
721823
324109
855876
967378
533189
453289
933152
990324
336276
555137
673862
7403
84236
483343
968676
623056
136847
884613
578644
678539
740805
12282
968699
228178
721024
429763
379003
67336
407528
531575
805251
329129
15579
232642
105146
799932
941852
422879
19596
964830
949247
420039
369820
367428
930632
682512
460711
167190
597976
58061
741426
145040
780944
385176
74707
647586
779545
10353
220062
298863
885073
81384
709515
520550
716326
569478
170946
359967
939096
225495
667768
943834
740714
471222
239615
288240
833848
467334
979106
217081
297615
887292
144426
639760
716138
82626
501355
236939
340287
765149
529140
184041
361679
866029
61366
949951
225507
642916
984973
170304
765781
217132
925456
313420
888067
240617
374295
400397
493865
766844
752372
528802
87015
372637
544638
75614
472418
855
887184
456915
134155
310469
246825
245877
174973
859504
351752
471254
267967
632507
388375
689382
302711
875308
321965
656121
349924
607445
608435
320205
130562
408588
810612
501460
71005
820606
746914
184310
732143
373720
476381
436500
886014
157109
323490
879209
233777
727101
402804
47385
968330
367297
793160
20213
9297
651770
476678
201659
775018
103871
211249
782408
840523
102059
53345
856743
976011
272726
721238
397540
34916
271609
893748
127506
849326
48156
429862
143100
517153
352045
812562
637389
443725
714173
440407
122149
519194
491153
808114
546156
349047
764821
464797
864401
234045
505538
365594
734394
372873
207452
585910
937995
331915
777813
430512
639010
111368
626510
98109
930085
318719
314210
192159
242556
215318
905475
493371
489109
58
379962
751344
825260
439423
366534
471098
36758
696095
302944
578475
623299
52296
85340
841855
265417
912931
510701
628687
194
194050
944231
533799
778244
792273
800364
173965
356641
182019
647405
714809
789346
654989
484875
768240
627828
678362
159065
828548
241104
650742
6651
527228
464970
953299
669560
665218
83635
847890
751292
572021
289703
776574
467556
6556
717835
740185
442111
40649
857484
658876
175519
102168
208980
959754
61429
639124
555358
812529
673033
243175
185833
331852
608679
93986
340085
663516
202292
575362
593492
240946
514836
719663
299279
810609
792156
266546
38208
170062
787210
266759
621807
207763
737998
578151
60933
558925
344013
372153
314542
662829
238826
287142
635730
328475
477379
798721
265853
396197
323348
497181
66455
143040
105926
251413
942451
525847
536450
202010
528931
669943
52884
388216
90146
898526
823591
207996
161534
207949
563561
971087
575994
872244
176987
782162
835998
838925
559939
948344
37484
719968
797397
974667
198820
325140
518853
844977
456817
618619
57527
741231
596758
889654
258842
681754
991111
908492
654321
534858
302766
930323
202444
265542
897734
864793
762153
176946
113976
332556
601742
987875
941812
45725
982069
818333
555883
706069
408582
446418
237727
312225
877670
824448
622285
725508
157207
930483
637229
478206
489103
958463
47703
445059
604204
928487
53500
203220
986387
681199
511472
811570
789740
137665
340880
654682
831482
556110
108826
53457
664906
554468
483472
398096
843605
530693
126598
223261
645678
363719
865573
113207
940999
340817
420435
122620
291344
247767
413076
702569
253562
82640
360900
193085
685403
192505
316082
538263
582382
515170
699832
879799
516282
952217
645038
395029
364764
320130
345682
884047
775031
836382
794913
380210
636148
803811
106189
326914
347595
294176
152904
996688
27401
274675
996806
216086
75279
642291
700011
818404
303672
938025
809961
561150
917624
126089
534795
257940
536911
252459
641046
978252
444108
589394
879521
820317
944530
43394
78284
129553
169599
219246
254214
499866
194549
147424
535116
378975
155056
154342
181749
198044
164897
976885
305576
422249
513618
64529
113418
948822
278687
948713
573643
839979
115477
845736
630932
868136
637864
352634
396357
866452
864640
676371
502934
295384
949392
240410
821211
537849
175937
930103
441007
831925
308345
526923
930167
728415
326401
661895
865110
101297
96788
672193
634445
589699
823934
558794
234557
379269
134915
594801
161230
188478
4070
323076
122303
272901
352493
222313
908300
203206
476504
563990
84806
821285
597478
634830
108604
213289
288878
687255
943208
314300
446512
607354
60451
164940
52164
66510
583023
783278
403160
534833
994191
253711
265866
823280
921561
138614
166107
844701
679187
790527
574305
501382
873926
858150
122022
277410
439203
993396
60051
927747
497822
813675
912563
53839
805019
139952
400992
449784
555845
675256
113047
642889
733429
947847
900615
8815
991014
224910
820107
190291
148969
58038
469398
738894
869836
748943
869571
676410
219311
548508
544878
541270
702535
478934
186234
916717
370679
312396
969988
395879
558722
994001
930703
913378
188806
162237
974869
110532
959014
578090
532147
702307
582087
629724
605930
694098
881570
65767
22635
562754
877772
721096
959075
122756
799838
176681
690912
376934
846492
509079
230962
612197
440446
735094
227426
561772
981375
228101
886504
919225
347300
115343
781553
765108
771025
525603
260178
956075
120547
368953
323336
781862
69888
169870
276005
460959
733335
301926
989582
245057
18239
320659
987320
395192
874718
493070
428740
782778
119027
313669
741336
162693
326534
20827
987155
454393
76764
87950
331567
857852
198005
683622
820086
53515
932371
906891
271210
335763
652754
646686
396109
34767
203673
504442
863915
508407
628367
358949
259524
812445
127500
592732
226301
360903
810262
666389
118429
156869
468901
39040
911605
412357
681919
159941
736665
606407
714468
185543
407656
488580
5760
510922
167302
880635
461941
284122
300678
90047
742763
564354
140629
230666
516520
202983
662251
581852
276496
375807
810565
14270
798975
537660
113457
863864
842353
474785
514604
17223
888883
655227
55241
694280
132735
535191
469281
761117
358233
970474
498807
123472
847818
149806
439321
250416
193780
725974
46000
867846
931468
595122
256223
664624
760143
946597
458408
871258
960675
988105
94790
689036
933404
841729
176547
558658
563386
28856
265666
685167
979701
933122
768236
890266
65075
611001
766811
175564
205736
147919
898514
230209
503661
918432
21934
13901
532795
707930
693226
332370
560739
682385
507340
404845
563955
908926
783999
388087
74026
190317
877339
685137
901367
607695
858970
482765
365532
218497
244104
513494
466149
628067
236209
770871
126779
780634
994550
14101
956880
944004
963469
516089
703796
955174
346365
76039
802672
730486
350714
688109
372974
75059
519166
340101
156325
956777
892154
251933
937070
711647
487222
553586
780749
453234
296623
937866
41303
414995
690894
482769
58861
674275
400704
273493
915399
119155
735931
84524
353513
789409
37824
418945
381557
524445
799167
716486
100348
465706
828693
134695
340909
670651
363980
336578
621654
372318
923762
163201
657546
521372
391586
998348
60326
493207
577507
842576
215017
265367
530288
311662
84345
127087
468817
1422
204801
150797
209806
167127
160825
733522
121267
41905
712035
801793
128077
551586
169218
295133
247175
106505
656013
315052
988724
26525
141070
521949
530252
591418
781691
381968
215882
120601
73702
907977
62754
465838
34325
883946
20508
736193
809447
962825
599648
228067
444217
353286
334754
332639
495114
556733
513806
280836
420694
812206
501020
54116
677613
615639
542057
563839
114597
685774
285376
92813
87248
590961
844467
530701
722400
495253
142367
791920
401437
104686
648585
662111
60196
738018
207010
500997
812744
631025
314231
455960
570342
290530
746320
737388
109104
391020
296164
743507
764760
977761
426597
454094
4340
918554
259861
889883
104268
936030
906935
105628
594910
629391
273778
882180
310826
21973
809857
925176
823105
401148
383345
697002
695254
849957
203220
832623
894511
303290
520217
671464
128520
781789
908851
1765
34843
147070
129164
64640
3747
594094
849201
696833
514612
855780
566425
418981
104953
569611
625994
881282
406043
335760
818205
33603
117999
896172
731815
468634
985741
76543
201847
308207
666999
293386
196237
367328
428684
753435
312252
51993
759249
312512
882347
936880
531555
123095
819204
972466
569872
58151
165679
233633
841548
345247
655624
514849
115718
777673
243736
486167
917565
234120
326981
358608
271081
918945
368670
145277
702427
330020
899397
454978
318169
31285
615621
898053
108348
896640
840934
127130
935529
521359
768744
39487
494979
261992
491514
397323
32492
587762
229111
385311
698975
791791
694765
28261
343624
385286
456617
899373
906853
920237
718305
32012
59709
820694
275488
128931
631617
411257
906765
843164
414891
275375
726491
386301
248959
594084
877664
660250
259468
206944
653258
774890
30907
630273
78537
969706
397583
837999
248336
815403
34697
294403
469170
943186
567909
435117
211646
587660
617878
881661
302763
801620
21255
677707
736609
947160
195526
445856
752782
33158
911953
600303
756084
200897
537645
661368
582837
876300
750773
813789
580527
121101
786952
393560
156829
128326
447358
528233
737686
647768
783116
220329
444498
542807
538146
586078
968388
367223
882317
703881
732343
966551
982433
741817
876336
19447
666758
513152
819250
981564
628349
932303
418367
577709
177591
303504
599282
105043
205465
618020
808425
885902
568460
157426
890125
133768
800543
47187
837368
20720
927122
960991
427706
55509
439893
196530
871333
873610
400859
554477
2466
703812
80133
196998
823244
840195
406199
914928
214719
105139
434257
914024
648797
74458
544827
361129
308109
195038
95697
601703
686799
370065
649834
425013
274798
25932
662056
694019
718821
575137
144997
376792
263906
847391
770984
424094
889247
191205
387255
782771
951597
17087
266292
368683
352215
677915
170438
338755
410086
235537
661958
552441
926741
143927
897915
804227
335634
586567
837031
651295
607306
786620
163669
497239
762814
638175
583240
148249
715145
832978
93343
298942
469583
440209
491624
357167
338522
799997
618438
692398
104031
161309
589922
512845
440152
833167
724062
163750
396870
679849
760500
800641
770711
436954
872387
263338
999340
74550
170565
618557
313508
360163
627956
809155
911612
609474
611239
840161
263140
937903
863718
802207
686437
653208
552123
383667
87602
74377
894768
727022
865624
431392
254545
965996
998642
238868
341247
268663
115095
410940
776305
639942
36051
978343
106878
862578
394714
441543
957555
425909
459784
753245
983992
16683
140011
901853
429725
964160
300992
971719
396226
392512
124619
576417
492827
887844
69923
766760
993406
970313
993785
137734
813569
367542
501253
669522
470922
549222
578341
883693
399768
955926
576078
746155
861786
326222
352592
260992
257364
102039
935275
664571
191339
431906
854389
608851
665983
354350
231240
499110
482263
816920
870750
236553
868823
768082
612053
60150
758507
39887
125596
527878
56651
963834
773157
286088
409647
669591
225899
256342
560011
596937
176749
383226
445600
834328
408269
915107
176957
585802
526587
399170
718508
106142
854121
572320
731573
729267
41178
443407
554436
157491
217089
588731
328185
139808
12811
440402
379292
303703
744443
632311
225752
345771
304087
399865
237198
16118
379243
500872
390101
810235
274881
446743
641710
679662
302597
104986
773322
436911
85287
998222
233197
648099
106890
289826
217595
149307
984655
20260
151788
788839
227004
786110
90089
970750
193756
853930
98745
495903
902220
322236
392382
85550
965546
896086
403007
932548
118285
217106
926942
796232
770204
226358
668696
22517
394506
963030
731501
834803
731221
113151
966572
286453
573103
968622
413904
956827
635144
68487
114638
53679
249956
839352
63780
166524
990240
420277
818027
437754
169450
925355
197064
707091
238335
822884
243932
481864
712252
424066
305625
513653
323357
400796
655103
297451
102460
890729
521983
701836
306356
568732
327359
81928
356789
177540
160796
456167
594920
59931
933499
347875
817367
930743
283792
764127
658934
469632
620445
921868
531975
677793
672822
218036
150835
984623
138038
84842
996298
789640
734046
115914
964691
120388
683481
762889
21627
883446
698256
187000
192929
674208
141231
897711
413225
202702
579634
521950
906072
75232
579737
826442
43589
436006
348599
479028
147538
469978
543101
706067
200347
467814
776164
284999
597961
368853
826049
378598
177646
558902
363436
492
544990
895855
987513
86
857948
714894
255010
998169
90090
293165
795544
950249
955558
230210
716887
689191
29878
290802
891895
40849
742949
793326
287688
188321
666070
902370
528805
453702
39556
468590
378394
381917
528337
254588
26508
597214
727305
660946
521749
935895
255229
130858
768872
641319
97274
657073
68352
872895
751988
974715
538855
363511
506760
380492
130154
729602
602717
50880
361973
276423
634432
736315
573716
539283
258012
925150
624089
886594
514239
399653
482979
674766
371527
883350
44819
386253
131769
731347
208472
513875
204969
705109
952220
754329
857685
867513
400588
915347
669660
59511
636063
331572
648155
641975
865089
222112
912744
373401
974599
742881
669960
233094
728716
933702
452703
515265
659005
967632
189026
62445
496326
328985
388205
257949
818691
220385
419449
289457
670813
938324
103947
129978
466375
245405
744224
518768
355975
960472
227709
97804
972015
995231
680842
540898
209954
244482
420226
838095
239367
355614
347311
258013
968513
530350
904294
65850
994894
258080
627832
865110
518468
811929
718519
460447
914059
690207
686012
522715
354225
224352
735408
949291
487596
253499
221004
75888
408171
560771
121825
819476
668767
429253
998155
798476
882334
281244
120500
982778
294687
985929
963743
528669
168697
264675
965902
639933
277727
812581
913621
294564
7719
929330
88355
687044
573184
941774
205401
441976
317598
393054
831714
39919
546688
410431
570059
244817
48754
947913
450169
308149
815108
828470
899869
579512
110843
274009
60864
133337
865072
283757
319674
712335
183427
736065
196744
541196
86916
214362
729669
657682
552503
216719
836626
832836
666050
167970
705040
164842
996397
285394
758444
29600
658999
60499
981254
953186
341197
803504
365990
979835
79993
92787
146649
129848
295260
124499
600693
386465
289276
891176
58271
716812
788043
434871
346068
285581
429146
270621
455952
461393
555662
588450
652061
473940
133137
738331
593098
485102
259645
911952
350370
822607
267935
939331
709352
827764
900427
481825
679778
903547
961609
788701
56440
548034
739282
686517
86141
635334
961959
660475
222705
449614
32299
358718
723618
847954
36538
958584
896771
123051
458818
697901
19179
638434
61680
663496
583978
386602
351136
837439
179111
996019
616679
542217
385720
926374
149168
859595
156059
888088
196650
97406
77025
345393
646947
299919
702975
478678
578530
698669
450583
528584
78248
383992
386405
670277
320003
677812
951912
590199
663301
140783
646970
865555
537261
883011
541224
387145
324391
955845
443599
185690
903619
910611
828539
26761
625199
774048
798371
693922
951309
237671
711395
858870
452890
138111
758502
388880
733160
562379
739751
190115
371188
429646
978845
790735
812324
584404
830921
526962
810340
677226
669489
549567
286373
307058
226214
204758
442952
888954
352369
985332
898188
9510
357886
23781
15278
686483
838935
102175
533029
853866
186223
297015
192283
885094
807995
186149
985391
244117
525204
763610
202803
990852
491463
802619
820347
6572
582177
670827
825900
371700
753954
620867
164907
960999
272819
168624
931886
358568
254738
355103
67071
537585
593800
843118
856060
297502
257310
88018
814477
924607
988812
90617
276842
915412
182660
598171
988620
576613
326078
319251
640414
804935
339620
324187
984207
95755
107643
548936
489026
766057
439537
621816
516158
537735
100695
646305
791230
515277
247471
970446
732288
431527
46002
510740
856015
46317
511322
382316
437892
987539
541437
796615
167893
842160
451591
490553
692712
283152
588909
520751
403588
529748
103162
233974
52511
645877
788071
950785
81407
355869
576928
841020
254904
267129
600723
468687
44518
402685
395293
291776
371547
797706
27379
541985
788841
866597
82399
878993
883976
747407
555161
399850
533411
101293
513969
326482
731846
685135
711308
585844
971057
129947
28896
771650
482259
701496
423462
288278
105088
97592
544446
34042
20998
865003
347051
813293
204885
115165
820942
344202
833568
785681
843278
753257
144003
404223
20105
255236
661757
198006
709740
899490
571888
218010
499856
587710
583386
873469
814381
449992
107568
911884
659763
364204
952192
587902
843250
995514
32762
439663
145211
288792
665277
847135
253360
652643
787922
335062
148984
714413
204047
109311
262436
315762
631164
289480
202870
525479
496602
257183
1757
206457
818961
444826
732207
514250
171920
411204
474636
648349
736015
336524
127849
929732
541462
968152
221985
129766
525386
200433
97135
937055
567502
27227
350048
412360
404108
783485
607973
162861
546838
914183
585324
637344
934814
734541
225418
780622
665613
457382
336982
625572
152044
515158
534464
483447
565547
82663
134741
157805
857130
493345
197923
297255
870288
60276
963808
248523
727757
887909
479565
81116
114142
772294
890890
223199
896466
293764
273981
565801
826351
390456
621197
884128
427533
941986
312959
55834
738883
76705
530408
825887
598283
604793
412447
32113
394499
565751
330119
743299
277336
365873
487011
30519
16258
422863
545467
267996
859134
717998
705617
328292
370618
49257
639355
732154
445616
148390
571009
148371
416705
857792
359960
421550
721457
607248
479102
924993
50285
25309
270840
930607
287484
85727
240779
22782
93747
658309
211311
775891
896388
530984
621770
353922
21341
399505
917326
437948
760780
443238
64530
748264
941255
486566
818095
253362
740591
744
968875
356080
754250
200229
500848
436289
177362
873136
981660
407498
63289
190763
687158
323617
867516
602042
537323
324319
744570
80292
932490
567494
286146
392502
234544
695134
443431
858436
89128
304819
252604
536132
734328
855086
210391
995703
801603
601670
495804
664725
622832
104208
822121
989867
978420
571280
277474
246090
847144
575448
454881
540388
520597
350447
786392
343796
630902
887212
723170
640596
652344
919380
486224
196784
639208
170372
799703
397558
691281
567021
919158
748329
599078
227365
988816
682101
683577
89585
117511
261359
324372
799094
960434
163074
790112
668994
297660
879262
225923
290228
277750
368599
821413
242557
33096
557809
947338
267228
453439
636254
147003
786733
939623
243003
283988
682077
281827
940250
921017
426892
721660
44339
768831
468407
777761
897760
876311
828346
128538
990667
571566
65941
39038
117514
635140
580709
273717
399757
633658
567743
937886
383093
928980
430173
462317
13759
701004
254789
739306
898900
336266
809705
446277
64814
78400
290212
85665
725504
720675
749016
701649
493315
255489
216662
509058
835032
702262
503446
735710
782987
427223
848384
53586
269443
586692
967865
203999
589105
613515
528744
397377
811422
409595
42115
250624
577266
482068
932391
658506
347222
701253
942459
72045
513851
569915
253623
140669
488500
760208
988081
699969
749405
991875
556929
246472
287890
548337
262922
856206
977956
353674
928921
268455
701269
414188
964941
589787
876887
328249
83623
899680
954341
33704
3691
50174
733803
244392
169913
991716
513241
287631
310973
264800
21801
933202
807313
750157
862425
459093
534128
220309
800042
246868
274934
865337
836997
262903
267131
732545
326490
505546
371831
767050
42361
241311
355459
992201
362755
8402
301050
359358
193104
423058
896815
318634
870029
416477
290816
329395
624116
474428
56167
168359
461676
997061
110448
323416
708023
134913
437492
621536
891999
10963
588178
153409
222115
829138
463824
604014
563844
325625
608705
324632
444099
44073
179501
912402
465009
927899
98211
460860
833411
487683
498857
604601
875252
921051
42321
569000
112748
185757
199082
130977
858094
717167
161186
586487
79501
267777
730607
851786
512500
17038
389287
991528
805647
986645
757019
829454
45956
858993
187136
871894
909469
20775
945833
92901
851553
646172
191758
974534
563147
484405
352611
565895
2007
859543
73214
728884
47577
687755
892114
170243
123267
548516
652574
583387
791385
419990
896886
938164
609436
937326
20221
122598
154662
613646
220133
419261
388620
571068
833558
846320
812818
214874
772938
798422
277184
691112
825754
69116
392802
1328
253294
987785
374950
696646
982814
916357
603686
834695
153547
718130
910560
561367
133134
884112
82069
592227
769698
15713
696327
578843
618778
175965
162729
565146
939584
362519
658957
140284
870133
452451
111086
208902
859364
812132
641625
43281
241788
182668
242680
112477
389639
989935
143690
193567
660421
162814
767175
455146
84090
222201
928899
90635
549099
448780
610920
672159
643262
550599
457435
470276
108908
7211
369307
920699
996662
496879
1557
616201
735258
116665
106511
445961
743235
906879
862831
425125
664418
21435
253501
358517
601157
597179
421486
249545
757135
434925
545973
176953
115943
176108
584516
81265
295969
730358
201234
58289
449110
552676
854887
439074
613502
798140
931681
787138
851827
84121
629019
469335
646586
771537
731768
965466
567228
745078
291727
47686
475599
550267
752801
756710
560403
90054
864726
527256
189118
139055
175362
882418
915498
101326
336810
363983
908144
121348
803947
31734
992375
94435
824039
139484
446440
138206
237967
548660
586521
936346
137285
13813
919098
532238
925558
148612
630424
634277
633978
475587
978851
217533
569125
50669
116276
160471
179051
133285
764215
921162
623796
868922
207030
181971
262891
574316
68894
17438
72711
878347
972349
57320
863217
880233
747674
332834
796036
85519
296306
541518
6439
73239
202094
527594
252566
761009
324117
648216
317863
18279
124452
152161
586508
780011
746889
865492
605323
890985
651641
7972
103442
89141
550219
291523
119400
538858
826543
598941
154753
276854
68341
232159
245932
755300
710136
547523
500730
287172
705550
810437
71209
990999
122861
839894
394445
557156
917346
470691
419846
76299
277978
736475
631806
949940
899288
371056
203618
32621
933251
836627
47779
112035
776743
63443
323895
996223
47596
203521
481904
194697
936073
18576
111188
151140
485653
699638
129204
889804
401724
724925
134731
527331
591443
383154
63505
61041
251882
23163
996674
336141
211623
18166
316141
965726
398866
589649
757565
272722
140498
180495
343467
122454
543487
110821
829651
373706
293113
532068
265187
148901
849379
588602
45681
245351
118157
258480
935240
209098
847530
476566
967886
858343
16142
996312
566212
246646
40459
661211
142851
603088
90683
113974
643893
811048
630804
791650
287065
409952
570987
430479
838557
490649
428285
31331
429349
759651
857701
224919
90185
298056
982034
211418
448609
752725
119527
668687
907394
382148
481605
418761
805477
929627
112980
139489
586489
529622
591483
189816
253928
978711
851037
255036
119633
762186
270694
819066
381713
520252
707855
965687
42439
103215
658876
856348
673867
476103
999920
406256
785590
249966
167652
778345
759234
721722
364904
453182
514494
243554
112689
723404
553887
559072
6609
171131
322611
604369
406471
952949
361394
812567
682293
681121
101336
827296
785265
577545
536836
780554
386296
258636
41518
795130
910971
855545
861711
655140
152083
739901
776917
611250
361975
76620
672208
655298
403771
401091
847185
979677
267946
840458
939915
808756
64985
166638
951841
371485
108582
237082
131435
36193
500492
705287
957633
282621
739044
699132
167211
368721
619583
906163
205470
891813
578618
610885
21190
719687
755174
400205
72809
633227
822597
309872
878131
357129
826763
874231
732684
672634
144903
610875
732815
271614
163513
286571
771715
711929
824829
247241
910785
642687
466976
708282
287488
533070
182710
97103
569666
463453
886048
621691
607451
751649
199353
529081
244411
259149
493163
501302
796577
345758
792979
481977
14355
862191
350749
324935
179562
539431
682473
934252
457138
501754
686868
468018
387203
213518
598898
94079
52843
611058
901275
445067
874159
901072
586718
892557
436579
940448
950354
232913
212884
597369
6092
238053
203679
767334
251558
450870
331496
772737
432994
281968
473529
702897
5943
631061
520204
55227
156285
749804
328967
126111
286571
958303
539644
612144
131909
331180
231770
505339
335424
795752
28749
841152
797838
875503
233661
768764
642386
509294
869738
489185
821666
942972
737123
979573
498181
38835
266568
899433
570686
631882
476678
521535
232380
338243
544231
284620
44239
125650
547138
582516
344456
962819
449695
567353
101398
692101
752898
186810
450651
436701
57603
801376
556936
711184
554099
741127
246954
211010
598696
665113
830013
137123
748729
164146
409756
109189
90539
584377
593078
807442
610910
451677
617338
795452
757603
801770
937826
666637
749882
645760
643514
134558
227834
637271
287464
647178
476047
822305
703402
309113
605912
980367
510436
138668
117392
573465
943359
111553
19272
228812
848826
136680
823642
183762
836734
336282
94080
843271
583280
362003
731764
257316
544914
825750
933304
332239
892656
137848
870907
776752
295727
75392
660560
500879
319822
623815
515862
75364
217639
120528
172644
566886
459289
611989
972829
77510
22915
6964
604833
992965
30460
10634
694374
403419
716360
935815
120993
892445
304779
913183
540739
571203
685727
995343
615458
700383
510107
677772
654215
747281
747568
554347
279799
945487
477698
649765
541437
872120
513118
455721
785714
800112
274592
288833
762881
989830
52505
575089
210367
517101
301962
101386
982706
455459
244644
814433
995711
278924
595289
692261
663066
241505
566243
792501
971524
41524
997269
315243
36908
275828
358869
36859
389777
773546
828218
532072
158575
220274
396217
531391
670337
992204
795501
661728
45718
137705
61762
456577
177983
937374
46726
401197
95831
773651
349847
735211
323210
896497
989728
604653
326381
768510
869728
421277
73145
671613
526859
146287
56946
797329
775716
236733
253479
703243
276311
478702
426590
915393
63199
429840
62312
323501
39599
253918
58352
984330
930771
669716
107334
116484
514832
537690
37181
630306
452001
702957
221449
89659
119820
745345
487276
124147
897753
647990
680471
99186
490327
772336
163790
472685
805584
771701
94274
773960
398589
408188
938189
715371
709653
40599
192749
618121
344693
856158
160488
551746
562441
660396
918055
79523
418598
846250
205265
923668
276708
287588
567859
61948
597583
209036
299365
413713
411855
679392
138005
813046
791642
56726
802755
512627
232251
779671
349776
867187
298941
252292
880248
625116
593973
120682
419685
964869
566920
989675
103091
707944
920464
938340
938489
982942
150333
666413
175057
414033
559286
212986
244655
567020
933870
766811
10494
482921
673832
323005
523609
654064
276009
201221
260636
699175
789714
715554
138059
777199
57163
24942
343512
987081
822304
953949
105595
244923
359649
939404
963763
112144
850671
251397
228137
809312
278600
777935
570312
54427
676077
554844
199269
287709
47087
494823
571891
608104
796000
984058
514951
166732
562409
204252
569370
165418
52294
156160
19364
787368
966064
373137
447497
869622
615952
144500
323689
633854
514555
890038
427562
976145
850047
994425
395633
202477
550266
665196
43736
575441
299125
419735
920588
422052
108339
864224
953750
387558
897150
214073
369493
755072
372772
56212
23394
277552
884860
472251
156617
199770
407592
889927
583907
541546
838279
46600
257907
872052
997203
108639
81462
473916
671870
942259
922856
308779
605247
395769
36591
245142
598219
452795
951797
767321
979732
927530
907897
856398
473465
338573
558080
293245
163348
986380
610676
385252
830022
227187
308772
701072
136071
613837
525929
505225
748437
622847
878383
873862
547007
388942
547582
192006
859971
988808
248398
568054
431033
97179
599320
575358
386491
768030
1993
467120
922896
942368
703175
873720
920740
61047
839030
269642
583489
954287
320059
15533
744050
640087
160379
934671
489321
612108
10301
379978
111331
626250
528812
323658
456804
465593
295938
90313
999293
257413
908119
983989
488102
594424
664078
402774
449336
61164
639873
682816
907690
856743
404053
119463
554025
195972
46622
845618
723519
503007
950750
697550
897647
710810
793792
898684
628714
180780
318977
886187
570499
773740
835308
71597
357815
714628
87209
296096
780897
619849
945438
93864
350309
647847
398801
370415
475532
694664
847968
327159
368339
205929
54818
938822
552827
824668
217056
460916
527103
869654
834801
703642
668518
198544
350697
722435
326765
5844
488884
578492
209956
254223
113742
455769
149166
857193
523641
696540
536834
398829
854284
503384
272300
358400
856052
184504
127861
95622
115930
758344
470845
40747
555328
635300
943729
789142
378257
590639
673010
218141
830485
516104
562544
3488
578333
987141
562943
408198
235133
696260
905596
875205
961850
842123
693644
224792
554317
421853
796652
362412
8038
477135
845302
432119
811303
47557
443482
724159
457591
228429
182066
543437
711371
966128
805397
301048
932165
12194
679429
342225
365430
420817
811511
572886
562697
632527
729206
432768
33378
568218
650664
744771
629261
63658
208978
396133
119811
490497
812974
848052
675502
748956
743479
36590
158752
474919
252716
546638
57857
526854
892685
293799
493862
88061
812826
409969
641068
263375
87059
220619
595484
645353
40601
253323
407414
576282
789241
230080
828021
265959
115093
644517
621288
956407
459507
701460
495071
17984
575494
514209
95577
417388
620819
455158
352259
966954
776940
839397
822456
840324
176331
718017
79439
342624
253679
421751
837968
159767
654160
231172
871914
112497
596823
770653
583837
515313
835096
243237
371046
474448
59813
310137
431127
485526
662711
152291
445002
661327
292815
635729
419094
940648
436233
312650
51620
77089
189294
542513
410845
397922
928857
273459
62028
746244
284576
834027
899548
394219
253456
299923
520737
217299
834729
567998
276699
937784
852802
897353
771692
427943
761290
229071
419854
277024
376172
170668
131185
618758
145036
895722
988978
996242
840192
269427
620570
217747
555377
503187
3555
147600
17736
948335
104830
824204
19453
752789
418535
822497
541209
370196
844251
605899
839932
954690
372167
114696
784664
90129
42959
259028
702767
762368
335638
600139
371327
635283
176339
726285
889238
139601
933803
293562
52982
887487
550564
860998
610827
972998
920546
684203
590364
377452
250970
333814
915337
699041
636400
658416
818311
39991
63430
341189
295187
207898
461643
982586
431656
795809
673446
500452
318451
281776
708205
122664
525562
849058
509559
41035
617324
477112
649141
101405
152612
362587
456432
766864
509177
812913
89803
785099
103605
8205
66969
551102
276754
875624
397825
161224
582995
322151
42274
171853
347593
463546
801307
223489
131980
8758
191621
85859
64906
852839
410050
685222
480256
333681
813846
322221
9104
167147
775097
131042
184327
952630
146667
142130
882291
970967
855966
298050
401614
692057
407496
507644
632212
170595
275594
650768
781354
889921
418685
530846
513982
71836
988366
853657
608844
803725
65039
671066
729384
867403
943673
284266
658245
132917
408784
48613
78758
234049
337667
537330
858729
722932
840054
64585
869012
815270
325429
643517
799942
911375
963939
45475
489550
967304
17300
622206
757832
955286
906449
177147
946744
231198
949881
111444
303372
43623
121261
416224
195239
578817
831458
386405
279423
3790
750063
23175
926210
945036
911817
283923
78496
822486
510412
154264
465331
170237
348469
909954
831339
903689
223529
709672
627298
87307
889228
737105
753425
15971
923453
519070
420448
983237
397037
246711
508517
16156
750994
528244
46265
926254
570295
698444
240296
867422
940012
138030
20729
132802
962684
376250
79044
950606
613018
200408
795771
465604
637385
244227
871928
875451
540980
425455
836923
617352
520700
417760
107085
932150
93882
830796
435859
781789
396190
905929
438290
900695
142196
879377
937633
530879
222993
789009
885578
229008
658350
382874
786925
598864
939739
853598
504378
766311
175085
459768
935700
416597
623726
176315
406159
955588
758437
735317
703807
830623
731344
595535
220865
364463
605504
325196
284291
152725
509282
534186
313689
381776
512670
337976
487697
620352
16105
168988
101530
853781
636143
946406
700013
379596
178980
15007
784830
894320
957592
741769
989062
811802
84424
570906
869491
601532
756199
457337
581196
121446
17498
774061
859082
80888
551311
716326
906088
555131
696121
717385
729152
994366
863843
967136
872153
770451
494113
870426
716379
652818
147225
932226
223783
27936
905560
512255
125706
620672
403458
122505
497729
561140
81326
537604
740371
146348
893366
300557
569837
789578
518793
479515
352396
443542
976249
593918
436090
864465
684806
258380
781036
916430
318215
192942
179664
534945
19401
855442
134168
523677
357033
32875
451430
915493
40866
521088
516366
456770
641840
284129
120888
928296
855844
303474
935716
689134
171687
932472
996764
884312
548592
424620
198983
753446
354765
632351
66831
675140
844345
852483
346486
746080
479403
174223
965089
68590
483768
115757
201685
507854
642990
780220
762972
252102
807644
951702
995577
206644
31175
777145
971410
318201
588991
537565
561212
626862
587016
326011
658059
438126
68881
657033
42699
996029
255329
309297
870972
327133
941574
363643
330233
64605
781972
271051
920787
227803
240288
833919
579326
330693
690066
912760
383020
653137
387931
542290
660102
48651
630268
750566
309714
277146
217443
137644
768791
258924
556133
647175
713546
261323
557907
840192
738589
485414
566705
768422
930646
466879
678917
41376
12925
18669
489095
683620
493012
428297
651302
359605
280843
619224
663346
690115
876099
168364
713112
725042
567173
486948
362724
996100
810354
120244
89843
497070
481453
956980
725365
26244
892796
847701
137483
324278
725863
576776
418337
447996
282699
435246
639333
570403
996208
248455
158956
145671
478910
120841
269833
474457
501017
773743
788716
696553
526002
803252
974796
587247
987652
583839
304315
233277
331847
467865
981713
579746
34330
692169
470563
313809
712814
253772
996633
707575
145262
60335
93516
638693
49486
826654
133859
426216
926889
888570
5624
368542
386452
193195
410039
518698
50981
795251
178581
548370
782622
142381
856799
675702
701268
495780
266040
151854
893865
873463
962224
206757
345624
808313
782348
438155
247172
6037
89057
271542
843098
785363
211274
842008
130866
397094
40256
68587
702064
708937
678018
969001
747444
307452
401917
879757
791083
510121
665010
552135
716726
470262
795533
817156
521462
704365
403788
803863
799377
148935
585932
533281
528090
105192
785304
525019
485258
507812
44630
97988
58982
652023
440665
890383
