10000 4928
897879
25265
11526
838864
874781
484537
587240
422761
265554
408861
192156
864675
771481
95053
279780
62659
180685
999686
409816
534632
813186
233139
721848
410632
448185
846660
236972
645755
51919
550698
4950
727721
419879
168068
303887
785723
399970
525939
165127
137715
922808
517690
42077
411132
860302
328003
72511
82673
124860
726932
418275
634085
628060
870339
531996
177253
111839
3471
401064
961550
349640
339580
712642
433860
274804
688400
506009
285680
139148
717742
40028
86342
386364
102476
863047
821019
157524
766362
884976
605778
648493
780078
914041
846991
670185
214055
909945
199261
135124
943252
155978
276784
637529
573138
861565
487227
254111
562941
597271
896101
252307
232134
390395
648396
383921
290649
496805
651886
78767
938459
985711
469821
535092
92285
449099
632647
410376
546157
772022
361210
383903
677519
566860
294289
413027
924290
403269
406662
79045
65762
96442
430954
661367
174074
944152
754620
483256
965569
521750
623269
201755
187331
253670
197452
350220
459850
920281
891076
31406
176305
346773
141119
319707
902195
595941
738518
268520
815178
911506
229756
847388
442271
824905
513256
732235
954884
870986
347365
388659
696070
890052
687516
1821
678393
905839
425426
875995
89262
176913
386476
903358
411601
198426
919230
860875
37428
187696
131697
373553
780036
761866
333256
576049
804061
976365
338711
868477
718506
349332
635528
411940
430382
606096
159148
683863
76475
79863
74555
835374
33209
933575
815841
720787
623134
924484
259198
653418
18596
336193
9967
884737
398688
914370
988985
5855
365795
208794
704627
81060
230280
164178
942308
722672
764080
659601
382758
664097
53961
207197
69177
589996
480345
779828
96188
828452
137067
912916
568122
333153
476615
925530
950239
570635
650729
50437
317938
761059
72811
378377
231787
44749
295900
83902
40297
767944
573828
964333
131233
439072
503823
339578
133906
157716
201099
938670
928972
707806
48606
202911
493134
838497
489634
180000
218432
107501
983673
300393
396700
606304
757592
976455
803430
77845
344477
110633
837972
562783
457449
39258
39453
351732
208208
466607
482802
654946
114120
976486
620536
681552
657598
958276
487375
255852
282042
420418
427803
804923
946415
213796
703248
102017
252646
964144
832057
423814
614853
337152
767780
180499
112964
17819
393155
3941
716607
709205
550696
474499
34844
936720
29221
280086
552302
527780
770353
146920
79782
217873
383270
480655
648142
915604
936441
806310
284238
535557
349887
269793
561646
733809
969351
440259
420223
440527
320642
740584
215185
890632
57574
209224
288826
939125
412397
740525
14188
407843
982289
1765
461509
707230
452170
40169
826764
226174
780077
398292
809916
925974
681906
764629
750872
867172
655885
213095
611058
747649
332750
383217
456165
562835
889544
293652
11708
485558
512783
659792
47634
147894
416227
621642
84961
96642
70167
959752
453067
431206
383363
895984
673725
713665
133545
4902
95216
757121
423930
836331
574499
832155
582749
401274
65352
205094
139692
882697
96355
554932
535955
576533
293413
281581
19271
617905
904905
41829
322207
198612
581175
61964
40268
718575
535102
89336
351605
277341
733244
138191
110792
36186
943657
985508
11134
935938
467428
201237
495167
921650
906793
841319
479950
574340
670756
907124
510921
91526
748396
227507
73743
904510
703234
297112
891005
607338
459089
840657
730415
279554
176562
363440
80805
195444
753819
768467
113886
189154
691780
80236
304064
870331
339762
89621
754034
855892
933216
185727
683220
287320
57088
879827
729330
894526
520858
975793
932089
809154
734311
319680
310206
977674
960542
361043
918574
413992
540282
643073
526270
134022
634023
988817
833351
529128
733484
96053
291845
200722
591159
753838
282121
239629
299316
15857
745950
895656
716210
208156
278407
489328
26015
126421
116304
287477
887431
879511
317569
549933
451806
126250
896112
768254
767534
431911
993380
8165
997552
586248
578295
742611
728624
803163
941786
991689
798897
137521
942682
294328
708656
759558
621320
548369
917640
753404
754782
286583
665044
558767
236120
603362
444055
717476
305089
535461
476900
22351
231108
316614
382849
631039
196118
403745
128158
610431
956166
552566
412567
9206
648048
996733
250466
373265
604684
624342
720775
113227
585088
121492
505617
831922
291427
148209
433509
119381
547417
127624
267195
154579
71796
480702
309781
112819
839012
828837
32704
770843
457719
687760
830972
93176
234376
952762
840232
417293
413260
879373
149708
61443
590672
941114
23964
314954
950178
379004
379146
5299
74611
196138
913073
157279
842674
663324
913192
6239
676614
702115
179776
824858
335700
468534
388784
688810
430284
739974
687688
67415
749898
917052
280404
618522
57919
911693
759575
378266
920821
556030
734890
257192
106584
893479
797395
961300
747168
798580
877742
570868
432121
310055
154780
2605
14690
221008
71634
428922
867352
177261
41315
401033
40834
500374
190557
852016
715558
314439
169965
699123
858368
8678
448339
499869
939546
587159
969461
903798
279827
646201
455766
591283
247941
356753
207144
998270
358293
827552
151650
732465
254203
231569
533680
336456
749219
845046
640886
990146
270008
931696
891629
959325
784420
295240
393438
791049
317741
937230
315922
967724
554790
670864
134191
890230
945032
530780
881509
460701
998926
584042
250642
371844
554148
444171
990136
578330
575126
354006
115152
541259
350404
254023
244093
621226
399515
896966
562324
741260
24812
353453
453101
976675
419118
440643
11772
126986
891182
671055
79246
399616
680716
885239
281728
859667
547400
65547
774332
899537
188461
386831
949770
340531
954644
420831
747612
104022
383164
172380
396673
651097
999862
834149
792300
622396
436607
258048
942954
798774
153796
5801
268226
947626
325231
694476
969048
443068
539798
299964
702889
291077
812855
343384
999809
170255
58784
249969
665988
195288
199881
655028
294809
838571
450339
526461
585303
909971
570742
881115
866712
205921
745726
1367
854576
984300
312396
85790
65820
56321
707979
441637
806826
949734
115432
556204
904711
761328
7242
368563
831394
727383
784259
17967
503147
102040
489386
448489
603392
949990
854138
818038
696643
18575
133949
620257
818346
431529
186783
269386
24964
143994
855983
527711
578114
916085
258241
886038
974626
545599
449992
811519
703002
655468
647061
500203
76371
881039
37336
65043
247230
59681
623204
509635
834725
891658
336077
452809
161958
120114
327145
616525
853219
274788
962689
127735
784846
872333
432185
913642
70277
611023
279367
18799
83524
72258
89225
466015
443656
916877
550305
905574
103618
802117
345178
338988
387798
712586
871706
433533
740700
25714
32721
928831
117694
423774
452244
866427
996447
529395
864709
410097
439651
908199
673874
884157
935757
67058
39235
629693
664771
553493
437760
943639
774997
354237
144940
986288
600166
490322
21124
627289
105225
449725
224362
614234
225126
453591
816160
441356
907126
621227
202099
763077
257684
699804
34606
192930
753479
92659
785862
366829
687353
944577
689892
133682
640571
841850
316779
450008
952822
835730
347392
854600
453262
846594
507366
247737
306456
423531
529414
916117
630497
964143
9797
191332
496464
429901
927003
85205
411521
337539
395880
271732
679149
180653
736420
784631
432068
702522
614442
898925
176335
500963
619737
34490
792580
314071
396999
135935
334003
813311
385884
138931
539997
960288
223649
634409
134296
41298
899364
5192
931591
745901
99359
810249
651318
921471
864000
376664
304560
262337
480357
82593
793231
8310
727273
19517
157967
132529
647882
75483
828729
544924
558120
822378
802688
926054
205281
650779
24462
449424
717659
928176
56996
818680
246854
977599
102121
791664
394637
163298
162342
372626
990327
996969
726721
931402
893053
173782
858505
768018
52669
439639
127811
206808
780516
320399
295456
985089
549730
402771
242696
187980
433700
620469
821676
912326
171908
118772
607187
707915
652742
788001
139737
935530
476206
351781
391352
640544
572963
663771
746391
909352
42748
595717
309449
312178
407360
374825
807494
52560
604378
791353
976031
82424
19071
706714
222569
942722
214115
328454
230889
379697
330056
495763
653017
691176
380340
326717
169291
196993
563722
495640
648765
430352
948664
567863
996453
669679
715380
718311
391696
78707
963680
548873
122635
40117
554148
95443
734801
179597
781484
976229
161138
567843
563856
731402
151520
773216
558984
679340
351494
121334
728830
57478
530941
593968
951344
111024
609128
722740
554435
582502
230020
165026
685497
733823
561884
273415
503436
851252
120079
851503
491862
223640
452442
92020
802318
619247
552268
949361
813938
834965
383646
364277
759200
955865
365762
238224
540393
877775
267227
630072
242893
456323
453839
232191
930772
547771
728106
543927
89725
33066
535970
72184
523457
647856
594483
919415
141287
733143
757377
935967
345483
703285
718905
936866
486612
457580
602417
4803
949723
601604
244650
649530
693515
616861
629630
760193
123195
925996
952950
925489
881960
93653
578681
558576
321198
515499
867727
138679
723556
461427
610906
505423
166519
470964
467338
110912
251976
308579
61886
765610
383353
941269
374439
234211
726679
406587
830425
331178
993725
680064
226912
910124
117729
654080
204169
761591
464138
495553
577620
394977
745615
499780
914696
549611
563417
25069
929109
175352
642744
403285
198437
809408
167571
637389
29128
828178
166939
826991
647632
188592
875239
849155
446199
166194
989753
812384
475531
654917
902766
829684
456935
726458
465376
912433
706373
83314
582901
711533
517908
790029
466049
621773
786908
69718
786520
796311
635100
487158
636163
147433
220882
405950
249131
364649
592402
74776
25867
246536
763846
699304
473695
440128
541502
122073
928733
319713
649369
93543
609
77263
572742
687194
426985
21338
287319
580103
769149
2182
537535
702188
349793
616083
956785
65175
767930
453865
17452
606823
225222
135546
853380
455132
905501
586926
868254
947923
447695
103826
196719
820783
308081
365844
149115
819761
573275
267759
692292
385831
124096
973598
314308
649525
335776
704169
744634
754418
721389
330904
486667
403054
194801
154017
995457
345904
797295
101656
981111
690625
838675
744382
150542
187846
500259
256721
266152
607587
460595
137334
186803
975113
71784
438192
65037
194424
639913
932811
568439
339042
558522
671710
301483
492158
554656
805965
813529
531314
974072
258513
513959
908968
797605
742910
489640
903174
804812
413157
271073
471034
489238
182900
292270
203023
871677
836515
651983
420426
142022
145272
336119
675669
688870
639998
961672
713547
604694
259832
941510
281128
446470
452789
529057
468055
632429
961380
341504
869523
856028
257911
647352
102601
827570
619669
689179
277435
588495
56664
99442
394508
81190
928726
574900
62181
646489
448346
793265
907154
924179
11699
262300
159798
353006
14853
764792
384251
220487
175871
271246
73051
321012
167904
853457
648088
695187
366694
54656
865730
622539
710864
323689
22477
723958
829750
574656
52225
413698
827355
87362
909355
942331
169594
23428
309585
60046
976697
101553
667076
102022
160708
210837
97832
624070
620810
575504
304414
106614
340488
606586
997284
393605
908077
260876
533671
276456
303289
611814
883707
761724
959087
275241
690223
377301
381302
307665
569051
926982
287238
322771
149551
457656
675468
920649
818941
467844
987642
592247
528493
92260
615354
680536
985788
562778
917034
830128
845926
892521
760601
736979
627897
594627
732079
263603
285972
641748
609668
435801
699577
426878
768407
244633
737815
118022
117949
647917
980167
9045
470577
712684
650207
320468
645600
102745
324686
695155
659374
987222
96971
598731
281901
464065
493202
984387
146628
719678
980817
956315
276234
485533
775167
11722
12862
594067
113091
430001
975330
264010
487581
269142
325608
155547
615011
152120
584484
604365
358552
569240
296050
968376
302441
226949
332380
971612
964392
723231
170716
953844
730882
509592
686952
872940
472759
854784
707945
839521
146157
658043
353433
350141
47719
650449
834398
915453
247897
100333
791031
217314
148253
888072
585515
78002
766992
702535
730873
580910
351310
130683
25475
584341
223157
706967
410802
250358
900377
128494
398283
294163
393890
453663
882082
90972
109932
519036
162829
482517
704797
944476
28111
608895
567743
870481
579696
487047
693804
334161
292758
606275
976122
343504
393277
209596
831707
221297
332882
647444
772777
677929
591515
932307
521875
830977
610180
270008
96308
459855
444231
289800
200302
539450
952436
606720
690144
864954
309350
753076
870162
712606
833236
472173
372758
361432
17191
49932
116680
232607
123477
391543
291386
287440
14941
259545
540437
590703
928371
763031
96784
297009
419231
371033
213509
210608
499822
329534
917453
781683
9927
445573
92775
941898
983440
104688
128
632532
599957
802936
561517
838895
671119
562840
723136
330950
877761
194335
334549
401680
400685
301820
960776
644490
246336
788168
75866
882779
619768
458913
773773
290031
653924
966768
827189
206452
864339
788207
19087
458131
970405
19596
266116
143870
736975
616243
488683
462267
991050
205955
562822
113963
784145
311289
65372
203745
453848
538552
245992
204056
971271
550255
618607
517881
715955
942047
476061
308481
432425
827915
476413
269587
72948
763396
951204
966367
232790
910794
639017
575827
312550
968948
282045
995513
207588
933557
50283
172957
678528
282960
686421
499919
787131
191141
160871
855462
758062
141409
466026
568670
44384
781629
971773
192596
696818
932950
237481
518994
632712
44939
407496
824736
230882
459200
426497
24216
37595
330528
142589
184640
169865
61789
784129
569815
343144
351783
993460
519053
991455
35230
991004
347767
743768
854601
869758
894911
857529
58802
966212
98626
767748
630647
780737
630505
590088
488753
106499
844180
824116
433077
39574
21751
561047
626106
229789
422390
538322
511281
191177
874607
377649
765336
419606
211029
612286
951262
88374
415553
882709
909134
244368
371435
399841
452437
481868
234031
739907
673583
186396
933800
931264
353004
357912
758560
933280
770193
562731
68037
863922
880810
123227
429631
472708
319042
997824
745826
866461
401235
876519
895758
593181
737903
997262
953
618019
184479
444825
376902
898610
890184
662849
213895
167658
243454
414992
898715
703989
490898
901092
903662
761715
349808
474448
550773
858460
530674
64584
430826
943589
405540
841925
914058
452100
490410
895527
702992
440198
409055
73925
322212
228309
173174
835267
349650
75794
987823
809492
964824
737047
548507
631691
902276
653803
32174
53647
947069
875239
144299
633385
617013
667655
865230
16699
317126
867311
710703
715944
485981
179805
700268
340367
50777
288723
893958
680651
466647
558748
799779
851094
679147
483638
862214
525370
777989
647798
381814
288568
180147
857030
325966
93754
523756
496898
504242
811666
865447
259065
933017
821712
872044
730185
366887
48496
213093
663967
801613
458304
684860
135011
447760
529544
535956
736005
406538
404898
947472
94266
464084
2067
358895
922112
584086
279806
811329
883445
805606
407449
520285
332822
975306
848722
837023
197437
225829
529411
72301
146252
823506
484898
642316
354668
145958
420009
975607
146325
791000
524262
534739
154811
338078
939288
504193
434530
276068
385381
28406
828773
376648
948957
126478
784548
798821
836065
362117
173220
187890
762739
378808
985920
131380
647803
486317
453478
907644
806950
889689
111109
336416
690036
220707
102638
946006
672532
884700
617544
591204
356595
456448
992767
538301
399522
398237
26497
595549
559897
664709
905232
280144
668844
337948
521494
81824
69768
960859
335118
848354
569258
391604
354791
110578
117319
947881
408396
571110
445328
595935
890557
900864
955528
259042
521408
797765
510528
804139
311869
92212
298836
245853
352092
690126
327640
198511
683330
250491
805996
76828
21569
730697
374777
165378
797649
359261
435896
120372
149720
203360
704812
933851
807830
324066
711539
216054
411569
49693
561398
567988
932978
811750
18301
252688
521469
494110
841237
151172
250565
113686
702762
440078
955599
866490
988691
669056
871936
396869
383617
734885
317002
479277
408952
978939
854519
54695
59365
190315
461546
970793
199870
955913
610895
5073
327150
675075
959894
790445
36758
399533
135961
714891
850584
502871
50570
571899
647003
907049
157197
6008
827600
777501
507556
389658
576872
229682
451252
633958
87577
439339
648565
935460
234419
14541
942201
221853
773070
172037
493094
751649
290360
343051
551331
778827
880549
482701
491499
708537
992100
430879
611090
84800
199902
280462
350425
6344
241269
410855
898949
652912
525771
212540
924666
391376
443383
100480
11686
640573
802417
154862
269253
498080
59733
563498
802472
595156
422337
397751
219375
76760
166769
734389
229861
19130
148264
44346
21693
513936
753944
297770
500808
313263
399745
289192
294592
461286
484406
369174
733756
904394
342314
306919
759404
626351
41536
367292
498376
466929
316800
135170
112313
300281
905059
544229
869370
546919
897093
176009
800340
684373
761526
224215
812369
336910
730761
485658
534544
55570
322003
746447
367272
611649
308636
141254
971295
452360
647524
376741
393671
869812
613481
705019
725828
763274
424818
660575
725991
204360
550485
47385
285583
521932
391341
901496
371923
141903
870896
934446
6011
633227
999410
486656
277428
99262
734029
695211
312306
155989
896939
194059
373928
563763
497593
703179
405856
280665
496537
214219
978869
450400
147967
57144
931756
818744
283884
664765
352237
936745
592458
995374
763140
51501
982729
593407
645620
958885
439231
601230
256956
165568
895998
37754
64096
803345
238062
578973
772348
704560
720054
212668
191948
500582
125565
977449
594502
882481
943024
758573
941523
491243
991974
966049
860585
909557
417576
895002
889716
715609
842064
70326
144894
543932
10341
450628
47732
570662
759538
510260
926127
515537
928477
725045
697072
251072
482509
103094
792805
462495
149933
219583
102872
46797
92935
569087
641650
142774
243259
144405
200614
601163
313942
509247
651605
954674
541829
559874
494056
822541
495962
536494
844517
191846
378842
929432
905851
470116
999626
251235
219627
817546
465585
656829
850114
483118
490495
878624
761422
322175
877790
628365
942479
332088
871984
514997
467926
307053
916635
461276
745598
196591
172370
313043
79631
657127
412621
29366
319930
819241
581516
521421
725661
836382
365066
210482
29354
867739
883680
136658
391537
306228
493790
778136
787992
375465
256758
353976
352343
163962
268999
533741
688329
373332
562469
489039
774227
952275
806734
902251
604465
610521
609759
395014
57069
64634
39040
803367
565926
684931
635311
750550
159082
678415
754206
257027
348865
48899
28802
269376
910460
603607
991112
403927
449108
38805
491011
146389
386826
426823
644574
896187
608352
117927
52649
155305
371811
833338
319597
687128
856002
900033
728851
683230
121484
175312
107669
516402
96743
213332
705151
327978
726695
913887
159399
348939
684521
545017
747219
758659
525948
798229
301718
586852
386034
353906
714489
205554
181505
805869
10456
912795
524721
714603
287573
490482
6985
65568
887521
526065
952580
873524
396916
731335
929880
148822
839743
611560
249827
923339
899794
620339
768115
852430
328055
403979
915398
427138
708843
992708
808478
776321
194314
151628
695278
618986
648740
899444
356579
547757
435906
505764
877810
867002
70042
966082
137876
303132
747040
617079
4980
20975
120530
907398
57842
177832
221318
127024
3830
88783
5897
603806
646699
652934
718188
514004
190520
608125
288366
307084
547510
795533
549519
223864
512060
749075
791578
190465
305453
234099
759347
14160
513924
134776
236074
554867
84024
943225
416692
75890
417448
199769
96080
923272
840466
287665
146243
262568
974996
191250
135781
214826
120351
248699
831462
763696
250089
387864
685066
519608
980874
257295
591916
397201
534172
877612
349655
267875
686848
327994
305637
59959
357026
369133
126573
473879
205860
534479
598028
312737
715932
36271
553799
738733
374773
34450
80495
856748
928918
66929
385178
657429
429098
817976
151718
757662
594516
314018
215471
419077
630822
402163
997571
830254
767464
164647
979648
193713
313493
348966
165597
938236
625180
686462
892030
136403
916907
389334
926634
810393
467857
770746
771088
6103
899649
158857
432672
993325
179714
342723
76366
441209
603740
390122
906655
127580
758232
503261
320713
993173
629076
649018
894582
778778
216346
706633
358812
265330
929444
851287
805218
450292
984965
416713
460248
710839
484458
225689
654275
110922
895100
989171
874394
458315
315190
932620
733307
987412
238946
423177
827307
885791
266843
920171
221593
527192
208348
889088
783193
115853
955787
71714
575811
577819
623066
773690
293224
342119
489537
179171
705801
171950
94297
454492
541031
890582
339343
301460
209992
659031
385881
820419
762846
52954
886213
234858
553634
533707
532754
705021
526082
431325
419145
887890
557598
323328
781803
887186
251806
554269
968062
10477
755978
175944
642973
52314
318189
106991
652692
18945
394749
52740
946614
398451
310756
861059
617541
153225
865332
682417
479800
446133
414373
693834
78620
716056
553670
437317
564571
223560
745351
481778
121541
614996
582799
190564
573712
726970
239866
877934
167230
59726
986363
790994
270967
519598
113233
323926
407492
159476
349429
783242
265088
422142
394874
439631
382746
25659
677139
282059
754091
785365
695829
582023
951854
625543
878685
74639
489393
868417
710085
981533
855290
946618
95032
362818
586344
892867
1504
316492
788704
458447
659149
262627
516770
934083
451754
593784
516866
757928
26282
932246
213556
367182
292360
688727
587821
104464
164550
676124
42443
28740
925027
916071
528879
904152
401559
598656
289847
397533
68658
770642
22653
858716
82555
684414
35812
532117
817018
758410
249417
435236
362259
153432
744005
469486
172546
183700
91989
410759
860509
989206
347991
186052
497725
739898
656137
173146
132222
822266
191155
478780
391903
105709
794160
100201
803195
95620
527555
551668
700787
776933
244511
601702
23636
739697
257036
679400
462408
121239
160194
743647
678692
336417
542838
698139
220314
293342
744615
603375
937814
199922
440625
345896
605104
630468
203077
598583
654672
415676
756718
703171
791168
102377
819375
423222
692072
517969
131801
998922
865620
968382
738236
510247
47013
528519
211447
758379
890481
635324
466123
632193
393560
31717
897259
673903
639076
387930
80355
261667
567842
695181
367714
301174
886445
278100
943907
300080
848353
56598
626183
15037
175054
612286
244040
408170
91181
595680
849217
69128
799696
384410
93341
838574
905394
508129
847889
176003
886869
53213
884890
340171
525637
390408
991026
869004
946195
85861
42607
892294
9832
15216
172176
704501
660276
226499
884618
930461
159849
846884
791865
222662
304339
751980
14332
460216
637703
528986
952101
260536
808402
590633
862041
345147
352087
797843
327060
527292
733232
945532
830209
515499
198616
500281
975674
347631
679234
696075
95403
615695
50356
34712
352157
464852
809916
158353
538035
172733
891968
83585
951855
539452
716594
932754
7672
700980
862737
589856
680323
373167
376453
515645
557407
187535
726801
540464
799466
164457
969597
189867
80223
375892
162650
164684
170092
642055
846438
86486
964593
366737
601684
537193
894446
381512
926110
242701
356410
469955
239243
553762
514711
734967
504850
746570
871933
265949
243378
632175
790727
773143
394936
840632
41238
273270
45175
138586
178139
363459
332252
228436
191735
46482
478272
622591
163122
347150
25806
726071
669724
199230
28638
649472
624949
74573
505100
437069
673316
970759
772548
709652
983163
460328
71922
188437
430666
111733
803601
13758
742492
690789
229361
485151
213914
783630
296031
313504
270085
442388
240574
718811
617695
727349
130637
279411
3107
558497
407220
682076
902049
981788
584024
623406
509685
632993
249875
721174
486042
867560
189739
560440
166457
397054
583506
462161
990378
768627
63993
827261
174140
468565
145038
6840
398523
183800
413803
963910
635921
49587
250468
285086
103752
981996
804724
88072
668818
940668
942101
598277
274477
777519
115478
725565
627552
90226
490700
77283
691818
241501
160246
3999
665495
259341
774100
460477
420073
837870
705869
727276
789597
691606
361338
422703
325541
5825
584516
992754
557988
876666
635069
699205
728508
933905
693191
268736
116557
33924
356193
387335
873121
981380
722785
362413
807499
940597
300956
185822
320558
848201
532631
561148
839699
883309
750231
941573
771049
119303
763683
952521
551132
156758
860593
985988
590561
992075
461355
202322
849342
748391
642554
791305
708454
393633
218573
672473
17010
33352
626019
515639
939024
925621
350720
255907
410604
157845
557131
49982
662159
976740
288046
444138
504465
795559
278390
74566
291187
644802
408485
559078
89003
835078
431176
920055
656204
144558
936658
954260
679227
740525
106330
648311
983911
469694
651092
72774
932767
741146
600687
287604
705121
812301
606813
885884
7696
166458
923630
783372
88506
257328
176046
250195
908393
405315
542795
207055
10547
462451
201044
996621
556683
405415
206950
6583
241296
243822
46179
635242
387686
544200
530593
687648
213148
166041
245283
708644
713927
331013
54987
102052
365780
513032
912604
229132
36828
464293
334558
602786
166429
256014
560250
809184
95286
981425
861908
540248
820715
844956
766490
937014
529493
686875
384061
505783
121042
737055
300235
502273
56305
681757
58478
942773
727803
855323
93375
66163
136281
643450
476388
242378
745095
358315
81006
576390
579358
779963
703536
782082
656695
323261
593439
37942
567784
380573
200456
180024
451519
816369
324476
162923
489356
723119
109574
232301
530314
606917
33230
63129
413559
726453
626295
825950
756477
850184
931257
487116
212037
344198
774612
10472
809220
91792
658691
416704
330618
143041
342620
735033
704557
328833
421309
484406
311264
104014
558273
958792
797409
766029
763385
386297
513030
341847
498758
117892
924189
904242
386034
507546
492541
505681
816153
65843
135886
227921
934872
899996
560606
8092
915861
167287
16018
285697
257544
105886
14337
304255
611964
475185
883058
207012
659552
448232
388839
72755
697712
226413
802887
621210
903199
298394
495126
4286
129500
493043
578774
556034
484734
789382
916296
493147
540432
346413
102897
843142
425816
712382
518979
77183
225969
96228
533848
928233
775068
809482
997310
600711
23261
331596
658893
975691
853711
36274
321454
484876
24337
535823
472301
547827
520623
779967
755686
736258
876761
958931
84832
589704
718629
450587
596552
152144
680865
165308
403523
53267
101494
871433
646320
152273
716846
346818
21720
201705
29240
922067
129342
689322
908316
520603
143930
259914
877773
484251
866449
829353
485266
815086
91597
950959
637021
545116
501614
420096
282600
447882
874743
195636
321122
128286
357152
116603
54223
184449
289049
619678
538677
337680
406920
403286
850350
373645
881604
787284
448973
865547
306156
246074
446354
264926
521425
314409
840555
336550
142563
752566
179629
694606
629434
34307
447425
422501
854203
166731
648814
224252
894129
448699
890497
699165
425228
811797
294140
68531
341745
532146
919205
140661
644334
146495
12968
112657
66164
130041
225765
736227
701164
548013
468311
743212
133224
706076
54317
914030
555222
446494
409413
473404
182464
293953
560307
434540
38683
186926
580589
10901
399684
179809
496033
935562
268541
638569
883911
486441
686591
428325
366376
267621
463054
801415
914475
753134
143026
392115
49352
864319
718727
853616
152392
711362
735115
380202
625075
980068
270980
504224
293981
827473
225497
145327
633465
574325
16627
481763
529687
873520
928050
872446
892694
482685
992137
508841
598795
172295
723201
648987
918547
545923
892141
650143
354253
777134
949793
338258
23317
779015
347263
860038
212096
45685
692555
3661
807867
63174
153448
736595
145676
406927
62008
718945
820684
827129
695324
760439
706767
303682
992109
398000
594886
863190
199837
161005
616887
19947
906120
635943
343587
95685
990800
593071
984929
372678
705353
667798
600820
582754
795173
791492
980935
417705
219466
21560
315319
121185
481173
297679
524129
771947
832005
531922
267341
468142
877756
760229
479468
973641
332001
471194
587576
830537
523537
473649
132735
44868
391526
235660
903251
606468
281529
676308
120595
819631
83401
643040
484341
787253
759768
438466
722066
1848
959959
482403
172825
242785
622220
873477
938167
586058
971916
321859
431458
646018
663765
959224
601234
224876
908527
903352
216128
378532
748869
867155
294515
388716
203424
115461
38026
831155
210812
753709
579251
728928
178042
681637
333923
36083
245807
648045
594134
543316
944456
356647
384799
388377
100545
812993
908222
730275
372830
570483
148592
307927
129300
991598
663630
495689
390785
412018
594727
16707
804573
19029
949465
664501
697594
966163
637284
10590
146825
366714
646531
121484
623038
716575
238770
648145
150578
956714
26014
698565
599468
424303
721880
757580
855137
707777
642380
643770
805216
321278
455579
318525
505258
73788
702695
857579
346981
281980
478022
119081
919753
153802
948247
309069
735915
808988
33857
949023
567715
592403
931756
142893
510269
240197
987728
654016
209059
134351
350394
291505
455549
774056
601687
62241
875758
272931
21480
143608
502664
941049
647997
358501
184478
174743
139685
617249
762796
677570
861395
304493
100976
65369
669124
363732
733221
246197
637835
277512
917282
188824
203982
511964
229904
455843
49832
281451
846049
339148
896224
998311
8024
627598
438983
116017
568851
189499
284351
974100
58424
124829
443780
247648
815735
864211
494233
99584
200514
596106
131173
967045
968847
629909
829297
261657
806365
357193
16824
416786
53652
858542
342026
682730
686896
613057
93076
693972
29960
711317
957341
513640
199459
795445
503695
372192
11096
387236
71084
275591
338229
285109
959716
69342
522364
759370
191312
39025
488061
330030
523230
818305
741601
680737
292003
74899
104823
350460
588646
602508
892759
893840
510208
633587
247217
42770
805984
299542
425632
550690
223366
737161
229554
753877
526177
355028
580077
351463
916056
887256
585450
30612
605310
903665
989140
183458
199305
44819
369296
274218
67138
440961
415399
100480
577012
650088
443484
455855
44162
486900
379650
346662
126517
433534
769438
896539
141903
994141
552962
753473
372735
851601
735016
949151
83148
760925
410243
316927
200534
108688
943388
135821
878344
812652
221636
463187
43428
601560
251274
17625
839281
990030
330590
948804
928002
458743
515221
9546
130341
462906
507054
724320
691748
860501
371026
915082
945715
20773
250658
112143
228273
162202
635572
913500
348692
378442
271040
702641
729086
94779
761238
590638
724466
298486
884099
880280
879558
932096
444413
646343
444064
910334
786725
840172
822170
396521
756949
99958
568198
271676
781379
548343
581622
751303
643421
601999
534255
479366
124039
741338
56917
250032
351476
50713
130558
102457
966368
651841
199962
294940
346474
417538
670466
678283
155314
309881
681946
1006
975800
648393
499184
667081
230785
258705
562503
549147
153099
789030
299946
948764
92736
349858
152878
164534
922256
65265
744664
523605
295416
545556
978341
342652
209050
834626
765078
637955
466556
580577
281900
146083
718920
453326
931810
440204
194513
454656
849701
7198
356808
334542
943862
496221
445496
254099
705342
254418
109845
945181
277367
559850
2916
893606
553525
657372
379576
194334
696584
491259
608340
569710
18217
485883
262141
840864
108052
820083
880674
101938
770357
677936
540756
622172
643362
870853
139496
457745
960633
541168
994495
238810
205472
446705
84180
986840
461925
839375
85365
428941
399240
808090
698981
527927
276673
696652
164758
102175
479950
593523
980051
886662
441007
795570
213497
378190
732770
776100
273269
82235
841859
7412
389389
752792
950908
548267
980019
135072
304299
9441
67646
469167
300395
29617
688778
735738
168925
630822
261471
745613
210262
280540
505220
932476
340091
645630
453719
413369
349223
479798
710140
865604
480324
187123
211357
781120
432853
312910
58281
473789
483503
284838
458905
227444
814046
787533
252846
687024
501920
390756
32256
359637
971581
596900
852456
621627
104289
341045
48876
62074
939807
913362
178947
139129
534599
953035
699567
996861
380723
4905
364564
620894
529175
823983
443523
384882
95550
733527
122604
114646
68435
490026
371374
177702
311333
463203
473158
570589
826221
265994
568593
935458
289254
447839
557500
51775
912791
319792
553430
396329
524159
995934
210899
238136
272669
303627
597853
313604
308067
495062
864523
408605
323274
487745
68065
274575
386999
917254
940983
629644
531704
293788
755185
273262
978009
429172
252321
388823
608173
453289
993176
349459
919454
201833
359266
44760
497001
923566
277905
889914
464343
931169
710949
67354
130603
675808
139771
267310
72957
627299
526184
209600
980589
299253
818681
471829
393487
534555
318183
544253
696210
51851
709337
30706
327089
85384
132905
528210
220674
863018
349926
89951
922399
810311
66062
478856
326561
926959
817791
272113
955644
687829
485972
206758
944879
448750
206206
787839
87869
851646
565769
368740
923221
414080
431591
327900
107073
987995
246538
878811
370457
144042
440576
990249
688666
192476
84351
35956
63701
11103
303046
220173
644593
37673
106300
92059
832157
761767
950917
495438
841804
464946
131690
37578
810091
440351
611374
733456
499027
319309
397207
380648
788011
263437
679040
429204
185530
598641
531909
831393
510389
138064
630180
425851
868273
155870
532006
986813
228040
677669
106725
618647
694263
244457
893803
479631
484314
846037
337251
658368
565204
513571
319082
278684
553860
377372
385362
414056
636826
259939
750610
298518
235082
67527
554104
362873
223394
504784
241681
33342
932383
526567
522727
734247
999911
166687
825269
996009
884307
984516
37606
210615
851304
265721
669135
36681
237548
454089
465483
747650
932634
282987
421596
697472
868799
337766
832440
44519
561137
996335
783527
776453
386059
164612
487367
476227
506413
397192
777428
146096
137931
635840
63162
39129
758131
450293
54622
656246
372798
819242
505293
270794
564299
477146
615124
485164
243128
642951
852277
478819
205862
240593
839876
789988
201671
411397
764724
20473
442230
417695
276942
248023
795512
531039
573588
349523
493753
684641
573249
750524
650414
982380
306729
769575
115711
294631
627048
12923
633329
754735
753343
84452
890958
954054
231342
521621
177688
254760
168174
902424
366263
849222
594980
951059
662256
456405
793629
333113
443469
192592
836991
763686
351306
413278
426928
982766
547000
375805
79704
451777
657182
624772
116728
236367
526435
736369
433581
714931
621632
355616
589165
246650
141439
116694
660700
425423
128731
540400
755265
18053
900686
56701
957364
710575
78463
227959
961598
563929
52793
873309
342637
700873
968033
180054
55160
41056
744689
360716
730676
59396
583388
781766
477492
716091
326661
347846
710685
705362
466886
513210
906147
219109
532384
904109
53835
323220
827774
774867
468027
284263
956635
893975
799803
467225
981565
566413
229321
235699
889944
551063
373392
553709
65328
570019
672455
355358
970472
975736
38503
13294
655557
679604
700438
271553
982013
203304
128857
129081
601751
110382
367385
839960
71082
629635
423673
826701
431733
66266
767802
162527
840768
607371
227648
80714
182022
824176
239496
133484
798267
593465
144198
840608
202665
678759
879540
278332
23290
246694
885104
534678
74996
486885
50571
277895
402039
666155
430775
302266
234187
333573
5171
803531
84140
539858
175305
963854
624460
889023
457268
784407
282022
213068
235316
625405
361613
104483
532895
822884
794239
890437
771604
998716
20800
247867
700918
148938
79052
954712
755445
180472
86488
919635
531334
677588
937761
462828
83828
313032
27956
879860
579030
14331
753358
79211
672325
560761
604169
723332
332632
170874
161163
25312
878987
280689
966709
974909
727817
261506
934847
176391
507440
213973
539869
872110
328393
345281
67184
689519
952974
193550
134029
113559
183427
433130
760219
645405
654301
271187
379098
696052
416875
210876
715768
389673
917933
125461
787673
929041
695945
813985
487515
713137
580776
988807
904089
703656
683247
789188
930306
796850
651374
488551
120464
53157
115133
878952
625765
613620
944235
222662
819452
237881
771903
515407
109030
504853
800296
207677
599315
417036
321949
748976
994987
657012
714952
598407
543756
338707
337491
497664
263305
495232
726241
426395
928960
852353
427559
590200
125834
446973
757692
432666
60202
949670
175667
898347
593935
682377
275807
650416
414995
106617
493064
988396
158582
61738
511848
13372
25361
520950
307778
402212
670156
331596
84093
740218
160421
356212
318125
957386
217914
745453
472781
158014
598260
411033
235216
998480
429225
857221
297321
389981
719344
138087
356486
503240
497536
785922
355576
871572
597089
880666
135927
50246
274139
501848
723459
465698
33536
159958
161506
302368
82817
417678
88371
517916
949315
430334
189048
229087
637366
28168
231615
658544
153602
556494
192749
275455
442132
57619
484893
259372
849911
719099
307751
326739
730460
195675
595090
927322
916306
455070
81712
164280
79812
954711
97429
680260
114753
693280
165579
978681
808386
946878
636828
260299
131058
901016
555505
990491
290778
437361
613866
897581
919337
775261
675975
309316
87384
645940
798187
852392
537501
863397
622691
203756
726257
784736
127686
658853
204144
771222
755123
608725
115936
665524
441580
375910
693624
822208
216697
344447
265214
308817
574269
152463
628884
870529
864511
245398
661310
259639
560151
101857
157656
343280
761687
19420
260511
418684
411207
539309
428942
902275
195639
480561
118835
686430
394597
830763
348689
139970
942662
437734
494267
823576
900303
40048
963477
516959
516590
43772
496424
603316
585877
982109
28584
522127
614192
716539
952686
47894
39457
78774
79276
260507
225201
980825
300972
417616
259271
204320
898581
28545
106966
632831
249094
589423
905369
134718
200470
400029
105994
499161
954031
17761
528534
755917
136661
455533
197508
26258
598725
936177
854376
539340
600561
183284
496405
178701
564562
19107
564948
386746
350972
569129
66483
132392
720606
933034
648088
925485
153135
499093
699453
415556
344098
699603
181633
673386
223262
41340
682388
843582
623630
937031
615536
172017
921293
658645
686819
679006
757737
761549
868734
564384
695245
668465
269951
71712
962188
941060
771778
974378
441952
741740
606032
519758
245950
731866
280356
683051
675039
840553
312398
698206
54983
557001
33905
128598
820229
260528
661409
332876
151628
328163
456069
646020
612077
470296
713951
288598
540260
176240
261621
402120
19360
330152
363388
281075
696155
18918
182374
240665
871431
755335
326503
272184
78807
141120
439829
129450
200905
208845
754954
507363
915745
641140
988864
519828
694375
177465
414489
658514
625469
597312
90041
116245
458336
941889
401477
488057
54459
28438
436272
893922
465708
106595
54077
29246
131145
44529
978586
657092
3685
871126
674540
313653
617693
911575
837231
410473
196018
311200
305971
16670
132359
70407
947504
64756
901689
706851
291381
107037
707613
309256
557124
336020
207760
604616
74783
983032
466553
276760
255951
37000
73767
694872
107202
41874
277179
631304
172580
349241
803328
16858
440279
530767
370098
941513
667402
243312
546718
609591
459689
300391
83063
544012
496741
173712
746813
96650
545130
659308
408006
381070
553005
395815
841005
799696
534347
551280
595697
814015
438722
716607
929190
267023
322809
61617
806226
612891
65307
587671
799748
684654
976127
863031
582101
624063
318949
178042
718326
521395
490177
279046
887630
201683
949544
473917
804622
853026
261163
228807
906132
160658
128938
671515
321100
717433
106705
296108
692006
553189
965315
365155
970603
946015
235676
113344
61218
513879
799384
437086
749893
192720
138126
347180
755532
967364
372230
850965
300166
213936
746553
522532
347082
942115
657175
318396
591826
754864
900319
504173
956638
947345
361576
232351
414514
555789
431624
519036
214151
645472
914542
964524
135855
16966
230358
255007
970258
915375
970026
548018
342248
822884
356234
162262
236709
720180
980349
421744
205506
765611
765050
66399
70067
814091
311035
83697
776147
358906
490333
899686
249884
311872
631315
9615
36072
40730
855211
762364
848719
572781
30450
486424
756367
162558
239957
932152
787236
844553
665151
978175
927228
236732
346114
470378
365935
910203
41999
686905
401602
95648
942800
632444
167951
802385
419768
816911
782793
549092
101625
264632
136139
180548
593950
304265
117340
976582
439147
332940
270152
707725
354392
131407
266701
165565
611533
632756
839056
602775
671426
567846
41480
898226
717484
393191
719183
647919
188417
188111
199698
704535
109401
287193
141503
846415
918430
699554
945418
416128
525768
227699
310272
808342
684213
535440
240321
258171
228027
144549
110659
444642
702729
62801
511645
323331
825388
604561
157358
577137
775839
746297
815528
843074
139262
756676
85438
455023
82003
725735
530610
53975
735047
331731
799735
85228
272325
127047
314096
63706
824746
703223
704436
88767
18843
129070
221317
351785
900223
927060
817031
732120
770586
527293
580864
898197
914000
960278
68861
225559
305343
765261
293390
219822
747692
414587
831072
675295
977396
260438
838924
78420
888090
341942
388620
905639
687466
964486
977194
205233
450651
576727
892737
103273
65284
709188
475125
205418
80497
147827
529420
944745
380331
146592
70074
572128
183216
150615
440320
127418
632810
917241
835083
33680
450634
327514
815468
255494
93166
258697
93296
586060
777133
136030
869494
848605
564808
965836
254852
181823
319992
57388
782213
408358
383511
933604
782612
830745
781699
351347
803987
684538
358075
359060
177004
962135
51140
780250
52860
714822
182231
787578
412918
159007
60958
626304
209067
606422
467330
123147
597267
125769
268805
798984
810969
875446
654190
347108
44759
217384
704827
365915
334165
810814
429787
770980
881109
928829
35591
594368
436926
804596
606416
938708
741475
222650
171588
416124
381032
569975
51246
361695
586961
934445
459080
916503
13339
227752
262724
331478
811181
603893
281494
398915
834389
908476
612378
66127
854359
527762
57952
721414
508793
349169
618979
571329
260786
527847
411330
417642
996992
818325
173563
119294
473230
482211
740914
235142
9347
448313
12494
266155
574470
551080
659717
783275
914434
422060
613827
800110
779071
366811
225513
281112
686964
748494
321149
52851
619844
649819
290034
725341
419057
918759
689060
42935
307664
764216
772146
718641
351687
450689
475428
2798
703950
282136
352598
239980
425959
431022
338296
673973
616887
924623
287046
97875
487785
658618
207729
370942
280667
605276
813742
279814
676090
956470
920116
608196
521533
663608
324239
262921
809929
308075
81835
83519
72231
862850
874437
307078
379266
358972
244912
761341
586249
81299
917756
378988
951232
42526
505987
959578
974568
991056
659628
627493
14322
371719
620001
409715
976053
601515
499510
712224
138283
700021
781552
536739
405795
512540
381066
860192
45001
966476
545988
270337
84242
692977
483211
625420
724130
724634
110778
713504
833231
865741
73935
130374
611015
190663
868928
495241
710593
183036
74871
883014
87921
187495
514538
806457
671595
859667
725031
610136
852353
385179
457821
238235
893687
413366
729034
911534
668764
531506
342424
154029
347656
390305
173466
761310
438943
369998
896094
665054
261386
971862
895814
26064
781221
485836
762176
583328
25843
753799
802377
466638
895757
252263
214613
390853
548275
226453
190959
800635
336665
977101
927691
130449
441237
753568
151173
14125
666872
932627
264934
400630
615565
307623
366128
750139
776380
612470
202411
985440
618235
118213
860773
109579
511743
557899
871363
32100
244261
38931
746836
140235
655235
573763
692935
535099
355415
94655
578759
660981
262532
403830
736872
825336
865310
898249
434956
86324
757144
863840
763680
497138
245215
380379
257057
160401
360514
621120
839098
280360
737359
407753
552909
549199
167894
204340
115487
618503
692330
427155
584476
485888
12052
863472
823634
368451
133042
237744
625797
347634
435682
208440
948297
236118
383778
163174
986660
133838
315567
85508
390871
760301
160112
195235
757130
297871
786434
357080
475643
190184
879211
85528
340153
876793
418340
994436
30510
278619
400112
342519
40464
629084
120935
876190
823688
812157
91033
315188
978287
397865
678589
682511
872479
289009
25419
13948
909434
217854
287793
271882
232069
290532
167729
398380
40883
635450
169384
21695
587328
470729
532306
976398
94895
374317
243760
456901
744605
70313
602106
369266
485695
911456
254345
372649
615541
980299
552707
552462
916812
321773
511490
243064
936842
594899
424362
725552
9225
414232
150358
332905
13582
627847
152756
995571
941801
207934
806503
564047
684868
501525
208330
920214
416615
68999
969599
455722
684091
965809
114887
727349
168977
946137
243461
581363
464011
747591
18639
387580
901782
833454
120532
768500
444499
799288
712978
333946
937748
848544
580656
317251
332384
294308
89185
162664
513771
318648
328763
128531
39065
355201
651791
209553
66925
413408
464544
436478
365888
882367
8573
52759
969265
12453
157089
186308
406661
508249
983385
118923
326327
510488
621469
455904
826747
452008
848501
889612
37691
981189
300793
485922
602881
569905
560487
409920
334040
514460
509848
455620
723215
624271
921744
335234
898842
662644
899540
414152
796461
34573
648166
473812
653390
503007
406874
412626
489171
139434
782389
828219
787446
847858
546421
563757
271
268715
905522
137055
790618
972209
587723
438541
521715
566525
678094
943261
63221
39033
877623
994849
761276
871904
214152
899971
513731
161562
822141
987749
197024
840975
102291
637825
575055
540563
134730
896073
793086
308023
959754
728848
896042
848094
22158
30714
366270
366741
554207
195440
969660
185117
126773
585496
570216
232896
180436
928315
449464
497957
513747
936868
802085
998106
448185
328763
949453
696039
349000
909488
209281
318279
962326
664705
833820
248614
619578
626940
156636
527045
130568
667933
47256
29602
263427
961121
122315
790135
976950
720853
585996
544787
710299
451845
253847
848029
920020
861122
802406
905065
766102
658005
130740
308351
923523
547910
444606
208779
914108
825881
717141
746869
928476
532017
262787
900557
398903
824123
948221
837919
367428
870931
976323
59750
726538
383207
928205
379939
279921
58415
839808
935974
742110
999137
203681
237045
248387
516002
132854
200903
58965
901995
581006
134364
775017
66328
400492
925802
339656
109085
706275
624832
562794
322909
380806
690459
739638
90078
838790
552843
991194
29990
891456
586273
476954
723597
987119
966611
708797
439455
767552
478749
496337
152121
123781
696584
158283
653980
835240
637131
121325
804364
907998
493243
819600
380256
468514
413506
497518
241791
763166
642262
543510
250664
716138
461600
258588
555387
809571
301432
161748
375460
589624
957094
468591
373108
283609
625679
995301
798796
170721
951757
265689
196387
843452
966532
990902
299452
770220
690680
839693
58952
653175
230461
241833
805597
4593
792382
25452
224769
500694
925422
326607
620443
556828
700764
854909
742730
327011
679411
91412
426622
567202
519254
47664
514444
859169
297608
333110
770486
925109
77050
88257
73465
806505
289634
350939
837331
228792
884860
697645
742664
641523
190566
835593
547951
101034
609784
353487
129125
986422
948349
839011
307654
731723
227566
658123
771845
736081
20698
509960
743235
243074
514606
690372
861606
254377
170055
743849
969487
99158
982979
52540
200123
148186
244329
195043
191667
803117
866337
929552
407219
70548
779669
155714
703213
565383
174393
597211
20617
828312
558443
166584
585216
105627
302547
573391
317532
161151
634925
89831
210605
792985
663447
747211
965547
559857
302543
50790
976090
845715
67544
174132
659111
580197
921291
493282
710348
92910
250872
622140
555563
674273
137484
206280
452983
719553
668756
933777
873315
602671
572519
437936
423049
82549
128384
897060
447086
897667
114028
335671
86403
897295
399175
73636
565054
254974
91440
171339
229116
730585
781569
948445
427342
754598
829427
356468
975449
506738
196958
154146
685025
275897
2729
345721
500575
244252
13976
121872
720573
261300
408161
681709
361446
773644
456667
116323
21744
506882
557518
242004
834056
372764
845584
688977
526119
886580
844015
670505
918905
568434
196403
171542
641807
510463
152757
309970
196869
137842
932240
590345
634848
254808
990992
235768
521325
268929
798456
76199
895712
448629
9599
190055
274438
48406
913328
285748
553811
892193
464279
150466
602138
501352
972960
376666
230048
493682
565268
335068
530456
190973
244131
796754
887915
522973
129930
592453
320425
447216
765164
496103
681220
830083
476850
394159
169897
355003
395205
695234
680684
220260
39933
899471
890174
360769
775485
255818
898259
167606
251759
19986
748531
743163
969834
603467
669361
320638
358961
543786
660730
529799
589434
675925
34059
29754
129978
628276
619395
138234
952177
99974
758069
264487
65388
110104
793964
21407
504493
684081
928516
158893
560644
191055
893525
447457
664428
706003
982077
773336
187314
239512
770497
764170
304109
462315
319815
436158
815672
798225
442238
988568
145883
207915
700643
684161
482044
884349
139696
491610
189179
340440
233422
572609
377737
584299
163177
103147
530784
289817
654463
862909
202848
949425
468935
224451
463065
203815
881343
214784
656018
665135
164233
563695
312841
405873
335540
804361
331972
288083
40834
308114
421336
315420
237015
420956
137838
965832
663029
489334
645955
620049
52180
62349
203575
943707
691158
367336
220185
568445
586602
276248
1708
63385
428669
740415
686042
569482
146387
891147
664703
737215
767755
628901
582916
121871
412034
669483
242595
839347
418760
72389
396584
103771
485728
821973
643413
641231
804380
10689
256225
823077
235849
299008
910467
236441
21498
407750
361745
872039
880794
775736
939117
979454
308729
647432
579905
83121
324072
891834
920757
298443
399160
461586
541280
706496
780393
490266
662967
157443
531035
812255
846578
164630
722630
132041
257324
630957
701523
186141
93662
109817
953863
367462
126664
369991
369668
165084
560294
184238
408900
412671
74644
692306
43748
143415
176142
528644
746085
768184
490241
226630
618141
437239
661286
877090
380250
705528
783257
974049
850644
219893
909399
682232
208912
728812
102571
773929
465209
230242
709606
217484
989289
230627
288745
337469
706005
20025
214413
228199
600433
441361
744293
267230
607834
741876
109093
589145
864872
472546
508114
598194
399945
520630
925876
951137
524570
247006
869377
26059
635302
38731
633779
363074
946888
655433
807790
687350
815076
18901
210698
681152
256709
824598
221326
648046
761958
229007
823871
859356
769081
142049
997006
736477
41313
986481
766205
98673
553662
389302
518287
76187
444285
227126
763925
2892
616685
712220
831439
818999
186799
280835
362206
747812
614217
209483
961855
57642
920764
564801
82988
74138
193852
300783
107186
493490
991716
672727
549151
586098
644743
916949
122069
182708
440708
166946
404273
770563
920770
27807
581327
728578
154749
259581
811741
784368
246756
784597
538251
611279
96825
909377
106123
469444
400792
435085
509616
591435
921744
104706
450698
314799
274232
319016
443583
452591
966357
243299
824014
149075
340957
606170
658830
822490
695713
668614
424342
534560
597274
247933
775546
588079
653499
482362
171671
979561
81539
962448
760355
921231
557671
984749
218607
575170
980698
777120
394447
309293
135664
382828
881021
512490
48216
481509
786222
287040
426401
702903
417444
509874
552323
82750
679184
244878
633474
659218
101090
93223
614499
808646
233037
907326
322233
832581
4770
20298
115749
495685
424748
700781
815359
738067
370947
510949
358971
301271
920807
924124
331227
445181
185134
423233
735644
347575
299375
313481
693183
8703
971350
598640
620974
756507
942387
672695
390327
500790
960245
220642
676085
778075
942005
10118
90434
116792
633082
56578
815508
780918
79749
169703
494601
726710
76939
499157
6530
2025
193267
486895
956520
179993
298014
395517
538681
319012
945063
764855
859734
216408
928396
16350
571691
473595
583128
981981
571382
546608
89498
7751
92351
884762
272606
497512
755703
932912
417746
788881
520030
61475
940606
969010
505193
617288
593026
892116
821674
586296
991679
99569
404077
597759
552150
373024
317515
809844
339434
302461
758783
259962
800518
646142
521926
528725
501206
126110
252793
692317
312482
114867
669662
107142
74677
423521
994668
482440
410348
763537
680993
994540
941095
581583
5316
791408
148285
197437
106109
233377
718156
212241
486852
117381
526799
681144
91865
948297
762357
705042
523537
761556
965310
107195
185675
302502
885066
242363
830768
820441
163850
612028
604006
663648
661021
21663
745051
261837
448460
677097
403148
279602
706757
918198
165349
396075
452373
678944
100183
613156
740244
715369
784081
60327
737033
224601
169686
633417
695720
281816
2967
33127
265533
501823
795566
324591
795708
774080
410317
191467
399014
70613
148272
179315
786642
573250
567483
167118
33445
667491
344704
725942
868446
895846
745351
655778
597511
698544
84489
112180
687158
253972
378757
48756
173437
571793
214400
728285
579950
42226
946819
395638
367677
614579
109647
921354
437511
446382
296500
773161
203694
247606
34916
451714
907528
846106
581809
92414
965619
963451
78764
995237
447409
766145
131033
507592
728370
449121
230762
266141
29447
82892
928715
456798
523031
765884
94192
171310
720525
772071
320879
131526
507787
764431
228362
882251
630353
451117
335451
514147
602406
239816
869391
517028
509136
300302
704191
224879
243069
56692
894558
359555
266923
890822
781280
434558
217447
228692
348137
851351
631048
869482
735466
998072
976234
623703
374590
64160
836368
9116
291977
624989
489469
728479
998131
106701
922062
329042
126478
140773
159918
893492
735537
778389
834105
180473
995921
524505
488687
146953
854903
878381
457498
914769
418807
977454
817362
779491
669488
707872
611492
774138
473000
111148
205328
100861
431781
954338
182737
169353
218023
948177
85083
649288
262120
639239
867842
638373
330434
348304
603829
299908
945908
793501
370535
483341
753870
619885
732416
755181
914614
305571
73202
642068
475033
853968
103165
371021
568860
663172
681434
526126
192253
29335
652737
298765
984262
509
788689
464077
198990
94304
276615
555008
675695
677649
967759
782212
616569
169048
640566
924193
72097
770624
249253
800820
471447
3173
99783
118346
512310
112073
310360
108415
909665
44888
160565
589041
46044
360304
151303
643289
775421
173385
832290
75954
7709
323952
297041
352184
590648
656044
294912
711663
146289
375347
387582
692401
180939
248006
765234
9530
370303
154202
834526
637376
152932
794474
600924
850434
18988
623216
642315
126096
932785
743654
263343
204468
795134
286526
563931
558874
873182
863060
716614
374797
650023
951553
605756
519206
689863
906528
201047
979035
536211
421805
353681
493228
469560
664275
279576
143655
101323
450369
541949
90151
535074
990476
640917
58570
699321
238252
313938
945580
72974
885478
387572
696774
337024
165799
177039
604529
274510
316803
792422
374648
814885
626860
376651
725402
394330
493896
906726
172003
394265
865263
387516
647257
588215
445357
770475
282632
163301
872834
965973
803614
739687
991129
407613
190418
426261
983730
873797
852809
26110
720525
87084
326803
824766
260368
325474
417785
401934
55801
57028
455600
165964
865
460309
733218
102442
411439
6422
994768
152944
266775
249596
720949
999754
291430
950132
988534
945686
238870
674924
287939
268629
501173
614715
552523
738178
666154
969763
517549
192789
490
466712
403903
250121
748681
80527
13132
114653
739543
51211
120414
214254
324050
497209
64623
75705
821273
959881
969548
723595
460752
608910
97341
490319
256079
163423
338739
530099
906441
305530
75649
567032
291404
903630
279634
551743
958755
510085
349324
164275
378513
398196
439807
945526
79678
82665
908853
815532
770681
60932
505888
473523
153345
200833
128139
690057
722588
819884
263416
982935
126970
951576
640918
692007
968923
434131
764656
889487
186388
741366
462037
64831
562469
662979
209409
204888
836261
964776
448170
419948
951481
629506
750568
282027
976306
833889
757608
563963
200907
900297
702836
58740
522398
631162
317488
1472
780859
295404
640277
880609
727510
611197
20341
918142
25363
883075
138904
42652
254568
228222
455356
778325
910468
214482
894141
58493
215890
961080
952982
270688
747658
408137
823032
746222
673892
795
188648
768002
928808
990585
180199
937354
789284
679575
805696
629786
727533
829494
45609
221980
948212
855333
472526
797951
814619
734589
597389
472416
542154
563309
350647
362868
248890
288960
805998
100966
611458
791737
35746
709991
205863
52017
716837
931357
522736
331766
470910
936999
682221
146539
714104
647750
280578
2900
274277
977553
987689
278851
327743
733216
491327
295515
361104
474675
86343
886116
455978
509055
398930
943507
224069
53391
106172
120110
557850
31920
218570
829968
964841
144074
688397
162693
74051
499469
607013
709698
184188
622161
497254
468986
408486
990593
992463
401811
922144
279665
670136
140229
980980
500909
543850
865913
648687
517837
223959
626231
463087
711659
910923
498582
291505
264647
400033
477141
752123
160895
865242
982576
963723
70121
296669
787623
92890
459050
469865
162577
412782
801463
971774
985747
949209
978371
256580
180942
466869
757460
860852
392715
478175
681487
541081
12895
191410
945152
380029
457500
396403
508424
266869
952355
610512
710491
37913
343200
412678
561945
617332
425591
450399
459830
940863
353588
105367
826198
362340
881330
414632
97473
257061
858477
809921
926536
453101
524298
719351
616729
326924
800776
677355
769339
672762
39888
162551
610474
728613
560686
39491
522292
667364
792177
986890
7187
244112
525264
387288
445195
689054
617102
201591
214542
135447
397794
727169
465708
170981
191009
159079
398359
498839
799395
890900
10730
163694
215448
788328
912629
348962
169555
796698
980141
809275
63164
246117
530667
752677
187420
630590
474289
532585
483872
323949
689547
975637
491338
692097
998255
842327
189170
293082
626603
295097
910977
181695
510426
82958
71880
438459
99372
187775
22956
252324
896491
699621
709932
218077
598133
506424
110173
74107
281278
341696
439834
857704
402803
535314
732070
749242
844888
699086
310588
559661
407337
636594
774517
4864
334547
906578
510658
872982
466568
391560
363169
904402
626382
468873
213541
738298
65934
966802
406426
131606
796375
530091
364739
485722
637151
130658
611718
56411
329435
430740
475375
596496
59175
309370
993715
928180
781614
795289
124247
391475
130934
187691
753543
649489
719688
927522
615561
599450
523692
908170
528598
832870
740429
728031
723473
24279
561433
624324
953109
163335
12804
374715
260109
611007
769462
9284
17917
986175
580368
541995
193910
280706
42863
659537
551349
664749
609226
274151
656239
462402
20282
550965
415846
902194
602278
900051
61999
571601
547307
924473
432601
707995
818236
905489
707999
304451
580591
213648
699988
586264
617172
883699
824346
417308
463293
712091
77752
318517
171454
753716
506965
106718
533900
597372
954343
664980
792948
459691
101663
864067
415838
56497
526869
77155
265176
104837
355672
574634
238492
554185
130424
146573
270001
803744
570871
635488
778731
961711
299840
412340
263171
655875
726970
22358
608860
574496
609546
173509
119639
736900
865075
394395
480739
828659
86429
111535
293139
455416
80398
3765
257570
236924
355525
534222
927519
887935
837513
424462
298815
97431
520886
323702
987882
402605
892629
868268
316275
150786
876322
266000
369582
195432
346810
161067
329365
752363
529101
924701
596960
896244
570998
834427
465187
960470
993274
122709
264459
547591
99216
110031
499835
520920
894708
914450
246995
972573
175181
10927
793357
873358
156861
421118
202543
665936
511927
864690
369034
750260
490620
335989
862972
88666
538773
247834
55690
877278
722355
240291
445605
940743
757800
778255
430561
584589
723706
91088
630398
976695
390443
583998
885503
566723
536055
842531
236385
778745
42501
536627
339429
892011
399670
118692
322346
498086
648315
864585
643696
180368
836242
248648
989023
263705
708741
334342
341270
811769
120107
903186
179069
263408
829400
990797
301414
748128
303050
83226
639232
656869
264745
795754
213233
443722
18720
504028
216448
838882
412018
373294
535953
399420
459980
771002
384255
275628
112444
933246
822479
276536
453859
723860
280035
541348
132394
181527
795168
447439
571454
668255
126110
522186
755919
539368
357525
349893
184407
527211
410414
680759
218180
145121
594662
244558
916899
126482
997052
48128
20885
113573
596476
587016
640069
154992
856748
479432
608001
74450
565955
589215
889478
869376
343602
887221
557587
222234
225534
686733
94564
893400
186512
520388
358165
259153
423219
450337
471030
87604
522788
218132
433310
389552
947234
224493
962923
676234
958912
798447
169641
886950
679043
293207
763135
165757
220879
748324
541761
353534
697888
947288
809368
279306
319296
662488
643616
766631
164774
78475
299248
779459
340643
161387
871283
333469
539457
111374
766208
484393
883215
555358
707992
931675
765713
152628
83049
276193
183077
684955
432092
285465
18258
183430
747425
589807
292276
93489
90507
421094
983580
285232
993045
769975
721815
966621
681729
157944
733713
108120
560152
84590
541069
411830
175435
464028
762854
627916
437179
880786
845548
809619
868581
579496
987281
239170
880190
203426
889728
541776
54853
613697
83823
907859
235772
466049
218930
484743
579764
849454
41
692216
961682
164911
288175
938661
233882
724234
939446
727938
699589
265118
712597
209067
585535
110054
641202
555024
482770
823984
277873
272137
312368
326949
300599
636917
154442
569423
389449
416553
432217
234003
319103
837714
178784
573995
597443
474698
476004
290600
796672
354388
916816
993408
905504
893668
338971
144660
436299
174049
396098
949807
127716
40447
897656
226309
134949
482121
706479
96861
221115
362506
686374
300107
657228
698160
760370
108164
927432
903955
132098
547123
877035
170093
748615
49821
803495
256987
615983
633853
811571
785934
713026
795559
960359
484083
431374
583040
302322
125841
437093
184608
13661
665533
302762
993172
66180
493761
617605
578288
710250
44960
248630
767240
343601
440498
178982
724280
56793
523660
242639
695931
64521
631030
529005
674808
858109
192669
826812
785468
984317
584774
545849
427248
800328
711196
477506
270789
489932
25080
599503
107870
65556
620394
309201
343077
331516
714394
162081
156294
599616
700988
436074
153084
631761
803398
446047
569430
202471
239767
248041
609005
494295
132276
843039
535451
320391
468151
388708
973627
405893
122705
179608
82343
74919
540350
662219
980500
201140
307951
992268
545936
404557
995340
649387
617888
455321
708763
775998
56493
584919
941113
332552
968783
592146
330579
895173
209433
883512
920044
545299
787137
811426
684793
510278
215641
373591
728595
652584
291299
300072
357086
141322
481333
306682
363
751559
983739
746239
822860
211599
56669
413771
854082
41625
828112
999613
749744
786906
21387
966685
520972
863194
190119
16282
126843
276541
59132
659120
179285
277884
178680
322135
959201
686921
28068
90652
771074
262554
186019
353595
36019
890557
679426
390107
459272
720278
480544
679302
463528
649006
67249
954204
220046
987024
632448
674841
81406
631958
186978
701033
476392
641
332797
487856
577673
145911
876375
636088
262872
6296
517612
373504
245970
921740
205570
191962
309157
184591
549136
231354
852602
816894
141390
233813
610937
802639
553069
20995
395473
192211
741642
816119
489922
562134
228951
572282
166470
217964
930854
655738
419778
884597
326201
924428
572126
320417
637474
753296
790909
226766
988622
102152
672764
953264
794069
188127
358301
101901
98387
295484
598578
46606
132086
991817
866122
456991
905864
13054
722482
349714
922589
691072
193558
165396
699977
820556
398730
90329
535941
231640
1334
637729
854066
957721
347881
830166
298825
638572
637595
793525
287802
180126
733020
68919
40365
662787
80682
558845
211113
222554
984210
33395
32391
831075
275161
391600
300744
486003
778951
907964
207924
386641
43347
908029
694969
476995
786508
187916
873345
549486
44707
85808
595842
129919
929931
171668
773620
544173
356641
895943
901568
536808
405663
743919
775277
484868
129463
781327
297132
530953
503864
250851
116159
944253
853809
969326
688543
82415
234359
668586
569319
339634
793226
410952
565298
111771
748171
591708
803510
294087
996210
773120
778690
700429
461411
574472
159620
674033
647929
481655
797457
547299
237244
856074
797997
740021
45144
155972
888706
612262
453579
242533
39056
258209
350312
725166
188231
119931
122513
152329
427083
624452
452034
743815
916930
556354
200314
631555
813664
906964
460574
609853
827124
198545
512632
197161
208725
712618
258782
707939
507737
718940
901741
157742
239753
269518
11532
785927
150788
284684
887728
767392
826896
83386
545811
441814
258110
106736
248509
109754
719143
577512
670240
688495
510403
909481
202402
917445
438901
851848
502133
186105
338226
580039
547998
755895
825539
46033
245245
116063
380778
931682
699623
162459
903717
698947
176081
242741
955554
204702
815888
400533
495014
433352
832060
740905
142211
32210
880722
166598
109620
82006
919474
334107
321791
815684
820864
642409
421849
804939
511615
62696
117369
100785
707984
907114
61994
431856
808376
915982
49404
275498
230696
814715
66821
693319
276349
505478
832088
881292
471287
217610
423619
194527
303341
651683
994530
451064
935377
613666
773781
863585
559633
772419
760461
340772
107161
732934
88257
754933
292895
270798
736965
831680
848471
619376
392585
381165
730711
780746
920321
410089
303862
190045
838900
191622
779935
431431
610592
801273
9735
619150
361201
426700
504670
496205
675671
171949
945334
492379
73002
994225
58377
593398
29339
71072
949707
717521
978512
939323
922010
961871
702939
797528
236860
889208
48887
171086
297716
225413
341932
450565
505200
229341
29311
388320
268678
692263
896747
950071
951911
569828
150309
259540
491148
39201
394828
248061
603549
195110
542341
321418
777418
97479
601706
959946
581828
84488
848987
785683
185027
331210
899072
884477
358788
193616
682531
452317
976668
646540
607143
339694
689225
440404
305946
774248
160115
465578
695862
884314
907158
852615
401575
730945
889773
907953
112474
602316
823151
945394
394103
890546
29850
478278
115893
404313
587612
84438
200490
688957
447009
769257
500234
134408
593187
651884
261318
863240
221197
319803
827649
468829
810597
373159
761873
4618
550606
324974
402897
494455
76454
78878
146705
317070
281096
236462
540465
164569
929357
338709
665696
99444
491073
74203
414312
904472
324546
199222
477894
337231
762277
429755
988425
844011
767440
474082
755981
842444
744067
861838
184570
855657
827141
669877
633782
655314
129903
187607
147352
519712
794093
337610
870586
693375
917057
833969
296957
612320
239537
986276
468879
522969
958451
358263
235221
107920
226799
104490
726803
23645
857955
214671
642021
223446
366271
525045
365065
3541
178633
266902
348640
550239
289435
717447
688804
297360
13418
556915
594903
573370
95717
510630
775845
271235
408275
375389
881566
471719
675172
751301
956751
123003
435666
932233
610028
134012
912879
415789
482839
886193
129772
984226
914960
978505
566152
608823
388133
667040
309136
328187
303438
661467
564581
759592
374345
822476
972010
300346
643321
639880
686060
734607
24272
785562
24830
944686
574594
945590
635280
295401
350587
57765
561265
614210
268302
105701
826603
743090
527362
429956
262582
405558
377974
852850
774039
961629
599798
318316
533268
743093
246104
953304
549086
368263
722173
813210
421935
459409
461169
408055
802124
926318
229664
428937
538243
371723
777120
319411
775715
622791
15959
290871
670022
700192
792997
909997
519897
730548
138787
550315
931580
86362
122390
184081
241396
393512
125815
209264
770815
106882
469803
875522
519065
88215
273068
362533
400396
132102
668394
502000
66891
517463
855595
951597
852547
951317
615337
65723
203227
638726
7774
824718
241460
952381
529902
23963
253782
118172
479307
959885
160112
442958
318098
220663
574549
907936
277594
385542
596203
354299
250069
552266
822753
690634
737645
90369
294037
725403
323736
981183
272621
37263
188930
990622
316977
795913
161480
838234
114283
619187
939601
524953
917504
529959
715664
451502
272292
682918
840014
962292
636841
439089
500887
692404
838448
534692
352431
293962
109035
140720
881860
646006
256917
348607
757099
794884
522109
674686
464998
545189
934959
64197
460455
527868
760774
600334
110761
903720
921995
45694
996156
71999
771283
882670
171659
16273
175952
695541
731234
906178
264234
720063
501180
357843
287661
568235
179588
27013
493078
235730
173046
44549
786864
204537
168720
113257
998230
790142
832892
552788
465625
394135
286425
92760
763794
393234
809094
372155
185118
884819
468948
333831
952554
372480
182030
181663
313893
242867
18938
591935
776778
152629
809382
749950
412727
593785
388955
77148
810243
186707
811230
964994
547695
722852
165984
53210
559937
680853
777931
641114
815819
970802
417787
229455
254001
357137
591739
719635
654325
801055
819933
540069
471875
425816
281393
759402
882027
799484
777470
846989
304956
34288
572124
237534
950346
762873
620033
950935
797672
974350
707559
408084
118267
664274
13466
681766
468670
945955
834762
94393
32727
500507
195684
11527
574239
34313
47443
469800
895732
607821
290719
673268
249426
520555
434568
571344
696903
580450
786640
190161
338869
349118
427127
546096
976990
120757
412976
627155
59501
250788
398168
142533
355281
547595
144540
164772
320981
688529
997751
296481
956564
142892
772438
599858
393774
852349
644963
227335
700041
554903
197687
723335
922741
859261
551825
206412
410393
401371
1088
459234
0
0
0
0
0
0
0
0
0
0
0
0
0
0
0
0
0
0
0
0
0
0
0
0
0
0
0
0
0
0
0
0
0
0
0
0
0
0
0
0
0
0
0
0
0
0
0
0
