10000 1
133
280
336
535
594
605
649
672
852
1131
1438
1496
1622
1630
1663
1712
1746
1757
2023
2218
2230
2541
2566
2627
2695
2855
2882
2891
2914
3101
3121
3236
3369
3431
3442
3456
3467
3471
3495
3573
3592
3619
3845
3857
3880
3899
4083
4102
4120
4225
4320
4329
4344
4351
4413
4473
4542
4605
4611
4993
5013
5023
5079
5100
5142
5289
5298
5375
5385
5509
5521
5583
5756
5871
5874
5951
6029
6202
6274
6330
6907
6919
7011
7171
7192
7199
7222
7328
7344
7414
7418
7441
7447
7447
7614
7737
7743
7762
7970
8048
8058
8101
8116
8213
8333
8551
8682
8724
8730
8738
8854
8868
8899
9013
9085
9187
9593
9609
9644
9694
9881
10002
10010
10073
10202
10432
10613
10664
10703
10905
10999
11057
11082
11177
11181
11196
11257
11390
11510
11556
11580
11640
11643
11776
11916
11935
11999
12005
12141
12613
12723
12950
13018
13114
13136
13186
13423
13900
14105
14177
14336
14366
14497
14658
14834
14896
14928
14968
15016
15051
15246
15321
15419
15498
15888
15936
16011
16239
16284
16290
16649
16677
16686
16734
16871
16956
16960
17006
17167
17233
17239
17289
17490
17832
17895
18002
18201
18215
18271
18422
18442
18470
18535
18536
18551
18557
18665
18766
18850
19145
19198
19383
19511
19536
19581
19855
19931
19979
20020
20302
20396
20405
20524
20555
20598
20792
20861
21060
21207
21438
21605
21643
21783
22005
22006
22058
22059
22145
22306
22525
22596
22695
22745
22785
22987
23046
23055
23081
23171
23180
23228
23396
23815
23835
23839
23960
23975
23983
24210
24258
24333
24372
24538
24654
24737
24904
25021
25362
25859
26289
26295
26342
26457
26471
26479
26518
26567
26645
26686
26706
26709
26731
26917
27006
27025
27176
27209
27278
27342
27364
27433
27458
27696
27710
27774
27786
27945
27987
28104
28501
28510
28706
28820
29072
29173
29200
29229
29290
29325
29381
29594
29620
29670
29768
29809
29832
29837
29884
29909
29918
30068
30076
30222
30227
30277
30340
30373
30457
30606
30626
30684
30861
31139
31212
31313
31343
31406
31680
31734
31852
31968
32029
32070
32178
32272
32380
32614
32739
32876
32940
33126
33222
33298
33530
33570
33685
33735
33938
34204
34222
34416
34695
34791
34878
34949
35076
35170
35197
35289
35463
35519
35541
35630
35648
35654
35738
35781
35842
35947
36123
36278
36289
36763
36990
36997
37011
37016
37124
37127
37208
37316
37321
37423
37458
37689
37706
37999
38080
38291
38359
38469
38606
38718
38779
38830
39229
39260
39518
39527
40067
40089
40309
40596
40622
40996
41018
41331
41457
41672
41726
41760
41918
41945
41955
42020
42090
42388
42593
42668
42796
42841
42872
42878
42935
42980
43004
43012
43175
43240
43353
43549
43602
43656
43792
43869
43949
44088
44140
44153
44332
44409
44423
44568
44604
44635
44692
44744
44855
45050
45234
45407
45423
45672
45700
46041
46051
46203
46227
46275
46281
46297
46355
46408
46428
46484
46537
46791
46818
46857
46885
47220
47400
47433
47435
47477
47631
47639
47781
47985
48220
48222
48225
48256
48316
48769
48771
48860
48907
48917
49174
49224
49228
49251
49263
49502
49676
49881
50061
50114
50259
50305
50541
50560
50612
50759
50831
51025
51249
51305
51341
51353
51693
51847
51894
51929
51962
52094
52103
52108
52114
52241
52275
52317
52323
52334
52487
52499
52626
52748
52861
52965
53162
53182
53189
53257
53344
53417
53439
53441
53527
53629
54123
54292
54354
54442
54580
54708
54721
55162
55179
55267
55282
55338
55498
55543
55596
55613
55691
55754
55892
56124
56525
56561
56793
56913
57176
57186
57196
57285
57458
57512
57772
58070
58185
58353
58389
58483
58678
58795
58886
58931
59233
59480
59502
59657
59831
60094
60288
60394
60440
60555
60659
60881
61149
61154
61370
61638
61646
61660
62025
62145
62184
62317
62552
62720
62748
62771
63046
63049
63268
63309
63437
63712
63993
64073
64132
64167
64185
64309
64445
64466
64554
64564
64596
64628
64728
64750
64766
64880
64953
64993
65210
65246
65317
65409
65409
65486
65518
65631
65658
65734
65768
65793
66128
66141
66412
66427
66480
66639
66674
66763
67011
67042
67059
67083
67155
67361
67369
67395
67587
67638
67955
68184
68359
68382
68455
68566
68735
68773
68875
68987
69023
69118
69124
69226
69252
69256
69627
69812
69865
69954
70039
70341
70795
70906
71120
71279
71282
71429
71459
71561
71576
71578
71613
71641
71650
71682
71706
71837
71991
72148
72189
72293
72320
72372
72497
72629
72847
72977
73143
73250
73256
73272
73441
73498
73712
73714
73727
73753
73837
73924
73942
74121
74222
74234
74251
74292
74362
74509
74544
74548
74631
74634
74721
74774
74805
74822
74826
74914
75019
75319
75524
75698
75908
75944
75968
76010
76069
76223
76255
76449
76654
76785
77121
77165
77282
77290
77326
77395
77440
77535
77573
77729
77816
77914
78210
78403
78756
78769
78900
79000
79010
79068
79209
79522
79529
80060
80062
80210
80235
80301
80590
80683
80807
80915
81346
81354
81373
81413
81440
81683
81823
81845
81868
81882
81919
81946
81974
81975
82315
82372
82616
82858
83039
83046
83085
83121
83162
83251
83254
83374
83432
83476
83630
83900
84097
84230
84255
84257
84298
84312
84344
84619
85094
85292
85446
85541
85905
86067
86162
86349
86466
86727
86862
86870
86898
87047
87118
87195
87196
87238
87293
87400
87440
87502
87562
87584
87681
87754
87820
87862
87881
88059
88386
88525
88701
88714
88848
88928
88933
88969
89003
89033
89067
89110
89248
89297
89368
89546
89580
89753
89789
89941
90062
90135
90200
90269
90317
90619
90752
90968
90971
91060
91081
91134
91140
91176
91295
91363
91414
91461
91633
91665
91691
91934
91990
92039
92279
92420
92480
92555
92598
92776
92836
92885
92900
93061
93113
93115
93362
93608
93803
93856
93977
94065
94135
94369
94376
94408
94519
94677
94910
94915
94980
95100
95253
95411
95504
95757
95771
95774
95855
95870
95876
95951
95956
95969
96310
96375
96381
96686
96716
96746
96823
97024
97103
97214
97621
97672
97741
97775
97895
97975
98167
98273
98491
98732
98781
98800
98828
98833
98997
99084
99117
99249
99262
99434
99481
99701
99751
99839
99898
99965
99978
100106
100255
100302
100367
100380
100383
100446
100558
100582
100629
100646
100714
100750
100752
100842
100934
101052
101099
101159
101169
101195
101264
101382
101488
101544
101572
101749
101752
101817
101844
101868
101873
102147
102212
102328
102344
102344
102368
102379
102382
102697
102803
102832
102876
102950
102988
103047
103083
103204
103206
103342
103399
103407
103435
103579
103746
103749
103874
103950
103981
104116
104163
104163
104165
104229
104245
104266
104327
104355
104490
104545
104588
104694
104706
104803
104827
104835
104853
104968
105133
105176
105213
105340
105493
105555
105633
105652
105824
105847
105925
105988
106076
106338
106572
106625
106629
106727
106768
106805
106978
107137
107175
107273
107301
107599
107786
107790
107833
107991
108002
108077
108104
108135
108199
108219
108838
108897
109112
109206
109333
109356
109413
109533
109609
109842
109846
110022
110146
110311
110603
110634
110777
110900
110921
111032
111276
111322
111401
111470
111637
111664
111962
111963
111965
112053
112056
112099
112159
112169
112194
112219
112314
112492
112543
112558
112627
112916
113048
113125
113220
113397
113409
113807
114077
114164
114256
114258
114271
114454
114466
114777
114932
114939
115118
115261
115639
115719
115725
115754
115984
116050
116059
116352
116365
116416
116488
116544
116738
116882
116945
116994
117080
117091
117100
117111
117283
117374
117402
117587
117639
117712
117817
117843
117919
117937
118142
118238
118263
118364
118377
118379
118502
118556
118613
118623
118778
118898
118918
118987
119010
119054
119144
119169
119415
119542
119667
119880
119922
119934
119938
119956
120012
120084
120201
120428
120490
120550
120789
120795
120891
120983
121035
121091
121301
121340
121593
121719
121725
121825
122007
122124
122181
122324
122425
122549
122581
122658
122712
122999
123032
123141
123318
123407
123616
123859
123953
124035
124255
124288
124387
124474
124525
124646
124661
124690
124691
124746
124777
124816
124832
124891
124927
125083
125182
125520
125579
125644
125738
125745
125912
125922
125957
126008
126136
126146
126459
126548
126572
127089
127109
127373
127412
127448
127525
127542
127571
127630
127660
127820
127891
128179
128184
128232
128344
128367
128425
128469
128494
128504
128629
128707
128755
128828
128831
128898
129306
129570
129659
129659
129701
129895
130002
130022
130138
130169
130198
130493
130569
130767
130775
130919
130996
131140
131245
131330
131390
131396
131594
131646
131668
131794
131831
131987
132089
132321
132606
132696
132846
132847
132895
133134
133281
133494
133539
133652
133680
133704
133763
133807
133832
133837
133963
133987
134007
134010
134103
134208
134400
134533
134580
134866
134973
135122
135184
135189
135202
135218
135494
135535
135583
135651
135712
135816
135889
135930
135988
136113
136115
136288
136587
136666
136849
136951
137216
137396
137437
137445
137476
137597
137868
137898
137961
138001
138277
138382
138392
138432
138579
138986
139047
139147
139165
139304
139378
139471
139544
139702
139860
139874
139955
140097
140133
140183
140490
140507
140597
140610
140846
140857
140857
140915
141042
141286
141301
141401
141613
141648
141667
141696
141773
141918
142036
142075
142092
142097
142142
142182
142306
142318
142352
142357
142565
142607
142668
142870
142879
142893
143113
143146
143331
143460
143511
143557
143610
143636
143691
143730
143960
143977
144090
144263
144286
144406
144850
145047
145140
145177
145248
145272
145333
145348
145421
145455
145502
145590
145595
145605
145899
146132
146244
146320
146377
146499
146663
146730
146760
146791
146864
146870
146929
146950
147104
147338
147411
147545
147598
147705
147713
148029
148131
148141
148175
148363
148378
148429
148491
148551
148586
148605
148665
148722
148835
148860
148863
149020
149067
149071
149099
149116
149147
149544
149572
149837
150013
150086
150230
150492
150519
150529
150931
151036
151039
151063
151224
151316
151432
151684
151759
151836
152034
152087
152277
152315
152417
152494
152620
152729
152758
153022
153095
153143
153193
153201
153355
153468
153651
153716
153910
154486
154755
154844
154976
155108
155207
155213
155270
155375
155446
155634
155664
155673
155675
155716
155778
155783
155858
155905
155975
156033
156166
156188
156261
156460
156773
156988
157008
157021
157169
157177
157381
157424
157474
157528
157669
158176
158272
158320
158510
158522
158713
158768
158882
159070
159181
159250
159355
159456
159507
159645
159649
159897
159969
160083
160123
160143
160227
160483
160496
160654
160756
160790
160791
160876
160961
160970
161102
161148
161294
161376
161542
161727
161748
161900
161924
161970
162234
162310
162367
162377
162426
162495
162579
162613
162700
162761
162810
162930
163113
163242
163288
163433
163687
163733
163754
164009
164142
164254
164296
164611
164678
164846
164911
164956
165075
165210
165232
165256
165595
165617
165671
165777
165944
165987
166029
166147
166234
166262
166524
167008
167084
167266
167320
167404
167674
167751
167844
167859
167870
167967
168048
168076
168165
168215
168360
168875
168950
169011
169070
169118
169176
169182
169480
169483
169593
169774
169933
169952
169987
170128
170149
170220
170334
170527
170962
170989
170995
171026
171251
171252
171313
171327
171348
171397
171478
171941
172057
172077
172109
172196
172268
172354
172543
172563
172704
172782
172824
173191
173263
173268
173434
173446
173450
173522
173594
173618
173628
173631
173674
173744
173785
174047
174068
174166
174226
174366
174893
174963
174989
175187
175238
175262
175274
175364
175484
175714
175780
175956
175984
175988
176226
176273
176278
176498
176513
176756
176848
176904
176982
177009
177017
177100
177292
177530
177599
177608
177613
177695
177802
178133
178163
178413
178564
178897
178978
179080
179108
179509
179612
179672
180001
180107
180229
180450
180472
180494
180532
180652
180669
180672
180678
180741
180779
180784
181111
181316
181473
181508
181515
181548
181592
181608
181827
181896
181912
181949
181965
181984
182239
182353
182376
182499
182571
182622
182637
182705
182769
182929
182992
183230
183375
183377
183436
183490
183557
183584
183602
183638
183686
183809
183817
184268
184295
184377
184470
184625
184633
184714
184748
184795
184815
184831
184923
184927
185136
185138
185199
185330
185343
185448
185702
185717
185748
185810
185848
186004
186011
186107
186175
186282
186426
186457
186638
186765
186901
186961
187162
187180
187185
187395
187536
187615
187887
187991
187993
188015
188041
188133
188530
188638
188788
188995
189078
189146
189195
189631
189660
189677
189733
189935
189987
190101
190199
190654
190680
190771
190985
190991
191101
191176
191291
191335
191522
191752
191791
191980
192055
192089
192235
192267
192271
192404
192593
192597
192847
192909
192917
193192
193243
193250
193274
193348
193350
193462
193478
193486
193704
193792
193801
193806
193892
193974
194235
194274
194320
194340
194469
194508
194689
194696
194950
195056
195068
195148
195166
195189
195268
195650
195842
195851
195951
196076
196096
196156
196181
196279
196310
196352
196373
196406
196448
196503
196676
196943
196947
196987
197011
197013
197040
197111
197126
197188
197376
197658
197752
197929
197985
198072
198218
198310
198389
198538
198538
198560
198604
198623
198733
198746
198941
199083
199125
199163
199249
199415
199435
199520
199571
199723
199743
199789
200025
200147
200240
200504
200526
200539
200561
200853
201103
201103
201123
201166
201199
201427
201708
201832
202037
202039
202050
202060
202105
202111
202337
202390
202410
202426
202505
202610
202720
202885
202994
203163
203192
203384
203448
203486
203678
203732
203773
203802
203911
203925
204036
204072
204088
204197
204366
204399
204718
204884
204893
205017
205077
205165
205608
205723
205746
205932
205965
206096
206138
206721
206776
206911
207131
207261
207275
207304
207586
207656
207707
207714
208051
208060
208079
208166
208220
208270
208281
208419
208452
208591
208729
208767
209135
209289
209423
209437
209506
209509
209562
209607
209721
209778
209971
209972
210012
210289
210403
210601
210687
210819
210827
210990
211282
211314
211356
211486
211646
211657
211664
211791
211818
211989
212145
212177
212241
212286
212314
212338
212496
212534
212646
212736
212767
212890
213253
213253
213413
213433
213613
214046
214169
214172
214261
214352
214398
214404
214451
214464
214697
214835
214855
214900
215034
215206
215213
215224
215244
215553
215711
215773
215895
215896
215915
216016
216373
216386
216596
216599
216673
216704
216709
216832
216856
216894
216895
216987
217038
217094
217180
217458
217527
217569
217610
217719
217783
217803
217883
218257
218329
218375
218552
218635
218679
218690
218756
218838
218925
218958
219020
219129
219307
219355
219614
219687
219729
219756
219819
219889
219942
220070
220108
220349
220376
220497
220544
220620
220706
220961
221096
221131
221157
221292
221351
221397
221520
221748
221831
221872
221986
222014
222117
222222
222285
222364
222516
222529
222657
222739
222875
222898
223127
223181
223255
223350
223376
223423
223512
223835
223949
224038
224290
224336
224343
224607
224626
224676
224716
224837
225020
225270
225401
225423
225575
225761
225884
225932
225946
226189
226236
226537
226607
226775
226935
226937
226943
226951
227162
227547
227772
227785
228039
228069
228128
228195
228304
228453
228570
228752
228789
228798
228914
229032
229037
229135
229334
229335
229626
229719
229722
229729
229772
229783
229821
229992
230007
230172
230267
230331
230390
230422
230456
230508
230584
230696
230800
230825
230924
230972
231019
231273
231275
231420
231612
231642
231662
231765
231769
231835
232249
232275
232434
232434
232580
232599
232964
233002
233153
233291
233337
233550
233977
233987
234671
234768
234826
234942
234948
234976
235117
235204
235379
235393
235455
235597
235913
236001
236117
236165
236234
236280
236538
236617
236683
237072
237239
237297
237324
237471
237648
237652
237672
237698
237815
237914
238083
238132
238232
238628
238675
238766
238838
239043
239078
239090
239159
239171
239247
239382
239417
239457
239651
239709
239786
239801
239929
240149
240176
240242
240360
240502
240762
241025
241151
241235
241257
241277
241464
241591
241737
241775
241942
242107
242194
242228
242701
243090
243118
243190
243258
243275
243341
243397
243496
243542
243620
243685
243693
243722
243782
243825
243876
243995
244059
244087
244147
244281
244345
244386
244534
244536
244647
244676
244693
244835
244932
244963
245034
245085
245111
245121
245143
245171
245288
245484
245572
245606
245920
246011
246073
246113
246205
246207
246246
246429
246483
246677
246694
246734
246806
246916
247221
247307
247368
247375
247394
247518
247529
247650
247670
247704
247746
247820
247828
247859
247928
248035
248341
248524
248662
248722
248963
248976
249046
249060
249196
249216
249352
249360
249398
249526
249750
249790
249865
250204
250237
250518
250763
250783
250829
250844
251407
251504
251568
251612
251741
251906
252070
252142
252257
252282
252581
252598
252602
252611
252743
252752
252927
252969
252971
252984
253068
253075
253146
253185
253214
253578
253610
253724
254132
254182
254219
254299
254520
254554
254609
254621
254791
254950
254971
255096
255119
255201
255295
255573
255742
255809
256023
256269
256574
256937
257061
257083
257088
257278
257284
257290
257327
257357
257417
257481
257633
257828
257948
258024
258146
258313
258398
258455
258581
258598
258647
258661
258855
258901
259178
259207
259228
259262
259314
259357
259621
259625
259658
259664
259879
260032
260176
260292
260327
260356
260484
260764
260940
260972
261018
261032
261165
261193
261275
261291
261292
261296
261299
261518
261565
261809
261892
261919
261994
262038
262267
262439
262441
262447
262449
262568
262658
262941
262975
263015
263316
263445
263465
263519
263675
263932
264067
264104
264175
264266
264383
264609
264768
264790
264841
264866
265113
265265
265373
265525
265557
265602
265616
265631
265695
265821
265835
265966
266036
266120
266157
266320
266377
266488
266586
266645
266726
266902
267023
267062
267236
267401
267472
267510
267693
267746
268009
268238
268242
268466
268495
268695
268696
268805
269078
269102
269105
269384
269390
269414
269418
269682
269714
269726
269759
269771
269798
269876
269910
270016
270222
270494
270505
270712
270860
271080
271113
271131
271291
271497
271649
271690
271691
272204
272329
272402
272443
272472
272514
272935
272939
272969
272995
272996
273171
273172
273209
273353
273537
273661
273680
273790
274013
274106
274235
274413
274464
274499
274867
274921
274971
275016
275157
275218
275357
275506
275688
275799
275901
275931
275950
276045
276141
276163
276453
276557
276585
276624
276667
276739
277125
277160
277297
277527
277572
277589
277614
277631
277999
278054
278056
278129
278183
278224
278293
278324
278710
278880
279051
279140
279155
279158
279232
279580
279609
279619
279621
279653
279761
279975
279995
280003
280155
280187
280188
280215
280522
280667
280879
281102
281112
281121
281196
281270
281296
281335
281528
281549
281557
281561
281835
281860
281913
281935
282054
282155
282239
282277
282392
282547
282573
282637
282811
282864
282872
282958
283160
283402
283427
283443
283459
283525
283596
283784
283793
283795
284078
284473
284501
284542
284551
284639
284699
284850
284895
284909
284950
284955
285032
285288
285329
285434
285473
285527
285540
285555
285722
285786
285787
285798
285836
286287
286302
286337
286372
286438
286480
286501
286647
286969
287004
287180
287300
287396
287477
287560
287803
287850
288010
288096
288190
288307
288743
288762
288782
288802
288970
289178
289212
289231
289232
289241
289242
289337
289492
289733
289733
289894
289941
290463
290486
290569
290576
290681
290802
291024
291047
291052
291139
291141
291300
291357
291600
291620
291911
291950
292015
292172
292202
292330
292407
292584
292843
292892
292966
292989
293019
293027
293168
293181
293308
293405
293635
293694
293910
293917
294009
294052
294114
294200
294285
294294
294312
294348
294366
294502
294676
294716
294748
294754
294785
294843
294871
295074
295110
295142
295239
295418
295813
295863
295945
295982
296020
296194
296300
296361
296413
296428
296473
296488
296497
296558
296587
296600
296680
296699
296940
297135
297191
297425
297441
297813
297818
297875
298073
298249
298336
298363
298513
298520
298561
298589
298593
298707
298984
299099
299142
299252
299445
299641
299877
300008
300016
300040
300158
300170
300253
300301
300352
300597
300602
300796
300826
301112
301185
301285
301444
301461
301472
301806
302156
302337
302527
302555
302740
303004
303134
303148
303180
303391
303637
303642
303703
303809
303859
303869
304042
304070
304269
304376
304518
304525
304587
304776
304952
305057
305125
305183
305418
305425
305659
305967
306086
306109
306156
306290
306885
306894
306925
306984
307082
307202
307280
307543
307594
307638
307720
307810
307930
308638
308673
308953
309076
309157
309182
309278
309314
309338
309343
309368
309479
309524
309610
309808
309880
309886
309964
309981
310187
310222
310318
310483
310505
310683
310704
310755
310774
310948
311024
311044
311044
311182
311419
311569
311576
311586
311634
311719
311758
311767
312019
312050
312115
312117
312167
312300
312412
312422
312445
312558
312654
312703
312706
312897
312921
313007
313013
313037
313063
313118
313244
313288
313311
313506
313593
313625
313669
313721
313768
313781
313907
314039
314082
314445
314520
314547
314586
314967
315024
315090
315149
315162
315506
315571
315776
315895
316022
316499
316589
316747
316840
316936
317196
317224
317275
317461
317468
317545
317650
318015
318259
318352
318624
319045
319209
319225
319236
319259
319465
319558
319630
319673
319890
319896
319983
319994
320339
320517
320570
320777
320949
320997
321031
321123
321158
321192
321314
321426
321515
321713
321747
321933
322137
322263
322316
322341
322416
322602
322779
322780
322867
323111
323245
323245
323299
323327
323656
323776
323828
323851
324121
324143
324194
324399
324683
324729
324776
324833
324933
325042
325295
325310
325419
325477
325741
325834
325851
325865
325957
326008
326024
326052
326164
326246
326297
326661
326891
327057
327090
327101
327112
327129
327192
327217
327241
327345
327392
327485
327498
327852
327992
328016
328087
328530
328539
328556
328628
328654
328747
328823
328871
328944
329016
329027
329184
329418
329445
329491
329510
329840
329878
329918
329941
329961
329978
330019
330160
330354
330849
330991
331122
331441
331613
331614
331632
331776
331826
332116
332307
332379
332410
332530
332602
332677
332733
332849
333383
333644
333727
333730
334100
334357
334413
334487
334518
334620
334792
334984
335019
335059
335100
335273
335280
335293
335319
335439
335480
335484
335718
335748
335781
335800
335844
336101
336109
336122
336321
336454
336489
336724
336845
336859
336902
337073
337238
337251
337406
337479
337592
337662
337714
337718
337840
337856
337910
338459
338486
338502
338580
338716
338757
338792
338797
338962
338987
339012
339314
339323
339325
339538
339671
339818
339863
340053
340117
340147
340193
340420
340438
340607
340805
340840
340946
341054
341250
341269
341339
341378
341657
341710
341854
342006
342120
342145
342212
342406
342514
342536
342807
342919
343112
343165
343543
343617
343799
343814
343878
344192
344217
344237
344352
344428
344460
344490
344505
344671
344687
344728
344745
344862
345063
345121
345147
345205
345260
345307
345386
345481
345487
345746
345808
345893
346132
346261
346399
346524
346623
346695
346940
346993
347041
347131
347222
347479
347636
347712
347731
347786
347841
347934
347971
348119
348166
348242
348278
348446
348473
348521
348702
348773
348859
349224
349283
349312
349332
349522
349780
349803
349817
349897
350054
350385
350412
350433
350507
350590
350770
350792
350803
350950
351015
351060
351102
351171
351432
351439
351522
351538
351612
351636
352081
352100
352140
352240
352345
352395
352467
352472
352490
352508
352591
352602
352649
352844
352899
353083
353105
353110
353269
353388
353444
353598
353649
353952
354194
354233
354385
354473
354548
354597
354943
354994
355546
355807
355823
355917
355954
356283
356544
356873
356887
356914
356963
357053
357087
357178
357214
357256
357450
357463
357533
357596
357631
357806
357895
357959
357972
357995
358030
358090
358134
358406
358462
358527
358551
358561
358661
358676
359449
359754
359920
359933
359975
360220
360276
360296
360504
360697
360707
360824
361051
361600
361601
361665
361677
361883
361884
361884
361910
362125
362284
362636
362857
362882
362975
363009
363137
363413
363431
363569
363666
363678
363721
363806
363817
364103
364124
364173
364417
364496
364498
364595
364647
364857
364942
365072
365109
365249
365280
365297
365389
365472
365580
365716
365806
365882
365931
366011
366308
366411
366633
366743
366851
367014
367083
367136
367172
367458
367460
367473
367525
367600
367694
367715
367762
367854
367897
368258
368324
368370
368574
368625
368681
368828
368930
369038
369047
369050
369330
369414
369461
369534
369578
369634
369638
369698
369713
369725
369732
369779
369861
369981
370065
370119
370215
370315
370443
370452
370565
370666
370803
370869
370870
370906
371003
371032
371130
371150
371337
371450
371509
371534
371807
371853
371934
372363
372402
372448
372473
372493
372505
372506
372509
372751
372940
372950
372977
373103
373376
373475
373483
373790
373880
374037
374067
374112
374310
374697
374769
374803
374804
375027
375194
375218
375302
375396
375552
375604
375610
375636
375843
375845
375905
375915
376070
376079
376435
376513
376931
377177
377355
377775
377933
378534
378627
378651
378859
379009
379349
379376
379590
379623
379655
379707
379719
379832
380074
380077
380279
380329
380345
380464
380473
380498
380539
380612
380763
380820
380829
380900
381064
381227
381291
381311
381343
381365
381398
381445
381643
381701
381780
381909
381949
382201
382356
382669
382756
382952
383084
383135
383329
383729
384479
384489
384735
384835
384849
385124
385156
385160
385414
385414
385473
385554
385570
385630
385680
385768
385853
385893
386048
386150
386154
386267
386304
386612
386620
386686
386691
386692
386716
386729
386839
386927
386941
387199
387417
387502
387555
387583
387592
387705
387980
388042
388223
388330
388697
388808
388825
388850
389028
389069
389106
389199
389293
389381
389586
389610
389736
389939
389977
390010
390053
390129
390323
390429
390483
390520
390830
390894
390914
391005
391029
391040
391075
391119
391139
391606
391726
391871
391872
391973
391980
392011
392096
392246
392524
392606
392615
392634
392855
392922
392948
393077
393188
393315
393336
393619
393763
393886
393935
394022
394116
394143
394173
394249
394316
394572
394627
394729
395017
395019
395120
395569
395660
395686
395776
395934
395936
396106
396228
396325
396370
396371
396388
396460
396597
396654
396742
396810
396811
396821
396918
396944
396945
396964
397030
397032
397268
397283
397388
397420
397881
397883
397940
398080
398095
398558
398709
398726
398780
398845
398866
399007
399102
399322
399337
399550
399553
399554
399579
399616
399632
399651
399855
399875
399973
400023
400032
400156
400224
400262
400319
400362
400363
400367
400390
400390
400708
400852
400927
400938
401043
401475
401480
401531
401613
401624
401672
401823
402312
402436
402453
402462
402494
402567
402679
402688
402725
402931
402982
403094
403292
403305
403360
403409
403433
403470
403497
403536
403698
403785
403807
403914
404001
404196
404211
404293
404330
404744
404873
404898
405108
405115
405176
405275
405448
405507
405551
405562
405572
405605
405639
405846
405852
405887
405911
405922
406032
406072
406109
406205
406317
406325
406727
406764
406914
407136
407202
407242
407369
407698
407834
407890
407955
408177
408283
408517
408539
408618
408621
408659
408707
408724
408762
408796
408854
408868
409224
409242
409324
409739
409767
409797
409969
409982
410054
410354
410366
410420
410704
410746
410802
410806
411043
411047
411087
411226
411289
411314
411316
411323
411333
411343
411391
411546
411781
411800
412126
412207
412224
412288
412376
412674
412695
412857
412859
412971
413099
413178
413203
413238
413291
413355
413640
413640
413682
413723
413740
413953
413984
414148
414229
414412
414635
414670
414972
415096
415171
415309
415418
415498
415568
415625
415781
415912
416121
416391
416411
416600
416729
416753
416849
416864
416880
417129
417147
417174
417382
417462
417583
417683
417689
417792
417807
417831
417851
418145
418230
418492
418569
418732
418744
418744
418779
418837
418938
418978
419186
419387
419562
419668
419678
419749
419795
420175
420207
420254
420534
420568
420642
420744
420784
420861
420870
421071
421153
421158
421362
421413
421562
421781
421811
421854
422000
422174
422186
422284
422473
422601
422679
422693
422789
422959
423142
423156
423237
423370
423515
423967
424019
424205
424345
424359
424615
424633
424638
424639
424678
424942
424977
425092
425104
425165
425654
425724
425729
425751
425951
426003
426013
426064
426292
426350
426514
426559
426617
426798
426886
426980
427068
427348
427385
427397
427476
427542
427819
427851
427937
428146
428197
428341
428386
428409
428409
428414
428425
428538
428608
428630
428639
428877
429028
429055
429178
429523
429961
430120
430188
430401
430407
430628
430667
430778
431143
431148
431222
431308
431339
431727
431792
431869
431935
431945
432169
432252
432596
432671
432952
433149
433260
433298
433370
433380
433518
433653
433668
433691
433767
433831
434021
434085
434119
434123
434295
434328
434344
434486
434998
435021
435282
435359
435412
435581
435681
435721
435825
435883
436128
436256
436397
436762
436787
436833
436904
437022
437162
437271
437281
437599
437751
437896
437959
437997
438178
438202
438208
438238
438239
438314
438506
438636
438654
438816
438978
439041
439083
439158
439310
439369
439471
439493
439570
439601
439662
439705
439829
439836
439899
440220
440250
440271
440335
440358
440509
440566
440657
440708
440963
441033
441082
441129
441144
441281
441349
441536
441545
441749
441803
441861
441882
442050
442274
442420
442495
442597
442631
442748
442829
442931
442938
443063
443165
443311
443368
443370
443435
443456
443586
443777
443840
443924
443931
443947
444133
444142
444355
444410
444674
444676
444709
444742
444867
444952
445192
445363
445391
445397
445543
445697
445850
445996
446109
446140
446234
446566
446893
446905
446921
447156
447282
447369
447373
447440
447703
447913
447927
447962
448069
448123
448140
448149
448545
448655
448665
448677
448700
448916
448941
449100
449144
449409
449461
449624
449737
449769
449821
449849
449879
449912
450014
450260
450266
450273
450317
450431
450494
450653
450683
450821
451002
451072
451084
451227
451534
451676
451893
451896
451964
451972
452286
452319
452411
452613
452701
452773
452852
452917
452997
453087
453126
453173
453355
453422
453566
453707
453712
453987
454125
454276
454338
454358
454360
454383
454400
454465
454726
454730
454816
454870
454890
454905
454977
455024
455038
455158
455165
455445
455618
455707
455722
455798
455935
455975
456036
456378
456426
456545
456687
456710
456744
456984
456997
457055
457094
457121
457128
457149
457216
457302
457340
457369
457433
457505
457544
457718
457771
457774
458049
458221
458295
458460
458626
459059
459236
459292
459331
459335
459346
459378
459625
459631
459859
459889
460014
460133
460157
460237
460315
460479
460526
460538
460565
460623
460623
460637
460677
460752
460891
461206
461397
461426
461485
461610
461810
462111
462221
462276
462413
462433
462619
462681
462845
462981
462995
462998
463026
463042
463258
463298
463311
463435
463638
463648
463685
463713
463747
463747
463779
464038
464425
464719
464908
464987
465056
465077
465084
465203
465207
465241
465276
465322
465559
465759
465762
466126
466174
466202
466507
466525
466664
467253
467323
467346
467480
467559
467822
467858
467946
468060
468173
468352
468386
468449
468530
468662
468753
468809
468851
468959
469021
469135
469261
469469
469555
469627
469649
469711
469757
469822
470191
470249
470281
470377
470495
470791
470845
470878
470909
470964
470973
471066
471203
471221
471372
471400
471430
471487
471634
471689
471779
472149
472305
472397
472450
472487
472496
472566
472781
472830
472881
472922
472923
472930
472934
472945
472980
473051
473136
473193
473238
473286
473469
473614
473727
473735
473847
473883
474038
474096
474104
474267
474453
474503
474508
474679
474681
474712
474810
474988
475010
475070
475310
475406
475467
475602
475835
476127
476149
476256
476538
476545
476549
476596
477143
477190
477443
477501
477521
477599
477680
477737
477851
477909
478049
478053
478185
478200
478290
478342
478384
478696
478779
478866
479002
479067
479119
479197
479364
479546
479629
479705
479784
479835
479848
479945
480117
480130
480290
480383
480749
480772
480782
480825
480852
480947
480981
481035
481043
481258
481268
481476
481502
481755
481783
481834
481906
481987
482249
482260
482284
482472
482633
482765
482797
482899
482969
483018
483066
483241
483335
483381
483410
483445
483538
483629
483791
483801
483954
484010
484045
484050
484241
484354
484407
484407
484853
484906
484969
484988
485079
485214
485391
485608
485795
485870
486200
486261
486300
486439
486525
486893
486921
486925
487049
487059
487379
487388
487428
487514
487948
488093
488100
488199
488201
488558
488776
488905
489709
489869
489884
489900
490081
490139
490278
490502
490507
490598
490801
490840
491237
491271
491383
491498
491538
491574
491617
491656
491708
491724
491729
491877
492033
492063
492109
492209
492399
492467
492479
492485
492620
492623
492632
492667
492720
492782
492852
492973
492974
492995
493040
493083
493510
493520
493554
493706
493714
493771
493793
494031
494160
494206
494220
494247
494253
494291
494422
494495
494662
494683
494752
494826
494950
495101
495205
495221
495332
495434
495479
495588
495618
495663
495700
495779
495883
496006
496332
496734
496777
496812
496889
496920
496924
496929
497023
497253
497276
497294
497534
497562
497595
497905
497915
498126
498354
498492
498558
498726
498794
498800
498871
498924
498928
498974
499184
499285
499616
499628
499685
499746
499780
499804
499842
500037
500063
500443
500513
500620
500689
500743
500756
500818
500879
500883
500942
500984
501112
501512
501569
501605
501981
502012
502050
502066
502363
502384
502536
502554
502673
502686
502808
503148
503315
503367
503542
503731
503918
503990
504192
504276
504313
504531
504576
504861
505288
505339
505561
505590
505696
505736
505824
506102
506110
506281
506312
506389
506430
506441
506467
506517
506568
506726
506763
506869
506922
507126
507238
507254
507441
507577
507765
507997
508030
508182
508396
508440
508454
508475
508514
508526
508856
509074
509084
509097
509174
509225
509250
509305
509311
509490
509506
509639
509866
509936
509942
510021
510039
510045
510287
510454
510538
510568
510694
510728
510747
510759
510771
510808
510901
511022
511084
511090
511116
511225
511252
511560
511647
511725
511736
511820
512167
512167
512559
512575
512589
512636
512692
512782
512787
512870
512878
512986
513022
513183
513308
513370
513530
513544
513584
513603
513694
513873
513893
513937
514054
514076
514081
514326
514482
514550
514720
514827
514892
514916
515099
515130
515176
515197
515466
515476
515482
515603
515692
515738
515785
515802
515807
515996
516189
516366
516732
516867
516981
516981
517052
517078
517423
517527
517553
517627
517631
517954
517969
517978
518015
518075
518108
518158
518185
518231
518520
518647
518946
518981
519070
519208
519570
519601
519710
519726
519759
519798
519827
520084
520086
520107
520117
520280
520330
520387
520567
520679
520683
520707
520707
520751
520775
520840
521007
521121
521195
521433
521494
521587
521639
521645
521665
521679
521719
521826
521914
521921
521948
521988
522001
522168
522554
522650
522957
523143
523161
523233
523432
523517
523575
523740
523917
523974
523995
524050
524074
524140
524199
524297
524298
524302
524470
524610
524633
524665
524739
524778
524798
524812
524862
525188
525206
525237
525357
525485
525530
525713
525958
525962
525968
526076
526279
526279
526394
526708
526801
526826
526842
526912
526973
526977
527005
527024
527047
527114
527154
527239
527389
527399
527493
527522
527547
527598
527639
527801
527919
527942
527997
528158
528250
528283
528366
528421
528821
528833
528860
528901
528955
528968
529201
529209
529247
529258
529274
529289
529399
529496
529519
529550
529689
529905
530152
530363
530459
530635
530701
530893
531026
531158
531405
531704
531816
532089
532269
532474
532476
532490
532505
532691
532713
532755
532822
533165
533193
533370
533734
534001
534091
534105
534130
534439
534586
534900
535206
535375
535504
535520
535529
535576
535682
536047
536094
536112
536143
536146
536148
536184
536315
536408
536465
536474
536487
536545
536762
536998
537025
537026
537365
537531
537676
537762
538035
538050
538134
538270
538528
538689
538995
539003
539004
539020
539265
539276
539578
539751
539765
539803
539809
540032
540050
540144
540195
540391
540408
540767
540780
540808
540840
541042
541073
541457
541484
541722
541813
542110
542173
542234
542295
542301
542327
542383
542437
542479
542503
542582
542621
542647
542695
542707
542885
542896
542907
542942
542958
543053
543076
543111
543120
543154
543306
543371
543590
543667
543756
543787
543937
543966
544032
544114
544129
544455
544539
544659
544719
544811
544849
544862
544918
544957
545197
545605
545677
545708
545787
545803
545840
546006
546055
546112
546223
546223
546235
546247
546280
546356
546383
546648
546651
546700
546707
546750
547105
547134
547226
547326
547353
547610
547632
547654
547731
547845
547869
548255
548415
548619
548695
548805
548810
548823
548836
549053
549147
549294
549300
549330
549432
549505
549608
549636
549661
549669
549681
549742
549829
549967
550099
550159
550373
550641
550964
551068
551180
551199
551317
551373
551465
551503
551606
551607
551611
551690
551727
551854
551871
551896
552107
552143
552146
552147
552252
552277
552373
552449
552451
552497
552579
552852
553095
553226
553502
553542
553660
553710
553741
553750
553897
553977
554005
554085
554165
554239
554309
554342
554412
554488
554638
554734
554756
554851
555097
555170
555380
555627
555642
555789
555914
556059
556060
556076
556084
556179
556270
556441
556499
556547
556598
556672
556708
556712
556722
556827
556861
557283
557292
557318
557634
557680
557695
557730
557786
557811
558003
558114
558285
558440
558479
558479
558526
558555
558772
558878
559061
559087
559512
559704
559741
559746
559992
560179
560210
560329
560430
560434
560497
560637
560678
560719
560771
560937
561112
561214
561371
561400
561456
561504
561600
561823
562102
562111
562201
562205
562223
562405
562695
562902
562967
562984
563302
563321
563332
563518
563525
563644
563675
563681
563718
563737
563806
563942
564162
564196
564278
564317
564385
564388
564424
564500
564501
564700
564724
564728
564785
564851
564858
564910
564953
564965
565085
565336
565434
565707
565743
565772
565795
565893
565943
566129
566130
566142
566441
566490
566590
566598
566791
566858
567333
567348
567392
567394
567406
567443
567607
567875
568104
568327
568357
568361
568410
568444
568597
568673
568700
568827
568967
569027
569037
569067
569255
569294
569492
569551
569566
570043
570118
570210
570289
570292
570334
570346
570348
570468
570597
570873
570882
570956
570965
571044
571067
571184
571201
571266
571301
571360
571437
571440
571728
571751
571888
572106
572245
572309
572429
572451
572934
572996
573093
573321
573459
573528
573622
573688
573705
573734
573777
573937
573961
573973
574184
574319
574365
574403
574458
574553
574821
574833
574873
575239
575289
575301
575315
575343
575623
575643
575709
575753
576137
576150
576272
576281
576286
576360
576385
576476
576641
576721
576838
576956
577024
577161
577454
577461
577544
577565
577598
577707
577710
577781
577862
577872
577939
577994
578165
578176
578183
578226
578308
578386
578540
578603
578738
578888
578891
579131
579198
579297
579322
579391
579435
579759
579790
579871
579959
580098
580250
580390
580398
580410
580425
580447
580568
580649
580962
581117
581354
581424
581609
581620
581796
581848
582073
582182
582299
582299
582308
582312
582557
582717
582759
582778
582799
582824
582837
582855
583027
583031
583157
583203
583244
583397
583663
583684
583877
583990
584144
584180
584351
584352
584438
584489
584534
584552
584699
584854
585151
585262
585492
585729
585804
585920
586093
586121
586212
586373
586801
586816
586849
586947
587003
587021
587054
587188
587190
587236
587283
587503
587511
587562
587650
587736
587783
587823
587936
588344
588503
588705
588839
588842
588849
588906
588970
589119
589642
589744
589958
590040
590047
590078
590106
590173
590195
590303
590340
590518
590755
590791
590829
590976
590997
591059
591067
591082
591161
591247
591286
591314
591345
591630
591701
591708
591740
591848
591923
591996
592011
592152
592405
592523
592543
592613
592659
592692
592911
592980
593055
593107
593111
593167
593224
593240
593569
593677
593727
593837
593873
593876
594213
594216
594249
594403
594430
594518
594535
594582
594768
594826
595268
595354
595357
595409
595531
595645
595688
595698
595773
595795
595829
595933
596174
596445
596559
596639
596926
596951
597027
597036
597201
597364
597456
597496
597540
597679
597700
597718
597728
597800
597848
597985
598235
598240
598369
598425
598455
598653
598900
598900
598999
599036
599134
599505
599553
599565
599613
599627
599687
599835
600089
600180
600317
600330
600339
600406
600440
600442
600492
600632
600714
600721
600801
600893
601043
601126
601191
601232
601553
601559
602000
602263
602305
602326
602351
602422
602472
602594
602596
602654
602815
603077
603400
603531
603658
603659
603877
604116
604254
604526
604817
604891
605024
605250
605690
605720
605984
606028
606152
606331
606581
606678
606678
606782
606786
606909
607190
607211
607310
607341
607416
607460
607480
607618
607619
607668
607755
607769
607818
607827
607833
607860
607915
607928
608094
608118
608138
608170
608190
608404
608621
608791
609263
609268
609295
609446
609821
610061
610179
610182
610292
610379
610563
610711
610735
610771
610780
610803
610891
610912
611184
611279
611378
611383
611556
611842
612019
612038
612067
612224
612410
612506
612779
612912
613007
613023
613197
613339
613491
613633
613723
613826
614005
614107
614150
614315
614334
614429
614526
614629
614641
614845
614918
615486
615548
615670
615745
616114
616246
616410
616443
616457
616483
616557
616950
617043
617082
617141
617141
617292
617425
617516
617554
617742
618123
618271
618390
618500
618577
618641
618786
619004
619089
619114
619117
619185
619323
619412
619501
619878
619942
620383
621014
621058
621176
621345
621707
621730
621971
622245
622455
622502
622676
623022
623112
623122
623294
623415
624025
624180
624215
624281
624448
624614
624660
624673
624697
624893
624911
625174
625184
625189
625220
625254
625417
625599
625730
625861
625888
626014
626121
626250
626381
626534
626695
626714
626721
626976
627247
627302
627411
627418
627421
627432
627596
627785
627797
627811
627823
627904
628256
628285
628307
628393
628515
628880
628891
628961
629075
629111
629214
629290
629694
629803
630014
630110
630142
630284
630286
630377
630430
630447
630506
630644
630775
630961
631167
631215
631217
631289
631648
631671
631693
631789
631842
631861
631941
632130
632160
632162
632278
632504
632676
632767
632780
632810
632817
632892
633062
633072
633218
633233
633254
633273
633346
633369
633390
633580
634163
634199
634220
634228
634423
634459
634612
634627
634769
634770
634845
635115
635155
635248
635313
635399
635559
635692
635894
635917
636105
636109
636222
636321
636417
636438
636750
636752
636791
636798
636890
637034
637109
637111
637237
637269
637272
637315
637319
637392
637412
637518
637526
637678
637697
637702
637790
637791
637842
637914
637962
637971
637992
638085
638096
638192
638267
638347
638411
638473
638570
638642
638920
638939
638950
638955
639206
639219
639250
639324
639342
639533
639607
639620
639788
640027
640042
640090
640306
640320
640402
640505
640539
640588
640757
641103
641151
641316
641420
641423
641518
641685
641765
641930
642187
642316
642496
642535
642593
642600
642922
643115
643214
643258
643350
643410
643526
643643
643714
643718
643780
644016
644082
644121
644180
644315
644635
644677
644760
644761
644789
644897
644927
645021
645032
645157
645551
645897
645900
645959
645984
646002
646006
646082
646158
646373
646406
646515
646602
646800
646835
646936
647028
647046
647129
647165
647279
647293
647336
647367
647549
647612
647635
647653
647794
647843
648148
648228
648290
648356
648474
648484
648568
648595
648599
648603
648645
648707
648749
648803
648856
648995
649011
649379
649395
649852
650039
650139
650213
650224
650446
650552
650586
650799
650991
651000
651394
651500
651572
651617
651739
651851
651934
651963
652012
652363
652473
652509
652679
652791
652803
652971
653163
653198
653338
653460
653579
653735
653942
654156
654255
654407
654434
654498
654542
654622
654726
655005
655024
655035
655059
655095
655172
655284
655312
655325
655468
655494
655540
655607
655746
655807
655837
655866
655900
655983
656166
656211
656229
656253
656260
656438
656571
656577
656608
656705
656822
656930
657137
657188
657324
657497
657524
657817
657856
657857
657925
658055
658139
658172
658181
658298
658306
658370
658480
658518
658650
658700
658801
658973
658979
659083
659248
659477
659629
659667
659999
660141
660277
660375
660414
660596
660647
660743
660804
660884
660922
660956
661033
661074
661291
661307
661366
661988
661988
662203
662230
662355
662500
662587
662625
662641
662808
662878
662975
663033
663044
663226
663364
663410
663973
664005
664071
664091
664190
664468
664552
664591
664605
664664
664671
664691
664963
665070
665173
665225
665353
665504
665536
665609
665899
665932
666254
666258
666340
666486
666579
666635
666662
666688
667109
667133
667399
667526
667613
667635
667675
667685
667706
667712
667894
667917
667926
668019
668048
668178
668247
668252
668259
668776
668837
668877
669018
669020
669136
669245
669271
669291
669545
669554
669557
669671
669726
670044
670216
670277
670287
670300
670371
670463
670613
670619
670630
670924
671097
671122
671242
671255
671288
671663
671673
671744
671833
672188
672320
672377
672567
672751
672768
672923
672933
672994
673117
673135
673240
673250
673471
673639
673714
673784
674008
674011
674101
674167
674184
674194
674282
674367
674443
674487
674516
674529
674551
674934
674947
674967
675164
675278
675302
675358
675437
675495
675571
675813
675815
675848
675894
675928
675958
675985
676162
676199
676292
676306
676341
676402
676627
677210
677248
677338
677484
678008
678127
678156
678205
678208
678262
678293
678356
678492
678584
678768
678920
679023
679159
679165
679185
679200
679350
679664
679790
679966
680066
680332
680373
680834
680939
680974
681037
681060
681120
681446
681497
681570
681659
681900
681908
681999
682018
682035
682113
682222
682295
682588
682667
682702
682714
682761
683456
683756
683762
684096
684119
684272
684380
684392
684501
684538
684550
684584
684650
684708
684781
684798
684861
684962
685063
685065
685323
685415
685501
685517
685545
685945
686046
686072
686086
686257
686266
686352
686427
686494
686499
686594
686596
686632
686934
687063
687076
687080
687121
687212
687289
687371
687375
687448
687545
687708
687772
687986
687994
688094
688442
688478
688540
688660
689063
689341
689537
689548
689559
689751
689825
689901
689970
690028
690149
690307
690350
690355
690899
691025
691167
691224
691295
691338
691396
691439
691693
691752
691982
692151
692317
692380
692487
692505
692509
692633
692662
692841
693303
693365
693660
693933
694004
694065
694204
694303
694495
694537
694551
694809
694958
695026
695070
695313
695386
695611
695838
695929
696056
696175
696187
696195
696296
696356
696479
696778
696834
696847
697118
697331
697350
697356
697591
697641
698228
698407
698419
698671
698777
698826
699216
699282
699283
699295
699489
699660
699671
699695
699753
699784
699824
699953
700055
700062
700332
700437
700575
700591
700598
700644
700664
700805
700958
701300
701332
701339
701360
701561
701653
701746
701817
701857
701876
702197
702199
702396
702415
702779
702811
702957
703274
703284
703395
703505
703522
703646
703751
703796
703884
703970
704066
704091
704145
704223
704263
704267
704269
704410
704438
704444
704527
704628
704638
704725
705025
705262
705550
705605
705637
705802
705838
705839
705958
706032
706187
706440
706705
706800
706944
707037
707161
707495
707630
707640
707789
707901
707931
708031
708070
708085
708179
708183
708227
708233
708326
708330
708361
708413
708414
708505
708521
708610
708682
708696
708709
708772
708797
709189
709242
709248
709296
709343
709354
709574
709583
709622
709695
709698
709794
710091
710199
710248
710368
710490
710504
710526
710539
710548
710596
710618
710663
710978
711106
711150
711543
711615
711744
711758
711794
711837
711902
712043
712058
712222
712388
712412
712503
712608
712633
712673
712676
712704
712767
713083
713092
713110
713260
713296
713801
713809
713951
714036
714214
714311
714332
714411
714426
714497
714823
714849
714962
715051
715254
715270
715319
715341
715381
715418
715628
715777
715825
715938
715992
716077
716259
716445
716449
716522
716532
716548
716612
716620
716677
716813
716905
716991
717177
717251
717331
717798
718002
718049
718136
718149
718376
718418
718452
718474
718597
718598
718969
719096
719307
719357
719440
719448
719455
719458
719524
719776
719781
719905
719968
720044
720134
720142
720238
720258
720341
720407
720550
720644
721082
721344
721596
721697
721746
721767
721826
722159
722191
722197
722509
722647
722692
722753
722774
722810
722900
723092
723480
723660
723665
723740
723958
723966
723976
724087
724091
724269
724274
724459
724581
724613
724684
724686
724723
725043
725105
725305
725310
725333
725452
725479
725548
725647
725731
725858
726084
726193
726226
726304
726313
726329
726518
726757
726779
726786
726972
727035
727061
727265
727269
727396
727447
727751
727774
728018
728133
728158
728249
728322
728359
728385
728429
728435
728485
728508
728626
728715
729116
729412
729865
730087
730142
730260
730364
730429
730479
730763
730885
731137
731170
731354
731469
731493
731828
731832
732105
732192
732215
732394
732458
732509
732521
732632
732718
732741
732774
732995
733296
733781
733802
733927
733996
734240
734252
734291
734337
734365
734395
734449
734508
734649
734760
734767
734805
734842
734970
734987
735020
735055
735237
735299
735393
735525
735585
735705
735754
735771
735850
735935
735974
735982
736073
736080
736116
736316
736327
736420
736428
736459
736491
736578
736683
736862
736888
736964
737016
737027
737083
737199
737202
737220
737531
737543
737586
737665
737687
738032
738384
738430
738567
738688
738705
738752
738915
738935
739003
739026
739059
739146
739229
739241
739430
739476
739492
739583
739989
740077
740112
740218
740604
740742
740808
740861
740971
741102
741132
741142
741157
741210
741263
741263
741392
741462
741500
741556
741675
741745
741766
741829
741859
741878
741959
741961
742062
742114
742163
742269
742286
742289
742390
742693
742712
742741
742924
742937
743001
743014
743151
743187
743362
743423
743510
743685
743753
743786
743824
743920
743945
744016
744127
744173
744249
744314
744314
744318
744430
744462
744727
745278
745366
745400
745406
745414
745940
746229
746492
746582
746701
746846
746974
747304
747370
747548
747621
747636
747760
747764
747806
747999
748061
748106
748111
748115
748119
748185
748422
748505
748566
748657
748803
749265
749371
749396
749483
749523
749545
749599
750109
750125
750260
750518
750616
750718
750929
750960
751068
751153
751176
751209
751298
751378
751379
751413
751429
751430
751487
751557
751569
751813
752015
752026
752081
752096
752123
752174
752175
752182
752186
752280
752297
752299
752443
752486
752577
752608
752625
752814
752825
752972
753139
753241
753272
753280
753341
753520
753556
753594
753875
754046
754109
754156
754282
754352
754380
754554
754655
754809
754938
754955
754966
754983
755249
755385
755434
755454
755602
755611
755616
755635
755678
755707
755712
755820
755915
755965
756037
756042
756073
756138
756219
756235
756250
756263
756444
756466
756508
756569
756617
756619
756635
756699
756742
756743
756864
756876
756878
757113
757679
757778
757805
758054
758078
758201
758206
758212
758213
758249
758381
758465
758561
758603
758663
758683
759041
759111
759138
759255
759428
759463
759476
759498
759573
759780
759894
759934
760070
760110
760114
760179
760206
760301
760395
760456
760493
760696
760764
760798
761087
761115
761221
761300
761428
761433
761498
761508
761591
761898
761951
762031
762071
762073
762186
762204
762334
762334
762346
762487
762808
762822
762935
763047
763091
763194
763490
763610
763670
763758
763830
763843
764013
764109
764197
764249
764307
764397
764598
764721
764830
764860
765010
765052
765322
765429
765534
765567
765603
765730
765798
765824
766046
766141
766223
766293
766843
766921
766954
767018
767048
767079
767148
767193
767249
767471
767532
767559
767613
767631
767654
767777
767803
767823
767931
768001
768021
768122
768265
768455
768542
768645
768840
768924
768968
769028
769045
769109
769191
769346
769369
769391
769600
769644
769785
769915
769980
770001
770350
770367
770435
770689
770781
770814
771099
771135
771168
771284
771412
771447
771536
771573
771617
771754
771755
771779
771847
772137
772304
772591
772835
772985
772988
773123
773141
773186
773348
773421
773507
773565
773571
773593
773649
773709
773754
774141
774289
774362
774385
774389
774725
774918
775053
775065
775078
775138
775201
775553
775664
775819
775853
775890
775991
776044
776171
776208
776381
776951
777155
777161
777285
777368
777409
777517
777527
777571
777709
777794
778067
778099
778241
778278
778280
778288
778294
778359
778668
778786
778809
778816
778823
778891
778918
779076
779085
779181
779242
779281
779354
779421
779431
779490
779527
779620
779641
779817
779852
780044
780046
780103
780143
780568
780590
780653
780782
780917
780961
781017
781046
781203
781391
781405
781435
781491
781532
782095
782145
782268
782403
782556
782633
782842
782967
783006
783150
783194
783264
783480
783515
783722
783804
783951
784031
784051
784093
784150
784352
784496
784626
784953
785048
785328
785344
785454
785459
785518
785546
785550
785624
785645
785867
785872
785977
786246
786287
786438
786474
786511
786759
786826
786874
786885
787065
787202
787347
787485
787542
787580
787599
787781
787902
788062
788080
788224
788366
788425
788459
788848
788899
789031
789136
789366
789539
789614
789767
789912
789944
790050
790164
790398
790425
790470
790603
791190
791233
791345
791432
791612
791620
791832
791851
791921
791961
791994
792085
792249
792342
792538
793134
793178
793199
793331
793343
793508
793620
793637
793661
793750
793750
793787
793859
793869
794045
794097
794306
794639
794841
794885
795084
795196
795333
795339
795373
795405
795407
795474
795629
795650
795699
795775
795917
796162
796329
796401
796611
796800
796992
797027
797122
797239
797256
797469
797612
798177
798197
798287
798288
798375
798398
798403
798764
798881
798900
799071
799077
799147
799302
799579
799633
799764
799772
799832
800251
800259
800567
800617
800706
800714
800720
800755
800793
801160
801241
801252
801343
801407
801454
801498
801717
801774
801829
801877
802027
802188
802265
802352
802407
802418
802536
802676
803083
803126
803297
803646
803688
803759
803840
803851
803929
803949
804052
804193
804253
804287
804390
804564
804689
804820
804890
804919
804957
805120
805224
805379
805413
805413
805658
805677
805846
805868
805901
806009
806091
806609
806683
806737
806750
806805
806828
806934
807135
807160
807187
807310
807337
807487
807559
807729
807798
807818
807822
807875
807948
807953
807974
808062
808069
808078
808206
808217
808248
808302
808487
808554
808626
808681
808741
809090
809162
809221
809230
809238
809605
809757
809783
809829
809844
810082
810160
810316
810568
810597
810609
810613
810777
810792
810897
810974
811237
811301
811409
811557
811638
811643
811780
811802
811976
812063
812149
812192
812341
812611
812671
812734
812886
813031
813113
813170
813204
813214
813221
813342
813439
813546
813577
813670
813676
813720
813808
813932
814083
814287
814340
814344
814704
814808
814901
814919
815050
815119
815189
815242
815253
815316
815462
815575
815633
815647
815750
816037
816074
816213
816335
816376
816422
816452
816494
816556
816563
816576
816579
816778
816910
816938
817001
817197
817336
817403
817512
817701
817871
817876
817915
818541
818770
818774
818805
818920
818923
818944
818993
819163
819209
819393
819578
819599
819690
819862
819867
820289
820298
820372
820629
820748
820815
820829
820851
820866
820873
820874
820929
821020
821099
821191
821223
821307
821451
821520
821707
821840
821845
822153
822164
822203
822307
822365
822373
822473
822519
822560
822703
822703
822768
822776
822784
822824
822973
823041
823274
823306
823468
823595
823599
823829
823840
823929
823955
824089
824130
824246
824459
824552
824593
824919
825068
825105
825119
825175
825210
825318
825323
825325
825536
825651
825739
826149
826369
826672
826676
826711
826873
826947
827059
827078
827112
827217
827408
827459
827563
827731
827735
827927
827960
827995
828049
828115
828292
828448
828558
828621
828798
828877
828952
829126
829249
829436
829478
829505
829802
829923
830130
830218
830396
830414
830651
830688
830787
830877
831037
831135
831207
831332
831376
831442
831539
831544
831565
831588
831601
831631
831768
831806
831848
831874
832154
832177
832230
832253
832328
832367
832487
832677
832766
832772
832812
832932
832997
833258
833534
833543
833651
833771
833776
833778
833791
834113
834181
834188
834287
834316
834594
834648
834670
834743
834804
834894
834939
835403
835464
835623
835701
835859
836029
836053
836103
836152
836269
836298
836733
836926
836991
837268
837550
837596
837598
837945
838226
838333
838383
838407
838651
838750
838761
838820
838895
838964
839133
839258
839482
839517
839783
839786
839832
839846
839924
839950
840082
840123
840129
840171
840218
840252
840538
840711
840941
841131
841136
841242
841323
841406
841503
841625
841626
841656
841702
841727
841801
841994
842076
842103
842376
842453
842528
842537
842863
843122
843146
843170
843174
843234
843263
843313
843322
843469
843583
843774
843858
843970
844007
844122
844236
844302
844335
844423
844563
844641
844823
844827
845053
845146
845282
845367
845371
845462
845564
845588
845673
845696
845741
845939
846052
846106
846112
846118
846170
846363
846367
846373
846434
846449
846525
846553
846715
846865
847045
847121
847269
847336
847390
847408
847550
847637
847700
847749
847814
847923
848159
848220
848266
848344
848346
848354
848427
848564
848606
848653
848692
848714
848735
848836
848851
848894
849005
849026
849066
849174
849455
849637
850326
850366
850522
850594
850659
850704
850760
850764
850912
850926
850968
850970
851007
851047
851289
851384
851452
851460
851590
851610
851724
851762
851866
852062
852106
852106
852113
852171
852287
852539
852619
852844
852964
852988
853009
853188
853206
853364
853424
853587
853746
853752
853965
854003
854010
854087
854119
854157
854264
854622
854658
854764
854893
854947
855013
855052
855115
855173
855407
855493
855527
855688
855857
856132
856177
856328
856499
856557
856756
856793
856894
857073
857177
857198
857307
857317
857823
857952
857971
857982
858058
858111
858115
858232
858278
858291
858480
858601
858603
858670
858764
858777
858843
858892
859048
859124
859285
859293
859317
859322
859491
859520
859695
859723
859733
859734
859818
859851
859852
859882
859984
860021
860029
860053
860152
860295
860531
860563
860586
860621
860785
861122
861142
861158
861338
861506
861559
861620
861658
861688
861797
861855
861867
861908
862237
862326
862474
862818
862867
862988
862995
863304
863552
863564
863751
863868
863871
863923
863973
864000
864009
864142
864174
864201
864203
864239
864245
864353
864361
864396
864504
864728
864771
864798
864817
864913
864977
865095
865205
865215
865253
865300
865398
865479
865538
865579
865845
865886
865991
866016
866058
866090
866133
866238
866242
866266
866347
866385
866430
866497
866697
866870
866948
866966
867113
867382
867397
867644
867649
867737
867741
867935
867959
868099
868161
868226
868308
868495
868524
868584
868639
869063
869236
869277
869384
869620
869624
869840
869982
869994
870049
870203
870389
870757
871110
871551
871631
871704
871745
872021
872025
872274
872314
872489
872560
872736
872790
872815
872874
872903
873004
873044
873220
873291
873348
873425
873489
873550
873619
873670
873702
873905
873999
874102
874180
874259
874361
874386
874401
874473
874558
874561
874605
874784
874818
874935
875137
875566
875718
875730
875772
875810
875934
875954
875974
876020
876050
876051
876268
876298
876427
876580
876606
876731
876845
876921
877047
877147
877319
877349
877478
877740
877788
878047
878112
878417
878443
878515
878630
878858
878875
879176
879250
879296
879554
879671
879685
879774
879862
879939
880100
880362
880374
880664
880676
880708
880872
881076
881308
881495
881575
881643
881663
882168
882275
882459
882509
882533
882749
882815
882899
883004
883042
883118
883371
883392
883416
883433
883558
883565
883750
883782
883827
883864
883954
884119
884176
884210
884225
884272
884321
884416
884417
884477
884822
885015
885049
885065
885090
885151
885228
885308
885405
885481
885535
885647
885691
885808
885955
885981
886282
886364
886367
886384
886409
886419
886453
886533
886613
886652
886664
886675
886835
886867
886939
886985
887006
887126
887156
887243
887364
887407
887445
887458
887506
887595
887828
887935
888146
888266
888373
888380
888397
888490
888502
888676
888733
888812
889004
889109
889534
889963
890005
890020
890167
890769
890811
890840
890944
890989
891099
891278
891455
891546
891566
891709
891786
891826
891846
891849
891918
891962
891995
892050
892076
892115
892232
892260
892365
892366
892412
892444
892478
892535
892555
892579
892624
892666
892682
892751
892770
892906
892928
892985
893042
893084
893513
893531
893537
893632
893817
893834
894092
894234
894298
894461
894560
894624
894729
894757
894801
895115
895274
895304
895355
895467
895873
895965
896328
896458
896576
896620
896622
896659
896803
896803
896843
897145
897146
897202
897221
897230
897233
897447
897448
897461
897618
897642
897690
897700
897796
897876
897886
897897
897942
898091
898194
898204
898323
898494
898527
898779
899551
899595
899610
899692
899738
899763
899893
899924
900068
900104
900127
900353
900500
900632
900666
900862
900862
901003
901094
901237
901297
901343
901579
901971
902025
902044
902152
902331
902334
902343
902392
902422
902427
902618
902678
902706
902750
902822
902881
902953
903070
903186
903336
903494
903592
903803
903839
903858
904061
904132
904146
904343
904497
904560
904617
904666
904684
904756
904792
904895
904900
904937
904959
905069
905109
905234
905279
905340
905396
905414
905511
905718
905719
905855
905947
905984
906167
906311
906486
906532
906534
906578
906658
906712
906823
906868
906891
906893
906985
907366
907639
907743
907808
907999
908144
908170
908253
908340
908416
908477
908504
908532
908874
908936
908938
909052
909454
909512
909515
909671
909671
909746
909950
909980
910001
910195
910222
910296
910412
910525
910655
910798
910931
910935
910962
911121
911121
911133
911191
911239
911328
911383
911512
911560
911702
911790
911917
911923
911927
912005
912115
912491
912541
912791
912862
912880
912917
912965
913019
913152
913248
913268
913295
913308
913328
913448
913482
913497
913510
913790
914177
914194
914218
914324
914351
914457
914517
914905
915026
915332
915541
915543
915572
915666
915724
915931
915957
916317
916322
916452
916557
916614
916620
916635
916775
916845
916854
917034
917064
917104
917305
917354
917365
917428
917500
917502
917505
917597
917666
917932
918040
918112
918114
918122
918171
918216
918239
918330
918395
918423
918496
918856
918892
919164
919271
919649
919887
919931
919982
920154
920544
920563
920695
920930
920948
920953
920991
921030
921082
921095
921361
921394
921677
921783
921937
921989
922121
922121
922139
922252
922314
922458
922493
922647
922649
922694
922865
922891
923062
923112
923265
923303
923402
923485
923557
923653
923736
923771
923833
923881
924060
924144
924290
924359
924408
924493
924679
924759
924868
924890
925029
925070
925188
925324
925325
925613
925614
925648
925773
925966
926012
926022
926040
926095
926325
926555
926602
927001
927105
927207
927322
927335
927431
927676
927912
928004
928078
928137
928161
928604
928731
928863
928965
929002
929017
929246
929266
929340
929422
929499
929654
929677
929756
929785
929803
929939
929976
930068
930271
930362
930370
930509
930574
930662
930779
930809
930845
930925
931018
931044
931102
931289
931352
931602
931725
931742
931744
931765
931996
932084
932128
932186
932225
932289
932693
932852
933331
933478
933543
933642
933653
933682
933689
933738
933839
933842
933847
933911
933958
933967
933991
934026
934160
934333
934488
934496
934514
934526
934649
934662
934831
935162
935165
935223
935638
935756
935781
935950
935978
936126
936286
936468
936575
936702
936743
936768
936783
936845
936961
936965
936965
936982
937182
937187
937292
937651
937776
937799
937813
937829
937879
937891
937910
937922
938147
938428
938469
938540
938544
938558
938774
938899
939112
939187
939217
939235
939266
939306
939526
939585
939746
939771
939779
939807
940205
940236
940237
940344
940449
940647
940685
940802
940960
941228
941270
941319
941328
941722
941723
941847
942349
942349
942446
942531
942625
942659
942697
942889
943019
943128
943179
943215
943231
943268
943409
943693
943837
943901
943920
943982
944024
944057
944091
944222
944294
944412
944435
944590
944621
944734
944838
944913
945024
945224
945343
945562
945617
945744
946048
946140
946222
946490
946545
946572
946653
946744
946838
946904
946914
946996
947046
947071
947146
947158
947249
947365
947370
947524
947684
947700
947834
947880
948014
948135
948281
948351
948367
948411
948419
948519
948569
948725
948834
949114
949135
949217
949222
949266
949319
949454
949650
949957
949960
949991
950003
950036
950142
950431
950439
950577
950668
950684
950999
951023
951159
951288
951402
951502
951738
951819
952166
952278
952310
952337
952643
952659
952812
952884
952894
952953
953205
953208
953314
953352
953419
953610
953643
953681
953724
953778
953877
954018
954054
954329
954356
954448
954616
954705
954707
954733
954834
954856
954888
955153
955160
955182
955420
955461
955505
955566
955615
955942
955994
956036
956065
956098
956119
956146
956190
956281
956351
956382
956424
956631
956657
956914
956953
957209
957373
957449
957465
957515
957707
957796
957938
958029
958059
958155
958196
958397
958462
958832
958841
958950
959208
959321
959350
959498
959592
959847
959956
959984
960174
960198
960395
960437
960748
960771
960843
960920
961116
961231
961636
961637
961681
961889
961891
962028
962033
962131
962262
962397
962400
962673
962719
962732
962849
962974
963001
963030
963038
963130
963234
963251
963281
963432
963465
963481
963569
963611
964032
964064
964132
964174
964197
964235
964241
964380
964401
964406
964534
964747
965001
965037
965139
965363
965596
965699
965711
965735
965765
965799
965815
965816
965892
966051
966181
966202
966267
966271
966302
966368
966452
966493
966602
966755
966958
966998
967162
967251
967348
967392
967468
967651
967659
967665
967698
967937
968192
968313
968437
968458
968562
968616
968648
968777
968981
969115
969246
969341
969372
969379
969795
970041
970089
970263
970436
970498
970660
970681
970753
970997
971105
971274
971487
971617
971638
971947
971978
972144
972236
972507
972509
972828
973040
973055
973111
973218
973456
973467
973751
973767
973786
973789
973863
973981
974303
974336
974362
974366
974403
974440
974639
974809
974941
974963
975107
975134
975551
975682
975793
975855
975955
975973
976275
976435
976656
976686
976694
976926
977038
977075
977078
977092
977498
977553
977713
977750
977826
977887
977908
978004
978018
978028
978201
978280
978397
978611
978640
978644
978734
978804
978909
978976
979083
979148
979203
979337
979354
979456
979752
979790
979881
980108
980302
980344
980362
980421
980472
980494
980819
981084
981086
981143
981149
981186
981354
981382
981605
981732
981742
981825
981838
982059
982070
982080
982167
982235
982263
982492
982548
982603
982714
982842
982911
983065
983176
983221
983260
983265
983363
983462
983779
983865
983885
984100
984490
984613
984621
984654
984856
984902
984991
985050
985148
985215
985328
985354
985469
985536
985677
985980
986194
986251
986277
986407
986419
986419
986585
986593
986673
986754
986855
987028
987135
987294
987500
987702
987858
987915
988050
988093
988189
988308
988466
988545
988621
988624
988742
988900
988998
989008
989091
989249
989260
989379
989533
989565
989584
989598
989615
989625
989672
989754
989807
989890
989924
989978
990166
990232
990278
990382
990525
990532
990576
990613
990823
990885
990912
991054
991106
991314
991429
991538
991545
991583
991593
991639
991660
991806
991830
991841
992176
992238
992437
992541
992580
992588
992589
992606
992624
992927
992944
992956
992977
993184
993232
993249
993476
993657
994174
994176
994202
994437
994465
994515
994610
994646
994944
995081
995214
995254
995375
995500
995607
995703
995859
995873
995928
996032
996043
996095
996152
996185
996294
996459
996481
996586
996747
996810
996822
996847
997134
997142
997194
997202
997227
997303
997423
997722
997786
997870
997896
998062
998307
998362
998382
998435
998499
998618
998663
998721
998813
998819
998872
999013
999019
999029
999337
999370
999416
999653
999658
999817
999896
