10000 4969
121008
771343
867568
734253
828202
37290
706318
357612
528602
288035
319773
494219
182897
532600
233428
232376
12960
605487
931355
704683
413883
124954
802787
630018
957548
342673
954588
993701
515169
951199
176722
827337
855993
779263
257533
880827
3559
674248
956821
450610
104126
528104
30540
936151
204259
518196
238705
454921
123278
236898
552343
957725
336017
484346
694391
433454
877127
702842
831807
114885
852850
142085
855558
653218
510686
461050
499450
775135
659004
228118
916102
589476
141025
167147
11252
31564
552885
66040
224410
379278
197040
648750
708991
931012
223159
245895
21388
825767
395778
352390
712927
341120
249355
976262
250412
369816
309604
812292
15741
915418
769772
672841
624333
239474
182477
127097
870156
176867
871232
242752
898578
350218
991138
503342
424691
46730
238733
34421
600719
743848
947459
383641
253490
163397
379896
713904
24393
54851
382381
967509
821098
996260
973451
757377
923357
461197
43630
844627
885807
604740
499315
790486
449258
91590
391672
59618
961355
177530
67034
154623
244512
261359
99485
265898
851870
816427
64890
483053
889992
861035
530059
509448
335380
307562
55575
542918
515803
197149
396044
39066
451075
734992
356324
239347
930608
212834
126669
383913
729010
543776
247160
68619
223931
369500
91393
185309
553289
613576
825970
359404
181637
929074
492849
275696
328943
968059
825139
261806
484442
166548
330810
152556
278919
800854
561325
626642
814950
43355
398586
207509
319633
699111
657604
262190
861710
662621
81911
590869
831862
675342
217011
733700
247501
468613
316902
935243
199623
879363
650499
976289
392995
443642
640770
507763
621094
347704
294486
631041
867423
211682
505160
516138
230396
702057
201417
281060
730131
824324
690189
750230
958257
912009
303296
60172
910422
459215
829563
89730
738693
229755
903016
440968
999122
829641
344102
545181
758169
537217
257719
227803
97093
765001
777426
579663
903575
130450
750177
928451
533481
61890
301753
983539
172299
20936
905667
524346
690825
958094
844577
295878
748660
802828
114822
454281
62281
419480
265058
14154
880132
116963
617008
545817
518301
5234
194860
619699
245280
534307
880733
640322
46167
301742
921522
97734
912029
148415
295163
476598
106036
69107
857226
501755
5865
558182
751105
696211
879801
495692
289667
568222
539672
693669
77215
199803
789898
85749
118767
236574
391235
624321
710964
631280
917770
450696
879159
20497
628295
136857
349711
674497
905633
48571
146076
353167
442971
671396
195046
974943
678395
946867
531967
420165
128846
722490
411791
702432
215179
981652
688463
683000
806042
136314
475985
837549
935761
755191
952696
715294
23472
501354
136245
908839
653692
594767
821346
119956
127446
100603
145539
827872
375216
751317
953104
25539
905042
591017
304611
409290
926398
275244
606956
527444
295308
403631
193292
633702
13392
943867
967469
583501
904278
605293
540921
159149
238521
919818
620673
976775
297961
216238
833166
23553
123558
392420
678142
353755
363809
92178
190181
195669
393557
719814
675343
311054
406022
328792
473449
668880
788714
593344
110761
646557
961449
201500
363635
463951
524282
631614
423808
461999
473643
376178
742278
876374
253809
794856
857047
282480
346627
647480
799968
196111
179513
997776
371228
364605
245866
799849
277111
356600
984510
917499
926766
616001
793778
810834
260446
921194
985840
623393
408402
112780
327414
748881
766303
691327
927500
897247
478016
400237
386456
765678
967051
556400
348141
684572
55785
191151
171559
657908
375322
3745
550409
507457
804439
677894
740440
532936
264356
894894
773667
835833
43074
853496
743180
327095
966780
178502
277557
162475
943945
846604
348533
578261
504585
778881
626501
208706
565708
999140
556491
300916
725267
247213
600330
648361
278937
513488
142950
216449
108484
451243
116439
589108
921799
490014
961373
507275
677108
721919
833411
608458
397760
982721
258912
132164
821666
769525
531361
794224
723458
63754
452179
100976
616250
498474
750560
582469
318560
941556
447142
398700
580480
998342
714108
211328
920904
69276
782957
349246
154893
356711
238180
416454
45959
312140
286637
930759
990858
387779
296362
604177
199237
933809
499693
637671
35904
397122
314710
901235
372027
393022
290803
155955
397206
359105
22093
761181
620916
824783
949557
446761
405549
23701
818296
372112
141363
546320
228861
908705
876149
993094
809098
79356
523197
749540
587058
604981
19015
74363
553519
343370
700077
450005
608498
6370
276044
681584
828602
295557
984964
947648
841351
198796
541605
757360
469046
482679
488850
236512
435493
669381
131609
949115
753544
610416
718928
986616
390032
217524
480238
3909
263743
614513
955924
241592
975647
829616
690869
706883
961277
51331
825791
921907
409429
39889
696726
916953
20921
534841
457938
682690
390823
111654
406957
122175
933053
803624
842568
208945
939471
109290
702630
519795
850659
948964
612818
884447
541078
335266
435620
576771
860679
222009
344386
46790
471461
689978
550299
652523
53190
778061
170291
527483
496656
954903
169481
308541
991687
907917
694470
407210
608586
430403
958822
422345
586546
807234
486481
936469
760186
619032
663569
439112
215953
474154
28642
396772
903465
620292
248115
209420
90896
279510
411051
674146
190039
495252
889940
754460
236189
298132
463261
159981
778594
568968
941804
780342
360971
4262
502911
516661
965626
70774
461312
133072
53089
912454
694373
682130
339909
349958
86128
842544
174973
881450
131545
579626
127268
301452
592898
107352
646012
835120
424295
659888
550507
491969
111522
843419
847733
56931
501266
857566
203607
65487
700176
349628
849959
386889
881714
660793
908628
684602
145677
837340
635793
344463
623307
720934
457751
895423
366277
901342
106727
591708
628200
123672
58309
515738
759222
971441
567712
436556
31686
375414
266845
388937
847345
250263
109628
773109
417325
541843
88935
220205
398650
927444
931357
611842
826714
50340
116949
404369
540647
476395
46830
461419
99347
981428
557857
943660
441225
649114
784556
343223
21975
393499
790691
182584
547040
833626
242247
166301
533701
577458
602
328076
469502
126534
453799
336618
247101
691007
674976
408512
706052
1183
886312
363684
965761
654343
203236
92330
96814
389021
290234
842224
530554
251873
181304
208056
244125
677901
61923
569606
298562
268917
672845
196132
74655
484220
36798
733255
505919
108336
560578
567236
926130
437269
647455
840617
561675
824348
414832
188486
962252
682696
960227
447241
708746
632763
327945
270405
605436
590344
598759
735951
105961
492058
612495
42159
169055
398470
710278
926457
919377
82782
850656
554488
485198
27860
363368
138605
896265
422129
550259
104810
351901
580141
791354
519670
401544
308735
477207
106304
427372
246847
656771
955140
64581
538376
354179
630195
380656
375996
849393
626113
835398
823753
892051
430856
528893
948393
563987
876788
339567
852537
594814
935129
33930
232732
915807
356692
595157
105907
387403
749921
536446
458793
510873
423576
890886
165639
646332
648468
873255
529790
635003
87983
849735
919230
948260
125047
87111
573305
148615
441500
892688
980090
531240
135816
59495
960380
893371
618349
511190
686056
994720
915094
925232
318677
790595
596218
661171
602467
701396
345648
732094
813732
649564
678928
515344
456200
190484
930682
50357
743177
341119
220747
466190
223675
379475
173311
90117
603397
376801
698154
548389
94628
806454
781262
556948
757627
386614
145485
317765
642521
826759
176982
278328
259201
820894
377066
655378
846273
561355
731722
999025
160171
579510
185310
490244
595195
40389
64667
738648
263044
690560
241594
557685
817578
876480
347796
948986
406945
355867
390397
143484
588325
357457
334988
931809
333078
136150
813856
320611
190683
751897
584891
691733
662244
755033
152295
872599
237938
662727
868040
593508
799515
974972
119087
54578
625027
567023
517350
746504
391708
435225
60487
500472
240237
625637
541821
755753
858116
369698
412847
840314
959073
181962
671844
318913
140571
148168
740684
825198
190924
673589
963496
303962
412190
773651
325081
421580
470829
892604
280199
921891
213698
517862
185579
375986
266208
737812
143130
689068
468900
723210
616403
530294
547338
844033
469886
45099
315114
44068
568928
589752
822394
480267
425911
762765
603703
523166
59606
415935
350588
388147
309742
715123
373956
502143
422595
938530
84604
469203
688196
368079
977833
251870
762822
153957
365615
994901
203393
720211
576497
943551
870133
448002
474240
237858
802158
453510
537179
320530
642667
849988
665692
825414
969549
228605
481009
357127
136409
313274
330714
419181
781137
168133
1513
296637
969923
995079
66975
546822
771316
928883
382891
312155
457976
452752
868199
422025
904496
974456
80703
287100
251519
378739
424520
553685
783211
51939
764090
310613
352431
263635
427144
77519
75878
411842
71372
426026
648569
785915
614620
422381
573993
253276
609430
141270
516419
813698
326787
204669
187369
740383
300119
175236
258789
203153
309481
323578
65441
957502
410760
508129
708560
768860
303126
325051
605555
344634
800631
889926
749862
183335
632298
336692
103700
975675
865365
629384
667060
23778
389816
453327
921439
243278
825028
444568
619649
819234
198604
572041
346245
855598
165296
222518
837147
220286
319302
611182
239080
232184
368963
575672
607344
96490
82697
103507
573663
540257
578224
274603
700858
606155
961229
410018
978284
906033
219859
56546
272639
585502
966424
69286
430466
802366
470256
943612
187678
97096
529681
93044
992778
563830
399829
210384
68708
698487
65963
847358
353343
501604
628465
288081
169710
979474
390262
954814
851385
992959
680049
351988
171641
298088
598343
663717
858280
641070
516630
279494
204967
634828
334224
694950
526213
538555
999529
746501
299973
508940
446890
658130
76032
980187
774529
550670
368903
956255
550678
32566
185728
763806
745019
527666
847244
281232
274526
761671
894656
226992
207649
100275
264925
306252
995327
614697
880633
829366
396489
216031
416733
522451
377107
597917
884488
626470
490380
90932
522748
175565
813786
917993
198731
677775
523168
418187
729090
693339
226153
56802
857413
42719
565948
99882
320965
427474
406627
951755
515305
743315
755789
798968
660616
946055
387566
769806
821977
212683
976181
96744
64634
553549
132019
450011
496690
1799
435675
715304
158914
771286
131796
539877
541907
786594
828505
257953
328027
19404
292795
212698
148071
825024
35159
749512
102471
976434
779324
81346
831213
935954
414251
945694
42564
921786
981330
23049
508075
853654
114736
364009
143175
482165
81781
551100
74479
428709
183359
741856
69269
151139
449636
300447
64851
746747
189803
186157
747626
7737
536408
860466
951708
294230
693381
62341
560636
279378
558134
440256
983417
343922
688074
843240
697421
17154
460904
904483
270830
437456
808413
288913
636133
224303
576271
498122
386633
196623
40028
594755
22942
658906
594018
325529
24274
74189
604694
812281
287279
782581
60770
542768
984672
523543
928650
877983
730526
587483
662556
716809
878132
684840
970545
2478
193441
778368
498053
743807
610837
558438
527111
580099
486580
723353
639196
961020
73479
263955
889411
615720
606956
52249
362131
50543
709711
84883
247327
479903
797969
536790
765985
720394
715655
128189
103793
808884
850921
814392
879870
381298
216108
349694
79839
987457
882676
156650
477907
235653
502640
551798
461050
303944
497078
245251
584353
839866
459139
558263
401768
479112
654833
567482
806388
532115
900633
654339
134786
605558
704657
134851
220176
258058
849453
257085
936205
612532
645004
910467
105062
824791
614311
416417
679252
91760
658468
65607
550092
201727
684426
675037
553524
711002
271255
600339
131858
714935
631503
289218
391462
582617
207325
224498
854200
664575
588016
238495
405204
630474
984795
515007
491286
320137
334757
810202
674032
965600
324669
287436
271894
388038
178449
678613
709261
363634
548861
156058
633064
390681
274407
825449
88626
183304
419317
420335
134963
467367
411921
260596
879904
715340
621554
729451
461899
819408
57371
611151
748770
179147
942594
401371
348692
97208
4684
722984
582513
282152
577136
803283
167839
634031
535101
503134
820084
571616
10134
58956
33991
155164
248101
164104
418830
70945
388420
303
264959
424451
843692
502468
321132
865743
972408
51256
696349
665516
29793
956004
624462
229746
706449
976224
941043
616067
430473
321043
595239
10621
17874
204605
27386
4890
970791
104607
206643
775385
520245
320292
886391
660502
901221
581068
175118
550672
362025
763071
393492
361493
23340
294062
765930
348107
502012
751609
855050
620742
35343
951443
669098
126032
939027
900317
549115
986795
598074
213002
871121
6279
83964
930547
666601
195167
441097
131522
468633
223752
589108
933142
66033
374668
925626
304650
299308
187798
117596
534589
555584
460550
67255
959185
820641
888570
163985
753384
146281
814559
79328
550876
229137
431898
998298
449011
660308
327943
198183
693198
830038
481227
769349
420060
326503
505060
270820
943693
220365
528944
795003
576424
330089
966497
120543
627256
502735
891323
28320
575242
318252
721918
735293
253349
217772
35039
888241
69267
259196
184736
279383
498646
214963
356368
943302
691214
20758
86182
925071
397106
443730
17616
334136
666923
819960
118235
160383
113526
583639
20935
407584
250062
366296
396099
976159
730538
804146
192597
254942
264338
880377
320320
966383
963636
439938
714689
893042
495033
333924
147664
353996
947177
413231
852544
993895
899279
822053
947366
827509
381699
978253
929286
922233
20128
588974
446173
31437
619974
621653
366774
78355
296704
171530
736596
84746
535933
589465
722978
571451
180408
698194
481380
119489
733666
146563
124103
115842
545579
244205
732666
196263
972542
646344
462580
770646
472949
501602
376993
120032
108278
694165
41374
809486
739995
530781
42022
703815
887194
634748
813092
504715
334186
265956
332637
639730
943740
381841
596676
414670
485950
531757
563142
618517
388239
71965
919911
207987
437843
235921
468232
614193
447175
18623
315637
215467
825275
497348
511152
191816
429497
816230
287620
192714
634220
615991
689574
243811
602824
439528
150394
72845
819663
430887
213029
556306
972925
451809
944977
920018
199571
279556
464517
403312
660657
88434
773138
806341
920418
414884
913135
784729
686177
752546
210975
662776
864062
341409
903064
93478
954822
667531
183637
726654
320288
554880
796948
547646
278596
257485
818141
589802
874395
390326
716176
345621
145748
393895
886989
653661
576359
165606
452798
300765
795703
776400
220938
672354
495939
928086
243518
668159
146786
448286
804481
489803
752529
551394
43353
298348
472110
951439
603729
264312
543376
66445
70906
9379
455750
38347
477995
812421
868570
882962
267754
837843
840290
340698
937199
911167
697855
378701
902079
539472
318876
815552
456137
255472
140950
197895
811513
714825
621901
338449
959863
809206
763195
503796
363297
610173
412742
129027
112343
613097
502183
513299
302336
626045
641624
163292
288455
968118
224347
42541
619714
463338
638768
301028
274891
932855
634573
75961
752553
924045
72477
700506
532955
401714
410448
653513
236051
322577
440526
534142
547191
280622
795349
480370
765382
124025
33987
60427
441135
892400
247585
244848
345614
62053
229134
399082
528250
171615
658911
613713
674696
54285
173617
333923
398779
604524
488624
687463
664522
702335
445581
955671
479306
526755
767582
736877
59914
759865
930244
932482
142017
716864
98192
517996
832304
405405
745206
536270
202758
604414
490093
440684
378791
754118
993229
549943
871089
543478
449665
566267
168809
98616
619771
15009
597388
106195
796246
2509
587153
968257
426190
837637
258317
59517
386762
33297
705432
987443
482373
144926
719397
89153
893621
419880
946235
662827
501718
955444
158497
887715
745949
501655
441332
591003
930272
886336
258878
700271
180495
224766
275741
138206
926006
54297
458898
248712
158553
944968
72483
473765
709418
456997
277862
365503
195102
184906
480419
896674
376235
931366
429718
255481
468811
983719
284834
579330
10998
481376
951260
372196
753062
825879
473666
229396
87547
228711
650012
705008
973139
436282
463357
930972
62043
888539
391806
421016
94824
297700
9235
467944
652522
165073
459986
659446
853016
176744
262103
710186
250480
711228
600799
688706
521132
746900
13480
327743
936755
194400
842904
982828
215923
694376
845284
108700
784390
356578
844649
979344
401564
577765
782875
419296
353620
23048
539725
552516
128187
127614
346612
498429
736013
501229
490289
156092
722618
386144
202578
627285
526454
195105
589706
114905
592797
379286
10602
166474
920285
615521
366602
664161
715629
35796
489650
340337
603885
785977
867214
117361
820233
877828
887156
256644
525258
62096
545985
156568
101538
580510
960950
951183
26037
572796
133534
59700
900075
198372
450470
913968
104094
221703
480315
477164
754693
555174
459884
424171
746370
553210
480365
998767
871885
132777
209910
365212
104301
390599
563150
19781
414303
135915
8794
829955
583876
342204
679834
74812
425896
984425
49668
245626
334890
16921
599519
297235
298337
35863
882775
259857
317736
772237
32634
814720
791503
738117
167055
825295
886875
428329
961189
866995
715197
479273
6056
340947
479456
124614
483896
519981
151399
930392
998650
549952
219411
51117
221102
597829
383071
886490
331814
681146
846548
140629
681718
227539
355211
727826
101642
122570
288167
948311
589547
578321
594692
402998
379133
388409
348487
726849
894174
42001
713858
594744
107878
685135
518979
666677
575152
296727
578602
400188
340852
783597
690589
112735
531767
163165
536990
603350
641071
326695
255759
824630
83118
545325
471783
9225
929100
817966
656385
543840
555438
943447
817062
480864
200926
443028
107183
163934
404276
994274
553792
37385
898934
76089
898246
833038
921650
700473
81811
64530
185687
160480
723726
677083
932487
569255
31056
518610
299301
600847
507953
467933
329602
382823
830575
172585
682142
728370
935071
970519
501320
495804
516709
98971
168860
967245
168554
931026
788138
193307
150107
757992
556624
302255
447535
417893
608895
686195
620565
956038
99459
298643
251460
792754
398414
641160
616923
455489
858211
789356
764635
924762
969929
690817
453618
127999
355884
346663
830222
355064
75925
276056
624246
626382
850224
232880
397415
969185
613867
24510
288815
742196
521213
23243
296300
42547
462524
527690
741457
980140
327409
133446
988923
833223
109063
750294
167617
865241
531495
3976
582918
576033
737122
733232
815175
193139
943329
439040
20230
409173
470164
107340
678376
968254
990161
934585
957162
888021
513412
937859
452267
802912
562696
3577
758906
616920
677661
590224
364964
742537
14111
135940
508094
991075
472793
279855
478067
249753
476428
375499
849612
482703
619610
116170
44200
58020
978902
878126
803623
727964
89493
248794
181579
871538
504321
579538
577424
645746
691135
866799
774427
44162
573787
577566
722850
140990
746107
532258
844099
390518
404152
221145
612435
678619
993978
951563
512953
910038
661801
576402
541785
690554
239710
840580
624048
572257
604671
394644
411012
290294
589820
313730
360936
730437
333714
813865
206388
742927
562980
556841
133144
890812
327112
706637
851110
24818
315290
19029
780158
864593
395766
66657
415215
124786
17
428168
414688
668635
248083
554806
509736
952992
195200
236211
290253
368564
173741
469029
496522
616026
545783
533478
400766
529141
16555
844087
775912
351346
905310
108631
753172
716470
330282
216740
452211
9273
391191
980876
510131
729781
465483
314773
856543
402276
27964
252053
604918
998718
696490
232235
274122
844674
990149
432022
922783
455375
295503
868005
138089
486282
971072
711690
576539
631883
196721
191631
609364
49777
549102
19762
253682
305926
334234
630521
802424
653031
604274
805512
682671
18193
110576
837990
265963
488629
688965
421914
355425
525604
128444
546663
791685
845940
612102
112847
594438
665077
783876
760528
367355
618832
31891
760278
55599
902341
679846
677280
563213
918065
835831
694254
866994
594044
324695
694867
637858
52651
775138
104431
598295
120683
174965
234240
378347
677196
914716
585521
452866
970958
625466
127400
635546
519451
702868
752078
15165
497542
922025
293323
263180
984860
610171
821004
832752
762108
77580
855750
768902
461410
178383
168397
995764
808172
991293
750399
16773
810288
970197
809836
652051
352605
557955
637957
68383
310826
753670
571489
344738
486896
55142
359988
301732
146814
166583
999557
524046
673322
821267
637205
820987
329511
708715
222489
483226
521351
961315
123820
59743
251982
595680
34515
10269
928177
886970
212225
382213
750846
516375
846727
980668
16049
407097
785465
111781
936371
280309
885893
864292
926616
379827
983734
163675
863250
896200
275529
418375
304425
600919
214291
882933
555304
961676
979851
865062
18199
490564
720694
246367
959801
39247
988142
472522
413714
27773
258334
523337
465902
748572
243281
123280
717486
447055
155267
793721
189679
585201
438258
417704
975881
349937
732718
274032
864667
713153
156366
730940
349239
697010
370056
869192
125853
179757
836291
873741
466781
975719
147355
637913
130010
225849
791039
501701
844732
554588
167150
701152
299479
88226
983206
128214
117090
41853
353686
53137
776478
912311
632908
548140
400017
365330
565989
531965
638535
588729
703306
185653
380140
22954
889818
78995
606347
511518
787404
213957
290876
960651
994024
340325
876282
993042
624115
141256
631179
940614
532892
332977
516555
435841
44932
179474
175806
480916
363845
395503
678233
692759
909719
319839
606924
176888
236191
785534
737725
859863
273427
4708
465060
443259
364513
2973
423426
124802
364571
23119
453744
767707
741197
85743
63678
221292
414455
442834
336957
58871
34681
120752
916951
571903
301078
486217
727210
464107
886894
270762
884126
481945
374540
89410
890462
992969
262236
706002
505963
713684
28621
199124
332313
339916
940822
497631
846023
217755
699651
797591
799070
34914
902072
210945
836511
386468
921139
275997
224417
924182
767090
222831
20204
582556
978959
46943
11303
483025
388472
58300
258587
796498
396549
492413
659419
64502
192495
774003
502634
814600
610717
855795
981647
286580
342688
313142
490768
161302
504754
526172
542692
879128
485332
345198
368892
52504
369159
617709
364917
702126
184885
535835
702508
551126
200567
524773
607412
357839
911152
828378
322945
642209
147
485236
776852
463891
246094
571042
384842
443562
960352
302275
675710
60131
988821
28725
308908
936214
917488
767950
504250
602085
656900
947937
14180
661932
358383
226590
367199
533867
410357
179592
668108
857401
979697
403634
533513
715594
458968
411628
501608
445983
855886
294787
783925
680878
744896
289823
715773
188748
109457
495753
153629
49962
264631
725032
665357
104366
25205
142649
118085
580450
118532
136096
585845
7997
974547
856452
872650
467508
43251
568781
753048
167360
776740
854425
124954
799254
410563
438240
194021
905615
871508
221154
319969
455629
480652
124223
195430
509298
297398
185648
990002
621427
663590
662188
347368
12205
446618
383345
622313
3426
174460
125842
693979
467320
280629
864281
817599
495196
496735
65962
694544
878773
924538
550644
751420
397450
306654
563230
119513
870847
324482
531792
278237
290976
391209
533594
644657
282296
696705
806387
84280
179830
325642
90348
737077
422340
66432
242445
290627
867037
927955
473517
285888
675928
639344
634980
737298
493395
876264
467347
826949
934979
25341
391738
170722
64549
666682
75924
20469
108160
225593
204617
794673
433782
841802
713890
81045
330845
908273
452436
250062
809935
868330
287461
769404
827608
874843
474658
453569
132470
904941
225062
393817
231113
41793
159185
515832
307961
363398
404816
9138
493593
881721
579005
343998
472195
963490
935035
341437
944777
840728
405925
951105
366401
472799
684153
49875
782104
799686
728119
952201
285695
689581
822250
987365
232802
345593
636063
521888
596927
642234
987667
217606
463602
372297
711728
476051
924167
489390
892600
819168
996270
661872
993641
149438
639826
89849
21311
71257
615356
405808
853503
707220
29323
597733
821603
362248
206689
351635
499540
644177
149760
623659
277386
229150
940182
586518
290700
2123
292791
283925
408721
63791
183417
424854
536094
894897
593350
90614
612630
359213
115537
639850
167340
37098
517384
956268
197629
870208
742767
847591
182053
19259
570104
835516
664868
475158
758225
135647
238388
102351
117729
453121
386633
853767
343390
884952
566808
801172
582025
416586
275741
428075
507807
940718
731694
786517
514641
870806
225205
653637
787159
411515
231555
203922
156150
876637
732232
389128
368481
127780
79290
601352
755106
839130
13692
191416
297045
73738
767095
392273
833363
396035
79844
318778
233413
188946
57552
793092
302722
421421
335112
326525
292424
270128
461991
90421
321811
587014
312486
151193
11800
678026
922682
412208
147810
86885
456757
510752
838034
576843
882559
271721
923121
32506
776937
440040
289324
6765
608634
676449
554235
204732
885539
475889
116787
280118
535762
113086
902186
944741
187468
77292
195030
377038
48548
72010
415733
837119
198717
908530
823245
120827
243394
654768
982697
917549
819032
327799
300318
506024
508404
26799
902370
107718
214823
514931
619608
347230
397871
86124
511671
719304
52809
925493
874216
316421
456398
499210
641867
80126
53430
972035
63838
157615
78163
335040
835233
706932
995858
225284
314753
460073
693295
789156
367785
197153
887628
726529
412940
107780
459020
420768
991165
242651
59470
900198
832928
592537
703868
472247
502148
490304
97818
255197
91836
479875
716292
611368
351483
607856
191828
299836
515607
693113
805838
907446
602966
679732
432493
946362
89821
664727
213443
741359
973039
680754
698146
287889
480592
841777
843931
217309
643311
299371
43822
478955
961081
941263
696942
773005
124280
674669
905411
86884
987934
345865
503405
235931
977653
972984
14532
94120
926128
936740
712660
216175
412413
887458
399270
627721
855046
880880
81896
438106
439540
558289
983743
656445
554775
759209
222986
463346
567635
448778
611410
36560
954603
15399
385080
667121
945521
83937
138053
223905
489973
314720
251351
152351
361156
128165
936184
807417
894029
578809
19993
67520
978970
299890
290958
56326
633153
903480
294469
15533
548979
828579
242560
381266
868586
253767
687138
515920
525004
170479
151972
393951
698283
316565
474594
273744
564207
617848
676136
640761
105542
276264
697376
591214
371485
342010
13725
625248
883814
575359
816916
871292
553335
525435
761706
39994
509690
480021
166878
739711
852611
845698
259846
621224
921544
526755
358090
187157
58006
135564
30725
618719
651328
442995
285535
408186
744490
199507
423939
203620
149394
758246
782030
209174
119809
599537
682832
248580
889305
962223
599894
550687
579807
475292
172140
67013
653846
770333
201494
474986
986241
409430
826738
612422
281882
699756
1594
599533
391475
567187
98428
548609
660454
328761
994974
101154
24260
302247
942919
44638
526601
323827
707188
925091
860106
135665
220387
921514
618346
252867
553340
744496
715968
331226
42854
889390
280565
139356
656952
403347
115882
288970
977390
922178
314105
577413
124301
391308
191157
698087
584113
354912
939814
425923
642404
901649
305640
721461
13661
268069
292547
378461
868055
813040
739875
950583
649529
849160
279572
719173
920239
444014
757480
217018
37131
579534
338528
931649
748429
856312
236107
92049
763361
253965
860172
96891
60709
576437
645589
465526
54781
563940
589603
903913
62109
562724
465200
340037
946038
122354
262209
852098
143954
503952
412866
883
836262
925294
217791
338112
110291
337538
479902
49537
801341
247827
142751
627056
355167
577897
958461
423820
404043
968658
133086
993854
195245
784933
881031
781466
994866
150157
506844
357042
743903
422583
488188
376937
235142
940240
685728
278134
775702
499435
418494
215225
981754
178642
405591
561494
998610
104593
259723
873405
477867
645732
779786
767718
363390
408837
543440
139875
571827
654666
913478
117143
574026
570582
721955
557904
121761
118110
405344
587874
317209
165216
174982
206614
172849
61876
794022
362150
395366
64953
82536
583209
633525
627595
196558
246988
15084
94960
193990
804397
71948
581575
551123
750949
572638
190128
441663
962351
343547
484893
60535
756045
968636
327650
729256
43263
279940
305926
793947
736814
791816
943669
149894
917308
866362
221384
825907
880533
190445
420666
833033
67519
901760
112137
539737
693021
828722
356606
505994
588768
782681
192543
126563
343532
276649
787296
40018
660863
835342
24465
896327
601178
774771
826414
69791
846739
438400
849863
89470
697936
427443
627778
198638
89930
650329
24210
289668
408349
805816
453166
107823
221477
165417
238490
922660
261121
712550
368864
114168
243113
971504
898564
177225
175749
565551
578204
757466
558253
451050
141658
311899
931675
25382
676331
975247
849391
375909
835116
957189
223641
435970
791190
704424
107908
536812
168826
800399
121502
365889
136011
525982
583364
685131
762066
752956
224331
547749
520147
313998
418012
760936
488553
654780
491536
310984
447984
440790
332444
795932
699994
91609
509902
189996
333727
507215
78084
24367
696329
115889
302324
615073
641207
851076
463636
100159
691174
386532
922810
862289
910262
254203
967208
89937
43423
116681
160677
801084
170462
51911
828545
763898
229468
398575
363208
23371
465718
927577
807099
682061
561779
207652
438877
685693
269157
603209
316234
74288
994212
62696
214458
750327
586973
336621
873898
271443
120039
130780
760664
84141
899419
251379
300571
987185
271160
272276
68163
363656
447383
464471
599660
654294
575972
310118
257343
848296
586816
847170
802858
537196
592306
806260
476484
629578
255017
680367
493480
232572
812666
595020
937909
339501
460779
635072
269883
989707
825982
862295
161970
405459
595750
148889
60691
630152
694534
904331
815651
99979
104066
226923
889534
481018
642828
915973
750246
540849
141891
309682
648577
360232
187430
45000
872919
948163
890768
158761
440179
590651
43624
460143
444850
739106
855862
717730
300806
663417
745668
758835
987558
488632
615382
839733
574331
794205
888383
150974
215917
17345
670891
898564
48843
935904
682586
746916
928540
295406
823272
447417
94309
101748
836602
354385
999480
589585
44406
786364
508970
511368
548714
682397
857956
850638
949635
403623
415863
890068
570443
465253
950694
48728
982731
100615
151954
505713
882128
978343
227433
901383
352625
173321
411886
635181
452474
859792
925636
790298
841236
331064
662957
809427
54326
177338
222530
314011
629133
993187
785475
909038
596248
563162
975901
326128
759028
279318
452478
414257
795467
82874
866404
464045
847950
173221
425424
394690
449627
116183
317349
334544
837423
194685
105443
243835
596561
761748
535827
872464
294133
7780
91871
34209
177396
592075
754156
609704
637020
398678
774718
972734
531802
631372
444160
269739
390014
779232
3483
774182
310435
749215
702930
625082
433962
822434
235193
626798
676888
201357
13164
505786
860919
137122
486375
437038
318498
725000
249993
485498
711741
214916
9110
387436
812137
39609
741455
285745
481328
945501
229394
661289
930066
549447
508028
922259
895436
700300
976466
763752
409008
772041
286877
793824
819457
855704
452724
660315
862258
439259
514488
251557
31599
173850
52665
758541
671610
466353
516713
72628
767653
137188
808073
697713
112195
754414
176086
619822
915114
341442
781749
385605
929220
443565
16090
281659
962294
933982
248825
426477
45777
444001
580249
297580
328017
331997
841602
900683
131508
124797
148937
82402
522128
687721
638567
77640
773424
123193
11911
714853
899074
544213
926445
19327
201834
742177
819380
177435
856414
425837
20483
90198
35277
143017
20061
706597
406106
198700
240891
684020
113964
627912
950489
233204
63799
603994
457773
160456
18317
510527
869434
671881
737559
707700
656103
686853
158624
976567
883671
257397
822006
966054
665602
418556
47590
528923
442398
616051
204949
640962
606624
599099
989527
308296
125840
847730
236724
777082
193859
868339
228813
147041
809618
897818
876539
464924
412169
534769
106813
937857
624696
176400
894241
865143
978488
777902
465092
733031
766540
887906
989560
15674
350495
269506
683507
462928
187399
330005
690968
432240
347660
306698
716053
317566
910562
427787
320105
291140
699617
654816
942516
474793
584195
56582
220253
307148
162106
243042
346888
653168
926404
46741
893315
44341
935744
400830
744903
435451
674212
281643
606391
225874
199934
795279
32388
250413
781090
837880
165427
418719
422162
748192
229037
324463
942163
936530
83179
870409
129263
855830
380110
366022
106129
944877
975290
903508
677605
765701
224494
872988
134436
504408
983393
555311
432139
867208
279672
858562
322295
629977
253018
722047
639849
241700
303509
424757
255590
471699
847158
839339
216413
520541
386448
332076
182408
419314
415246
2348
316621
568449
362274
127919
474990
725341
59609
233498
907345
32379
437760
325803
580802
185790
406217
444250
435346
619743
566547
47950
369385
370460
7630
610413
51329
314099
536363
144699
76438
80243
403398
838288
350569
203156
896280
229708
206141
370081
709062
740426
872315
404884
334681
873490
817899
510611
228785
355472
273818
52686
904930
862755
109072
232668
644744
868642
346681
81825
677723
552515
97271
852401
167330
122102
902942
222091
949975
761099
549964
669359
452699
107103
631705
559510
249707
447645
394412
828456
848242
506539
612172
850950
280366
412930
629817
982867
37244
782526
882433
993660
752082
407893
50105
190097
507331
886669
19180
603059
898276
643751
246460
411456
136632
452206
116827
505655
735426
299305
854833
246483
995905
478274
301048
159205
362439
85115
44730
501488
706874
254281
307698
212520
999086
462258
504972
467413
724841
879994
309085
757619
180566
676835
222621
494223
462153
374905
475547
326808
344703
153865
241375
312722
58224
922013
69089
209526
579910
481742
388501
642337
276954
417926
636809
424437
208778
355659
257054
387921
172491
376241
943233
290242
171745
601234
580932
22121
305055
841963
488501
19621
467431
293462
637679
760128
150856
152545
771651
591455
41042
285713
819212
28936
37551
16409
392724
231986
408219
663878
668216
996733
587
486873
554246
828788
624895
762115
897217
21195
379797
335841
5382
978307
407005
857752
441831
617052
553563
547575
534682
381366
231016
844789
214649
958846
739807
696041
66159
836146
28752
641687
113881
851261
954293
558600
698178
423438
235972
629262
598316
191017
340195
28036
716148
197022
245467
342420
1735
718026
762568
661291
515124
166233
85844
845402
246294
712153
388928
15841
278836
557251
693410
1087
191515
150619
655161
362644
175262
810828
196582
859080
502558
47725
124805
426504
58292
8628
595146
166547
157597
263640
298906
261651
176719
927469
521920
769564
284666
486291
169601
349405
957907
876833
937772
131700
742785
850007
223025
304652
11615
216493
258225
391732
931204
980593
412666
169217
466090
201262
244027
19416
470434
790896
154854
965247
508399
465717
686792
994082
519086
677861
791826
619335
473348
429608
477474
797662
15127
403668
315792
642627
110041
440059
904080
816794
543517
380636
886596
26188
46688
768598
40870
255236
921914
115089
224321
285225
462719
945728
435985
253132
183416
629205
126619
661965
44883
284408
596786
606476
356925
564340
954044
376159
767155
200355
975453
871317
688711
524288
570370
730849
687871
974018
947258
645726
700914
144859
673706
695422
804788
536880
120131
56196
459062
841019
778528
993027
562313
96170
853654
697279
981223
127329
455597
703027
433212
632065
926770
946477
550538
480100
897316
284040
670169
877249
720783
756959
768162
880372
290006
715576
551459
363906
41290
73115
541220
487201
446911
342018
677799
205823
796358
966509
615022
679010
55367
656132
33100
953104
248427
564527
442296
447673
785508
661971
944426
255155
495009
984406
583483
898765
991953
307199
86337
382115
261897
568435
892772
470395
313031
9570
520538
551446
961235
650070
695153
719265
27676
63748
418130
988298
663814
36100
822704
300535
487608
931504
962532
322009
451063
423524
940825
927521
618326
483941
352007
924711
399116
226512
434497
98961
596874
854501
443206
54247
606187
488961
78194
486867
986588
517065
880457
554100
647156
743661
191482
86199
207511
99386
921544
6238
604742
136073
813599
262257
160400
454009
620765
27165
825077
333990
581752
400620
498935
905620
856465
270943
559676
584222
385589
81018
548228
871552
46854
458066
6382
520032
327350
837599
277591
185162
833983
491781
688518
302165
595200
926602
530644
863502
44998
557071
669874
698426
835144
139558
102902
183659
898703
710474
958931
390922
624421
208059
786886
261938
971041
774037
728836
876833
927048
846327
930651
978209
201137
909574
827710
307715
427722
343428
144937
49280
427907
499014
851593
681445
874460
872476
618408
414990
447069
171362
570708
444634
813378
512891
561880
316985
751549
470628
187463
297800
421202
664390
936974
592605
863359
927779
952165
535086
427399
752535
477682
970165
259690
436667
33176
239241
981738
92322
682940
317352
136518
234156
888230
965118
245699
305731
77507
943080
590942
676585
589128
267826
580630
566867
385795
636998
752749
808306
718700
850320
942281
694033
402115
307679
666426
71295
456072
836477
840977
30315
520307
342898
463204
683844
470129
264347
901492
792897
465847
90303
152502
432494
984738
583039
287
969790
97701
123833
622889
383705
938169
502873
895914
874876
812281
21989
245136
948477
736569
910723
816847
909653
105333
901887
184882
891176
265578
211332
670051
938853
825862
411657
135184
726305
301245
489085
884223
222914
848853
693227
353319
50495
329704
20915
64642
244296
612302
644880
12022
722501
344393
957399
925588
696601
680827
415626
329867
979964
736083
899372
157160
718776
342128
384553
821477
91982
775949
868129
868519
328429
434705
619814
731535
579323
784140
240846
972835
213262
623517
392539
440117
628895
800745
803708
136215
579845
604535
571354
925859
486799
571632
166557
604470
241830
505473
217240
89018
783647
334440
674028
721270
678918
216950
119899
532430
43902
444593
237842
306849
613703
72803
13567
351969
872906
71412
782117
652877
963604
558912
817828
808122
384908
273789
948712
423422
393572
648316
275091
921313
573530
51591
772034
238233
706073
524476
145
215995
865503
23156
299281
853800
66550
675286
464462
303538
136090
274038
114689
904805
465657
280106
183021
796289
100665
966407
21335
141904
847976
838425
934035
997207
619848
504310
399290
290489
454552
956133
251232
175395
48990
591893
851775
828069
733725
921317
713076
271789
645753
522022
992782
969972
46362
613815
290278
856346
752128
133235
98597
555810
898602
81995
213206
15979
467518
471507
140012
155958
741174
439541
173984
25780
748340
404604
104100
178113
182867
371429
437786
269349
383436
721289
239933
903422
836083
60993
546088
790203
977883
759671
622065
77698
641963
854112
793700
666019
417408
124430
244502
725872
549310
780162
642876
511499
98384
171328
63378
156817
984789
789832
384999
203201
814607
976463
559969
16833
995603
541068
751579
748388
382725
143189
288575
521306
244895
493977
121203
429340
537879
348087
725114
862754
718821
950740
73361
445123
783803
983191
773589
420642
592314
994313
386074
79334
284454
958941
388009
648531
179045
534691
642457
672219
274102
832556
832729
248167
621337
421482
550453
868087
41845
31471
703988
191499
941780
849223
201423
345636
488772
188414
207390
596609
484124
339545
392801
89605
542996
172985
262991
145127
76551
346614
543572
156826
540723
719846
265141
439859
59559
53316
126347
503693
989730
337993
531244
577070
956416
932652
165050
385993
880988
309841
562763
959538
89474
823657
503476
765409
990721
858473
506852
15327
392772
545900
993532
425389
593603
24991
165689
710561
617987
131610
541766
150307
514989
864419
352085
613389
96539
324686
426591
173994
199092
539583
53475
477272
530785
991998
189194
531584
136412
274362
907342
560667
971274
125035
640666
223409
282414
615526
744810
425298
208808
122485
58689
596817
617268
952235
417927
763209
338410
256878
390283
909821
368528
867982
346387
280417
793022
748634
590199
75030
651296
376577
600834
569324
695654
923927
203866
776400
718814
225422
584222
965731
365527
568156
822981
518128
832400
338069
923928
439662
600923
100246
670795
392821
576831
254204
523675
164517
429393
230086
677879
944347
758105
932808
700603
449586
9526
630094
98095
599335
262596
802858
292414
670686
19763
780619
49816
526725
340047
761575
996250
632259
302660
77849
149519
287865
730527
397038
572410
827796
181945
845866
446018
407579
604020
586062
770527
82021
77472
525051
793355
843451
346366
204316
219739
18565
104805
734681
168255
899818
774290
219801
826047
925251
164470
162052
269992
283218
688095
366211
964150
455841
36320
304323
525042
842179
452345
571940
373821
41644
24532
257613
67679
265897
941145
153248
913675
697703
428389
393773
109722
230261
600031
366812
452117
546404
676131
467175
108330
124638
670926
425114
397880
741891
877987
810659
495392
427760
722027
501631
849678
512078
874432
48648
428050
645006
272993
182950
566725
674890
632318
75690
253815
269186
633532
868800
311624
164167
433618
684182
592777
447167
1523
700203
579076
242852
634468
402195
929479
957517
963031
561791
519698
271295
5077
923366
861124
618935
196455
772817
993514
521281
214140
45264
745086
217094
255316
756260
672116
455906
639641
738852
103180
826867
794106
26286
501095
738513
611859
395668
32642
88004
548468
527394
468492
773498
318958
614841
758994
147287
463074
514822
722407
916691
445888
844144
593860
767900
172095
945967
438845
816231
915325
346047
500471
928546
718046
551098
343059
489805
349182
665044
948374
887970
596698
165547
754929
128935
595507
312613
351337
148234
503647
628261
967877
832887
933925
70298
73540
422127
838714
285743
321424
622709
863663
414334
765252
773132
391286
267374
679699
353808
187443
76567
634344
185169
802783
903103
983817
564539
978891
889000
396388
604659
195411
793378
875903
212894
762370
372798
271759
808719
962151
814318
775473
618849
865985
323616
899858
892495
660152
269221
999883
907411
908533
1004
522011
190327
257559
121450
355433
697448
388725
642901
125529
870052
241829
735573
156645
279625
114115
633894
693956
545520
213014
33838
943203
141383
172087
591340
695924
688666
953207
989684
297305
981098
846337
664824
587867
588805
540818
891632
218464
159660
413448
517527
956050
868597
46102
260567
368892
280308
121506
393235
402941
444245
916800
686828
780355
556267
917354
631705
182520
738854
642791
937153
148339
408865
789143
648492
710452
80300
272187
668695
870575
238187
591142
135847
710826
695172
788131
896482
889109
895158
572546
727684
354876
277043
249768
894201
85726
163610
361207
760370
329632
867695
296871
374510
332450
717588
160410
908343
151312
840588
725297
325382
480890
90770
73325
21654
788177
466942
566563
742615
42184
668257
931458
379313
341713
410474
526533
583771
791447
901467
230357
942390
787617
30791
487581
970776
237021
282834
47578
539302
388388
396356
523025
190220
817058
145096
27203
397177
265288
7771
532321
923880
545052
244587
945341
169219
367494
496486
849738
377974
888192
94987
334283
214211
931455
848207
254662
97495
631840
67003
152183
902551
967207
486249
781466
94247
629443
522290
152613
843372
732497
679307
63001
211916
226199
438710
816956
860974
674953
577769
600526
658587
610512
265424
368319
979364
956377
908991
523963
383985
488198
278369
847546
793296
997002
422895
182152
299152
935523
582085
508132
763324
570697
960832
929403
831882
538153
412564
491721
340056
768960
165001
234692
6751
473819
36497
703222
365135
248886
121171
637598
927559
221513
714279
83761
470968
380140
901353
90935
762047
768089
545561
288855
646842
742251
931465
270175
702347
630088
466173
979065
644797
529385
852699
764615
424438
629587
200619
277085
456023
990089
319245
462140
326319
882311
720300
135031
402031
367322
374724
538190
10953
826815
705155
4841
782225
181021
799824
506625
461599
990282
826787
303155
675304
103553
295038
142841
355680
275185
398344
403639
291518
216951
337340
573030
640924
435960
103241
647757
177370
536297
701769
214374
879372
471037
187212
65574
352174
219520
693030
605626
152322
133702
516794
230063
42973
472097
776864
486615
78781
336446
386357
712469
142344
746341
560923
415383
215408
347527
894593
369857
84831
574800
77598
77618
960801
993621
798476
874239
452286
233138
949227
83587
242410
887260
823424
914659
287274
142354
872197
280083
926783
137073
557664
611551
456912
501082
613420
969912
368684
377896
921550
688082
415648
761790
230329
119490
193167
434619
769886
582264
507649
292965
152505
311378
308440
221098
329275
366865
123125
825131
89281
759232
151233
29348
540631
513792
601583
876621
640211
397106
667855
886235
934817
694637
966034
494960
915334
104134
230103
395596
367427
976883
205608
326287
250453
563417
509997
140176
574969
324553
998189
702414
229712
695948
577124
409398
783048
963221
462230
784046
465929
345083
729988
238438
428196
44319
441438
741620
531418
684562
715095
365675
212853
653965
417553
477790
680913
974951
877602
803083
22268
184498
922334
87987
392362
361557
14715
133671
270638
565635
981949
944648
675085
284626
357466
307317
816779
917926
720609
96895
317501
269108
593549
346916
34498
515054
445137
737510
333071
464857
336979
734928
831247
460341
598824
781980
257671
423247
212319
783066
849961
297971
530897
129000
379073
273781
665489
163269
222508
280945
323870
279386
204100
480071
696706
748268
382760
115060
977700
236472
60720
100278
297027
412478
762112
821351
467577
49885
809578
949793
928348
763576
72320
529896
972798
713463
649334
393188
910209
765190
496869
362033
877915
654488
273081
143310
1305
373249
33940
532182
438186
672518
709951
604981
482799
944010
637036
537785
482094
98069
732927
828550
931822
6334
863576
996994
889058
351371
350145
481907
16059
489170
515908
116959
145495
42328
556364
183961
706807
129752
120098
355542
659280
751468
680598
13332
471859
47718
956145
662729
283987
365805
233894
372380
823335
605459
234845
573171
938103
205967
637277
339369
819436
637651
676175
920727
639155
627373
414466
379573
449784
79036
256
55338
57137
285268
859540
825432
178991
856982
492420
989567
472656
463349
79809
236337
269351
191604
462207
569629
38750
536146
393856
902473
176910
185183
104327
627330
112502
261944
475787
79852
93934
315722
784841
881381
568452
423542
940568
151004
968929
470220
808982
788967
489768
54506
612517
235321
481211
734015
58254
39164
210858
404541
414677
779306
898409
52179
745304
184901
910297
165334
80885
998946
117962
959450
683178
397252
679406
700988
930132
690903
390084
70513
60155
797419
37592
69685
52629
728375
42415
409666
7092
197648
737263
673612
462501
280844
395790
420742
340325
18573
887582
820561
236743
999983
181140
888293
542622
796450
927903
634587
224301
605513
38209
448897
672796
654333
461160
608503
752358
770204
244363
992073
97037
706290
491591
435373
599259
486781
121410
745107
473498
376528
641129
982020
616226
685638
49444
400702
755088
542565
490202
301343
448136
877566
950269
719423
367851
655450
582599
561886
532869
372541
209420
731803
352888
392919
847042
761914
520244
123687
467598
691980
890909
539441
772267
248759
975376
722848
131632
283265
757113
180927
195107
527089
777873
262699
818430
736592
508920
132912
261922
298853
193637
943005
582937
612093
45952
257321
438497
88266
857278
434386
934496
259691
576679
790658
287514
84346
70921
48217
313147
885276
906948
872269
309821
967611
686379
103313
355036
295125
778623
255507
217590
895147
312879
136840
414735
997141
912685
129395
503979
724967
749950
746663
63713
42313
990619
735025
346975
230319
96390
577162
402451
255929
276571
434709
310105
611594
512256
383141
742331
515558
922675
813950
313587
160828
544010
486051
776784
577147
537462
70147
156097
99330
823061
413201
166215
156430
740591
237565
809747
796581
535846
217442
310084
505535
632761
533751
452138
324825
686076
213438
309580
420442
637059
595923
890737
827207
154083
150773
476133
444828
918651
994274
355636
470066
557082
58139
480085
27366
185653
642194
61861
22001
503698
841748
340283
703933
883277
546968
629538
358409
902253
441244
139938
76883
247927
294485
635401
677635
753468
515835
293552
611226
31734
532711
39531
568493
703136
833584
894002
597576
181579
936659
602831
300259
868382
696050
233507
769132
836673
954027
691745
939722
505038
128848
633657
955829
585091
971970
737500
199107
965795
914850
545686
350897
720721
133110
165554
763415
957821
424800
695789
243837
704725
59448
387964
640014
547746
911956
559975
203070
760742
66388
300307
886229
644041
889088
789700
847529
583523
744822
114864
770161
830659
133348
203570
12603
984224
8513
2242
143094
406955
164993
31854
304353
30283
155063
728136
925267
975895
940823
441840
777517
157122
857539
522621
641900
566122
401142
968799
77797
211445
742868
293362
460444
194841
90823
883504
915246
46783
677290
671710
193519
99209
364176
60683
611648
771681
27718
325190
284418
552748
559287
337642
380339
388363
836258
810040
774011
389750
650908
999902
375027
675770
92759
308418
39397
302377
34785
68097
324751
903826
991477
995134
574183
766268
232120
947164
808874
964382
656951
698499
385020
301232
923339
456238
611661
461638
881783
551392
121344
872996
385373
83424
823967
682233
852431
568539
597278
276687
642742
983241
646722
522616
723979
697605
364251
912738
191052
764170
278228
579025
321771
999694
17050
697591
848135
136772
849539
826851
384357
667464
199860
996273
270101
81433
708118
357788
908255
397245
642206
537428
316067
432003
455582
92194
765335
819524
749191
553536
719999
801980
901188
564161
36941
16557
531578
21342
114195
494891
517418
88986
674507
618111
513192
390836
51908
652940
926565
696858
814758
243221
960970
789295
725864
618817
404073
841101
767198
354872
851988
929764
715065
441502
864647
595339
264110
501162
473906
398303
977393
36103
364798
338750
450965
751267
633180
770199
482590
102840
351876
697204
506564
743022
865772
5280
536787
802817
760798
564296
972770
780935
927471
503233
387997
464999
587699
825384
179837
697921
914116
940443
786238
629139
165215
912624
434626
89453
789199
300417
222689
227850
832474
172724
632574
12049
982851
777389
441935
456542
322049
907733
788434
564501
829099
655585
112109
679099
941242
296403
997842
462402
438894
649267
946068
392259
344700
368295
448010
482952
375334
399383
897745
918547
397506
958577
183708
823403
745823
542351
267644
257575
332788
575900
742554
851282
760892
25952
173573
492094
605671
868856
750157
520849
757242
326006
757741
469483
31397
892596
462485
921119
21207
600495
173066
813587
711500
997800
504343
803066
457281
596639
212406
245690
124760
896063
696051
889559
298220
981372
288669
533539
423544
758078
713686
117343
291168
982352
163330
902349
476768
63887
864779
393415
461765
281576
377944
192755
406334
244966
458129
893475
108298
430655
8158
500303
68525
638223
515687
705405
505516
462503
900120
797887
854752
73868
286594
686390
742650
36525
784299
358466
549233
654066
932626
170799
361587
223052
978031
606812
37924
169609
892603
866763
523666
838549
177154
666679
39594
504674
823250
318250
341718
173333
499945
721081
696697
556695
890956
821081
27607
515668
353720
655671
8028
46836
239043
835438
131022
966134
201599
668401
881516
905807
136853
88879
242980
836677
379096
277291
872622
874298
427002
473053
925993
646724
930265
897917
650068
910581
114559
250118
631761
252340
272341
578800
998925
108282
805309
328954
990590
687284
144244
486522
62206
77794
502601
591901
142076
671475
896543
836452
120456
324488
253875
196653
704104
150253
508956
294764
667170
879186
519105
82394
927015
829461
238170
898700
732778
257074
297222
185402
427018
432698
304330
773641
849773
77700
424199
300877
532774
712155
520072
757878
571331
814170
853601
369204
470570
532589
546532
709062
588952
806517
733772
920657
532623
477053
660163
269889
11709
165225
120513
347045
888791
196337
178280
163062
2939
821159
475229
471236
589253
21585
463563
728103
896398
286236
828326
744060
718687
917498
548803
846263
370679
495688
606896
670555
344690
667637
740465
291452
792088
556501
806248
571731
216429
296960
427677
521880
883849
979393
821326
702183
345070
894550
580309
404191
753945
911561
34942
856859
405386
555666
938475
259248
965641
544989
942392
337198
829587
583063
131585
469388
338834
7061
571100
366630
987826
316793
244292
57478
556698
125970
732606
236628
159169
73120
315955
713371
41334
675812
549581
529196
849824
311368
597000
665444
494974
133534
53703
32971
727236
430615
397087
23320
584560
482063
274337
417275
29076
150511
528703
321303
804069
526162
731610
698387
702530
978545
437246
155090
538170
628285
797483
462089
299559
266436
207860
712562
863939
208766
531064
406521
578721
979048
769511
562315
116604
956741
922089
198527
264173
999955
929441
846972
398202
697008
399325
450032
539133
184105
30710
640160
598249
393637
127778
990204
551156
797501
367516
48836
81373
114307
668949
135678
504003
226547
365099
237795
40775
781658
845688
807399
690759
721871
130682
164115
419783
122720
118163
829382
616292
417280
707053
60454
873281
668559
578119
259706
583444
585764
707920
626342
48722
101051
803733
517959
965664
161383
742272
28613
35763
591668
695537
317638
15505
932434
818307
957458
601787
733150
320990
838436
836365
226632
500837
3895
925064
500458
399547
916600
434217
789363
513986
751388
569490
888253
272102
58977
430652
250746
544081
522769
426166
945133
288565
546951
809283
982861
742122
156692
130041
557230
447515
914951
566229
388486
101810
459812
114227
886958
705447
475020
286358
946174
829377
483388
925567
552215
989779
592975
131297
922726
451322
998759
446271
478121
200882
231481
669030
138951
263513
396161
332876
562920
166460
594104
409291
19738
702086
272541
386919
326499
152497
949089
697290
58339
350460
591710
903330
695403
428802
573043
590135
317497
238222
228269
51938
195975
414875
651861
857325
694822
571572
689479
256096
401109
88433
284675
880492
387473
741602
572296
387708
779095
418749
715642
565177
724466
333168
141022
655266
911049
679475
590047
107043
572043
106416
667418
143597
198894
153343
491082
424312
810986
953724
785778
917970
319293
159974
98234
212734
656881
411417
992843
465741
510055
290407
229442
391050
543517
671878
774712
712089
706645
331483
386129
192864
905648
919856
671690
659286
830697
394237
812914
377025
591138
925573
832326
117678
777870
206609
350278
826597
210402
879834
44014
495383
564910
326817
40784
855857
827075
486479
413524
875453
970253
689085
139880
713981
903018
77000
605359
455957
328988
494122
42286
862908
737205
315182
431476
249727
175272
329160
256221
148966
139476
94528
253965
906320
948769
376056
87727
905329
166932
312192
938535
555911
443267
234433
269259
683410
248487
597514
603222
538025
481839
153231
728269
918424
874347
517234
704866
507551
408347
527912
251751
319271
365063
189810
712739
573060
628437
396865
283240
10993
393019
444283
986949
865261
537102
721114
976764
161517
384616
374342
681786
624019
591018
226423
970648
803147
314002
472394
193297
924806
641147
133109
303593
529968
936766
689556
497936
709961
384008
617689
226353
502163
716864
928408
581087
594252
617059
148648
628400
826650
160469
177279
470828
679600
588956
270920
904348
287573
415497
242041
802263
660913
670169
278224
912194
560974
785082
810813
200692
324766
861661
964457
111177
231261
3559
499354
263514
160478
880026
735924
784182
559736
149451
62911
725275
857170
843601
668568
158248
364314
879260
929650
142513
905152
347698
840327
893705
165842
619137
1774
333753
357230
517734
534025
28100
240994
508081
272958
280626
638285
479683
284781
647592
405025
790727
37386
113751
985347
400248
345408
46168
434950
312549
624651
974349
857060
725638
322733
171494
867975
711315
369711
493929
504055
692514
445546
149085
260031
250149
593168
965269
221565
236907
99280
120272
234218
232950
657480
211944
545158
880115
404941
470250
982015
781452
995893
71395
376159
233810
60391
818359
854888
324784
613720
614497
704834
118362
972523
587140
674029
626913
882970
687062
635111
276527
744188
626974
684951
101608
729279
932120
517963
440970
895557
406529
841536
169992
215565
117096
742696
60094
905756
596182
364153
549687
344324
405681
312224
851356
642682
413919
29153
535322
571447
908003
148996
905395
332888
264320
273837
246956
180921
150745
561929
174720
164236
94031
847944
499626
807762
164518
431782
296698
741323
657149
316401
151866
906692
599282
921917
787498
875900
56207
657112
676012
302748
717412
275448
724743
996104
202073
915430
776161
884632
148156
293261
417889
64080
579082
604596
213888
387431
744685
441408
922769
718706
416035
947164
642864
572018
66807
944420
235505
385235
420911
409534
702299
442619
332533
744033
657753
183393
958417
416343
546466
288853
749804
442742
172023
576616
956054
348570
454304
210439
411671
208787
2006
509087
114593
203584
667214
499297
299970
941957
123381
624973
594898
34180
798275
305949
226693
395310
910785
218999
69174
315170
972591
99122
188758
166414
957362
703833
704023
674407
842871
877507
744585
459960
47761
154933
728817
784987
626363
342416
414402
309344
644805
61175
7611
720790
509224
611188
134569
460112
78105
619155
654833
814937
441287
638725
776247
724151
613780
507930
671865
307356
761847
457949
271999
344361
838800
21447
814159
923303
152429
630692
526465
978154
393537
661782
101433
294270
803794
161539
973978
817826
638071
621067
289430
820159
167628
900504
419441
234853
298040
544054
656497
499252
289905
601191
830274
865852
883325
450752
11754
476670
923843
708141
307089
246622
448907
12560
7441
245876
296823
471623
952350
708049
785799
787254
941547
572912
848280
751587
317927
721743
332774
502749
810904
857335
644875
685690
445108
853933
899903
466409
888305
753915
148415
592541
609041
19000
338641
727402
87922
85053
694831
935160
129528
671835
442192
154860
397547
108148
578772
393041
83922
681311
106245
47429
253475
517171
493589
101723
333946
119917
657313
602520
436837
263918
76863
628773
955193
401014
62614
861161
652538
466506
715716
117032
88451
485031
578061
104367
377021
890819
938309
990258
479392
574371
390983
320185
50328
360443
490366
971161
923658
787465
220255
547294
147694
304411
357661
431891
263258
153699
739508
42216
11195
957103
279474
968119
215981
610187
688824
361822
48005
412563
317225
584943
678041
209944
713089
668635
224335
872377
822632
191780
725906
613280
212319
789252
884684
833234
268908
729624
915312
179446
779819
227196
486619
232422
510113
649965
112818
492932
890540
465954
749034
695509
898335
814747
798826
834127
101051
201894
271333
78054
586873
424878
111302
999552
481069
323439
555107
20808
111179
540703
448474
973035
984214
414403
870188
377414
349663
820525
739974
75201
577750
362763
183823
549835
37587
14133
103200
666419
776972
506561
650560
761320
84206
487588
729797
324672
239807
415036
369790
498284
301833
659668
807377
868449
492996
54079
305208
220723
992233
121355
763736
367530
808538
777249
627482
674495
471453
856326
332558
287322
182852
805208
150054
488068
623196
918234
525273
937509
77703
576812
134762
965503
169597
911925
323099
230425
688098
195091
628990
883966
745493
632369
949100
663209
635425
425485
929998
171504
718835
808261
122167
788966
218443
994933
23081
78966
526246
44052
910512
623237
864466
374960
705364
291944
377210
337543
786236
69783
48436
562015
485376
19854
9566
17676
209105
373372
303314
528062
407805
444598
58198
414300
509284
375402
47833
15214
1777
898305
982301
193105
412136
162965
258486
702728
287906
730442
630590
680385
929250
447604
837612
812323
424775
958433
213887
680868
348257
958117
783675
709957
768173
917807
699659
349527
42896
180566
464414
684554
463132
520769
920288
244779
308664
488606
4107
746856
158690
807746
542407
419540
349685
194621
975708
88891
841945
668901
99881
753715
710816
124974
435212
275277
102733
739785
291153
666777
676510
186377
688274
11874
122261
758502
435954
513366
92532
366352
517621
125795
501013
519101
604791
29825
309667
427649
991249
891901
699569
62068
1788
96911
319026
512034
943620
200161
803578
677785
850372
588886
111519
594246
318858
630444
824302
686847
499254
477813
224977
21402
796503
974911
612942
120171
524833
28218
295859
380946
806630
849987
629444
930441
948476
452794
313314
115655
797740
244384
292380
233690
934309
139785
556990
342633
267532
413451
80539
511917
114730
581676
463315
903727
234163
594333
353219
775029
367919
561020
968880
478062
732624
280847
553995
102310
678445
883547
770818
574199
931099
880460
178314
957886
598445
372442
892243
916942
812106
306053
159127
157308
123733
355047
374647
884709
196202
166375
85119
80668
739360
509413
515900
335523
655695
557401
950844
377081
612012
413257
231864
652020
692463
165298
378273
28404
305666
28779
299366
374386
563767
268302
180389
441030
789731
385553
13136
995989
77381
526390
512042
645274
699916
849288
285165
372180
965094
676483
265968
909157
707757
549384
599254
80007
554361
89713
225667
196758
45557
970792
957462
694049
268092
92710
136585
246079
806418
7050
906911
192138
641110
252627
385262
978423
165307
691290
572845
792532
554042
593531
378723
294818
458230
157006
106620
916748
377315
605783
951852
943916
190192
857072
800582
848819
916133
854889
317918
397736
883552
378035
402515
581999
410978
678290
107404
100740
741812
521118
874014
979904
684841
878004
568468
229958
288486
569996
713640
630537
639932
569966
372142
713621
597852
641329
684469
447327
262616
723001
796473
303884
90385
628462
970376
635148
178578
854829
757648
946149
197912
613282
990324
268357
457226
367516
712772
351230
105540
343336
379462
453180
886721
536068
165029
75015
173808
658107
432482
156169
412903
204133
698754
349518
648153
685103
114994
888847
913910
996377
326489
994220
596432
540792
102986
994553
734279
438632
781555
131519
563900
889398
369416
609031
307698
7408
710285
848466
652071
519520
801350
885593
583693
436453
503694
193897
227010
976506
924469
773744
481121
676481
353507
873667
830394
972713
69080
103606
375862
177638
923613
24543
359937
970661
440415
742676
330162
106696
242128
933109
121483
931303
492075
380622
10414
909299
736758
528439
907609
924365
140016
908377
87981
333741
996010
977144
786513
210310
326083
254486
137719
829516
808546
542083
305928
280941
249344
84200
88909
676761
557825
443488
36378
498254
896893
159343
882231
356636
595528
86798
488289
345572
17442
710909
791177
11466
566348
14099
407732
463516
900073
388726
164853
178532
980969
962257
774287
668963
136948
12489
764653
96692
769642
420636
39571
281847
687654
703522
97197
843334
522741
943508
373151
930222
853229
856617
407323
874097
423030
113497
198743
599350
893973
485470
592028
358064
32534
796389
104722
397755
518122
821074
96751
756223
413226
907388
164937
442498
283239
913499
34177
287673
374080
716873
978569
261301
233807
558333
701581
3949
913879
260624
174944
984078
869458
731201
613990
616822
131560
283657
988265
457386
75851
252041
491788
371735
160525
899416
230130
355201
173892
8087
149478
535964
90239
176797
738657
672597
304681
802090
618474
438033
438198
395766
47806
582076
483248
873585
795269
136085
20861
677328
788450
230871
651000
258705
650111
37160
175738
265905
295879
768298
549474
280052
918645
673995
359896
71408
230845
560891
576946
464448
524339
541358
954236
821208
901489
766668
453321
347577
6816
155150
417267
299228
304094
108381
881417
417885
91453
625959
398331
560025
1140
683046
593893
329326
211539
715261
817876
591973
535296
478032
6207
791331
1391
153305
588851
639763
367304
49340
280061
726814
743200
997124
286233
546753
721831
855249
786964
945784
906324
306926
397115
802971
631590
283198
518928
734503
879602
264364
173136
826188
516864
7014
632365
661061
112062
532349
903568
326000
176304
647308
662520
420024
825161
881900
678337
27009
379533
878951
526867
579298
537641
92890
621745
416494
764288
195741
127654
858824
797106
499902
319070
387562
494233
619518
113
525319
597222
583549
39211
712914
803878
780483
123111
280328
969730
140741
477801
676868
572585
666836
720107
476733
942923
644199
502058
961716
310973
395802
779578
254272
993880
413746
220508
352384
543183
987696
763843
429822
644834
168938
925482
184227
820665
395502
407275
632328
84573
156033
458628
619281
22425
34935
820791
394736
396380
922680
568381
462975
999422
226617
56536
412782
261212
811319
425735
128855
735711
993255
58008
529322
748606
920997
239351
38872
632490
75761
719107
819818
168098
774717
751957
649444
16341
8903
353788
633739
607652
620060
204030
576309
348141
897035
327494
817877
537475
117207
477825
212879
516681
89858
145542
807516
415400
538865
54978
27452
33119
354945
224562
383812
879753
338810
357891
168553
647857
898117
969432
888185
846192
537777
596013
495355
788824
189031
699846
166600
570484
970279
3622
645469
785919
973100
180363
801279
965439
121314
542106
202281
320839
240211
460733
323730
200482
714513
532810
570949
99120
175903
355125
18793
158479
905581
860440
779375
93069
774216
392768
213459
151141
172584
742848
34078
374156
612001
208474
702532
391646
578310
454039
902461
299050
635410
833966
337546
88567
852823
236283
499857
680454
499122
54516
917407
338758
760698
370954
57174
119228
726097
766365
880096
399598
316643
256797
222800
36991
888096
113063
809392
853728
613366
677946
674778
914454
249387
502333
317719
532146
967306
674809
766369
116851
738888
263298
581915
975179
3556
964106
504861
514468
688769
307334
598103
444483
94993
4314
859873
691409
180412
854207
314999
618148
388001
533720
317014
159596
476503
785988
97010
964965
762532
763726
710907
469817
155110
488110
986316
606629
553496
883447
985876
515400
850752
333342
714029
656575
345814
378917
387558
172736
761681
503545
577424
644145
577831
503109
217105
529314
112230
529366
150014
715948
844644
439115
933278
414380
209953
708533
437912
725882
671726
917522
350893
764804
940004
316007
915059
685661
873131
80594
497209
811100
429207
889011
266619
948842
843938
733512
122500
443507
568904
884849
869786
27328
195265
820331
699607
877183
762185
441395
65714
491832
443244
66768
631020
975602
402473
435078
841642
919975
431286
66506
582791
924016
488373
101313
79997
232237
687416
538197
840434
421226
817814
894845
142839
895277
663449
510995
350219
788396
430926
262983
621604
508272
645612
616935
66234
348956
747393
557250
823036
486767
585822
818248
124937
63528
886843
422763
494561
224938
660610
927952
223013
500159
188063
667716
771408
263865
327715
524285
912836
902635
310296
969716
796020
749014
144021
17583
746582
782134
787010
782909
450404
108006
465821
642434
709119
960515
536520
192105
252638
718230
310993
549519
175197
909722
844400
361141
574814
733288
874111
776317
77412
331264
181718
741602
248192
727034
526885
469499
747311
842695
413348
173181
539040
196302
733345
810765
244373
710036
973141
457628
463697
245350
729816
539158
592393
179819
541477
758887
996254
260322
438832
249924
327213
768355
562830
616865
32489
734341
457043
954051
970235
436846
443338
889545
804479
805265
571543
581770
615104
741479
852752
231611
757547
706711
250056
748503
122327
64974
98031
371736
679520
209758
192017
21821
959763
622660
725797
448704
424615
657645
277809
4399
411917
475070
506860
636094
654057
947824
923280
109944
902761
78812
68561
594166
654676
874296
350678
164338
251942
204063
797542
162032
132722
607985
628082
204670
249374
634746
68684
945605
236649
919860
969113
136428
977748
148910
417513
985092
507853
91328
510027
365431
990195
306538
312240
153471
312754
195786
574772
205912
177641
229245
70027
117166
40844
463788
975579
129276
115941
427532
673812
952754
180065
598234
354302
979916
567094
786428
520161
221232
380996
990564
914332
51407
844744
289341
333546
893353
335406
449407
408407
68824
383483
163104
393132
213674
969043
76985
426501
822065
922040
269435
698295
610949
616599
881405
621432
573116
592002
102969
938667
871993
373803
597564
874196
610259
973821
69923
520152
893928
987979
595555
485528
811530
82922
584155
633920
86789
848350
866131
691711
647686
879109
65868
26224
140324
668708
566926
522875
729974
472112
390390
882995
519520
630003
955321
393504
926814
268625
284072
159803
514021
474026
595206
911039
953968
325608
12547
775982
240513
236251
674757
133646
139840
106975
811391
317278
414889
330814
614300
930947
493108
189312
750735
461009
343549
542323
98931
403084
253665
777099
542737
635636
632830
791006
17088
299967
53630
310202
108548
36267
628089
964628
308957
116696
340483
591918
420493
72898
836185
987171
650523
262459
748738
829236
992229
805224
51995
727947
890462
762971
940695
858213
224955
857769
598055
459915
953069
681785
497921
766995
638233
719441
784214
857708
763984
785090
561949
310557
163733
987729
237368
530646
828697
889747
288652
224517
223293
170191
613941
627817
777505
993057
553572
453932
831836
223746
432997
426133
395156
22220
717831
347266
474637
783492
351531
12479
855923
106177
481419
833693
509471
957306
196719
546104
450261
526659
629917
308438
970119
338025
576049
683735
575606
135513
67401
818272
555028
850281
595385
985769
555926
915193
753209
735957
226776
357443
824207
879315
336302
381687
499084
262932
248569
865943
49838
641825
189386
533710
730246
478099
759863
4745
659697
675110
596026
997133
25774
757842
362646
369070
353657
721343
268145
287394
159100
386966
65809
390439
319744
892789
975102
516711
200042
515565
668683
302220
851162
934174
885549
695642
87992
289167
310348
21504
750236
446402
291398
880747
299371
244601
655972
953765
37359
297124
257365
349941
29003
916708
902418
634520
555258
81014
207647
340648
958743
476981
725117
466121
550433
459559
914515
700650
459393
945017
979374
708016
69805
133432
441124
882942
738837
288921
548015
233955
538944
522851
585960
157770
992410
844372
111609
725756
431327
777270
119248
659166
892002
196357
343382
207245
365557
19528
624214
517391
970347
399887
192351
867342
532181
136550
317308
