10000 4944
963054
931223
148255
5112
60466
604159
952957
380509
957002
98056
688842
483584
244189
500228
943844
234123
837175
277161
727191
152127
106671
876402
649316
827579
827417
207606
941499
364063
566720
794770
389947
444933
952527
772790
664725
586017
844045
751878
862916
943630
406593
395674
736607
543432
706238
279621
591257
552922
37609
592524
305465
802448
12291
444836
997215
387149
143599
814512
147537
303324
543203
493964
375842
686995
800926
288388
379737
516234
718233
465638
889236
229447
695876
313699
979275
676178
137845
499982
283060
273967
626460
339994
177865
44976
108870
867595
412648
200152
341211
703300
201742
483203
62398
989186
135262
775831
658201
421123
176237
83979
350537
963376
692795
977090
204594
209649
395511
107353
840571
244794
550849
687617
332470
278596
687441
799431
927822
782620
392333
522224
576776
666450
811703
413089
405802
412871
315559
640951
996598
741050
722913
374964
648031
245405
777739
387806
944474
981549
596141
717286
203779
828750
692926
195961
456752
967791
721467
881989
745521
118249
702195
554076
328204
721353
492385
296774
877632
39197
666805
578731
580161
91415
748033
359040
198944
607662
349073
802641
89864
892884
480500
689470
3377
761642
822422
406148
245541
14748
545986
421979
260143
529920
621361
904624
490107
138598
728660
540837
743786
220911
63053
8998
963633
185341
211328
110844
374505
545905
580624
4751
207312
314832
199321
705263
862224
307729
638081
15238
765322
107375
320756
817574
674919
560597
350240
83722
826827
211148
369746
830657
730744
594894
57844
172693
485900
706325
506130
486530
339684
697537
306458
105965
983115
862566
946146
359877
654680
191268
407494
282587
233256
883989
909002
493834
576565
107279
772786
642920
464374
593819
326290
236569
209343
126595
438153
403072
395163
322956
676861
497217
446959
518379
310085
963375
8642
491749
717540
942680
442402
728146
185420
352739
104517
764640
65027
898785
923614
448072
950191
271690
556086
461790
315792
414851
617896
545503
135105
706464
137012
37181
43246
364527
516548
149351
457934
991476
247112
696579
654905
50112
268463
881849
641122
344421
822928
948476
889639
835394
313179
928088
625157
279822
212471
937635
50374
847651
379575
616775
748742
783566
755938
177753
346437
797864
615531
820644
399600
304562
824495
532158
314406
695864
309501
927769
341360
121292
718247
136064
163263
876493
440489
730193
530816
756322
394240
945793
177242
634717
509750
421440
142402
719430
310990
155262
555264
143657
530628
17130
551489
292238
163249
759960
102388
337662
698827
390241
109859
818983
403089
641598
438106
973822
189203
524082
32742
544185
314734
145942
246449
523508
30999
546628
921709
196513
857625
54640
719390
513038
252810
464085
295400
706054
246537
984113
947091
384284
896435
878790
971975
573712
605032
383562
374766
373693
79918
194875
598202
897067
359993
232349
728242
889970
100566
958533
925272
99192
914185
489197
532149
594920
751688
653339
76365
197925
847509
147677
495998
115061
672467
68215
906537
421403
431327
314457
822245
190960
110823
25861
304363
463759
556512
660217
467584
101396
732962
651029
431147
131337
645526
659807
49573
689605
714101
28916
300797
110336
852779
131743
785939
414958
471453
429178
612922
179675
366580
779416
817718
605008
340387
846722
63822
777651
390387
859122
757707
414523
614731
492731
870699
103582
849730
579682
397462
46625
468137
355996
436226
237866
726022
259037
676286
666152
361102
776717
663985
1487
499501
33673
208665
3636
944597
562960
127253
136057
911456
585470
420270
213751
871012
672124
901970
268006
112442
615100
932836
209248
414251
598543
641994
108614
657843
394660
712167
988679
723835
337856
232443
979811
988106
896273
92979
63938
699402
896749
164810
514553
886732
843102
396083
779253
425631
70584
173498
418133
309091
278686
257900
970095
58710
353266
215358
636370
988891
480115
107613
584195
257869
859625
406966
377845
911501
100551
482864
359373
634533
69811
776999
872798
90720
869630
895011
165445
808219
883993
416581
698095
533516
787737
895711
688809
247277
16538
316723
505711
19895
544199
682701
460692
973723
361243
13239
726077
854558
256868
303846
228308
611801
110620
117144
838391
132226
469817
628087
515640
1378
914257
731887
132345
436207
311132
166269
443767
439856
918170
721515
149971
709479
596795
303425
606151
803638
530949
207522
704546
259143
462855
247000
593278
803198
475529
19712
899603
994009
364025
263225
172282
936034
463836
53777
589899
252518
720535
247070
859989
676168
405565
974901
729963
37660
950972
14307
372855
81233
499320
273005
886932
552520
620101
745685
742501
917301
734317
883174
686451
480256
538340
894839
202050
223547
190938
3208
706722
996568
528125
697459
446149
102011
806336
834363
477813
908893
143125
208848
807403
828436
826244
188613
9001
552064
229154
578654
841353
308934
122922
207534
277615
799452
152101
47468
124839
8005
43357
72385
232867
788742
667968
416601
616851
414409
488946
796593
889681
601788
62864
369232
878019
880366
706079
748359
524102
994804
429676
224331
577144
316176
341828
213893
191554
647627
642058
877945
279565
626456
144852
63222
56380
561243
851766
911570
524599
857838
112515
18580
277460
252588
161568
290477
713578
325516
772281
330577
545510
587415
831063
647244
741274
398650
619931
551396
780880
491225
733114
135935
783501
87020
347127
272837
658098
404727
727690
499558
378073
467086
600708
703911
476594
801205
970275
509474
486510
761801
858220
337522
833474
648203
67516
268780
617125
8493
940332
949089
784244
739900
586011
191849
71368
524233
784729
5901
400349
716977
733481
319131
298590
583444
126985
46289
582402
418601
599857
219664
323846
945102
617729
205634
44753
557357
976273
902340
726829
79074
660883
54406
238597
672941
813483
983554
640351
617325
377695
826465
644268
228913
205210
604004
629642
775260
496918
117044
295137
396068
246099
799562
958258
293114
682078
727884
873416
16664
996648
208199
781998
65111
574604
130185
874443
945714
447409
994260
667754
837886
105570
294186
374007
668154
498080
34312
504583
686123
923146
505689
16652
193719
339456
466987
421978
512508
499310
241164
722855
957127
53671
391465
486624
632183
714602
490895
501151
96032
414944
7761
271594
460337
295240
182642
620854
144618
634442
350638
745884
521050
601709
111665
698440
842793
983928
496355
125435
446349
97292
205059
341016
185634
520671
93987
980750
143333
967755
441628
727540
629246
694225
555967
958390
180375
100214
957996
553075
89974
1329
219012
60771
585176
605761
93870
506488
563044
464303
240465
822823
253132
382879
483083
748845
274666
678754
310085
134034
122088
107693
564056
918012
601262
596322
538780
137462
877425
629523
609568
870713
191889
40682
697537
695987
6468
619341
725434
159442
427012
108391
337477
504091
107473
722437
967869
566747
655107
284467
424593
974938
24991
98493
671150
887335
192690
676874
977995
367362
148393
369666
339521
705755
347004
391870
814867
31309
233295
114450
525833
289
98128
783560
595708
751140
534557
220856
404162
679737
807326
314986
308257
351005
406954
165147
872569
717666
671722
815125
17473
418829
640839
162376
61998
856090
109370
82229
310209
40676
727644
132288
362830
225105
841255
79130
564155
832984
183078
181603
40020
639553
131235
867037
580148
884396
655124
865214
502668
278891
243721
154748
637061
136288
124340
581141
582951
296892
40023
930766
189471
636743
857392
4590
974842
436618
239263
348392
975517
536613
332419
879257
398052
86107
24109
609498
178921
729789
100175
932009
985884
830386
2242
198629
5380
332885
128848
524958
822391
224177
963846
483579
848457
678141
991399
123264
56196
336292
867688
397805
54799
32861
217070
356731
355516
985893
953578
312948
23395
810850
642778
568100
382583
290947
955370
907225
941021
127876
778941
998398
474356
850717
81783
700851
310316
203941
751678
550241
848848
215400
239351
995713
773967
625365
513051
687193
28090
643127
784320
516690
681946
193711
523706
847933
279068
548936
760539
695150
213725
715313
15296
30331
988511
451794
591865
162992
348811
640413
763778
797827
892268
43388
398594
998627
642568
450950
798566
59043
569552
775889
475710
339093
401906
455535
247621
893935
931936
246797
505859
319212
347624
363071
640687
41147
419710
463782
178177
413619
77368
103562
893743
45765
859351
974950
814265
751402
668599
908184
955846
134337
614791
815105
512882
253114
706118
227074
890085
63039
290299
391014
286307
536694
25070
333487
404455
25468
22264
884994
494161
195142
422890
614257
588138
137719
160266
87759
567526
259985
825761
806746
490409
48182
218972
105605
349135
822609
707051
828457
14056
135053
385757
302701
1345
600207
565041
839981
733079
634831
343024
978059
487327
192634
584600
546910
117081
935338
162118
422793
269675
61195
766666
210477
295686
815841
4890
800523
125777
60151
620241
423565
370218
204457
859330
390310
733372
817766
439321
730601
967447
701957
535550
355265
49967
214642
301735
216097
878495
453745
761933
914681
482458
307474
453040
916778
816279
987295
639679
938283
433233
796513
181786
579510
691968
704008
192669
202385
518272
734256
260843
370377
426389
948949
323208
340985
397975
530347
379992
891106
209779
162276
746893
624343
683579
901014
839772
354892
103571
686777
134534
121867
809830
658788
391288
378636
761647
677762
16527
489880
689192
14087
525020
331574
508948
943142
609437
720271
539173
687768
147553
507883
827938
459327
643225
435975
893924
793150
744253
625875
246300
443455
259095
67537
925153
208977
618461
964838
268595
85339
930562
389374
505793
842487
307523
340117
138897
474643
210436
457342
622454
932027
404611
571992
843358
616
324401
970953
505030
667332
685362
580018
507982
692636
110307
420330
104576
775898
701356
882421
251700
300201
750549
324870
449005
885111
63926
976849
936848
481872
312074
78178
209659
166952
614157
628175
555037
389866
252090
612545
919701
611880
717918
33241
327830
675036
512119
195936
870010
286992
836995
208833
68741
764074
942475
199373
154686
220011
668993
700638
118202
670670
811064
590577
241205
628903
754161
310195
699040
917972
616852
270254
24322
444510
739252
434224
32855
582541
898595
950171
468408
481085
272622
231118
259992
532901
619041
636368
693686
252649
203177
318160
803160
439379
637919
147764
433139
966797
959559
284778
806902
223105
150950
276993
580009
257032
145739
926285
164486
111828
279135
229458
375737
197866
413037
56449
345102
212122
495100
620943
548963
582682
540598
827233
945539
464671
16928
118757
828593
609209
758140
274409
795598
230482
967002
294888
952469
933731
914558
223924
669825
161110
293666
546194
817335
310732
3195
396929
18179
809027
263734
911705
185743
109852
941903
582081
440209
639574
350845
871965
829340
303326
517092
399974
546067
385012
484557
302154
263681
672283
922877
566404
864194
722092
733030
747196
117293
34552
480955
460636
362886
773928
390330
252754
868142
994538
346906
832026
983719
734871
12627
896444
160041
666671
605800
656282
865408
58829
115384
455891
937514
546533
263986
643221
116996
249924
167660
140452
639831
30404
909116
726674
981610
562350
982856
607276
185724
262029
214432
357012
591925
83523
385214
124617
127296
532093
395837
944667
55819
758655
420055
334220
192564
28835
577740
52406
395337
193219
628513
239008
434406
517596
272607
372272
70643
901021
489995
11743
131917
629890
273666
318936
593331
674966
268984
838252
214241
216198
895851
557503
830746
818674
551063
5527
721832
796585
530978
717986
468041
420318
712635
323795
490290
856178
382104
240074
330932
40952
856112
64210
475697
475828
742726
323600
401758
168635
898505
690220
549733
39989
539832
62216
756957
856520
719695
617411
480065
722452
550732
674130
698589
607273
518270
107965
542809
656385
470876
740087
178202
853888
607321
747639
487408
586678
621468
462971
691616
505371
151364
828416
690598
41894
391506
795392
436147
18158
203252
83467
633914
881258
848417
217257
733574
216495
144352
431979
856540
339488
468223
665237
399585
790385
167742
10162
598550
767672
681754
88103
861656
217398
87680
943158
888902
434060
776864
861187
620124
669946
16212
148183
628666
469041
439411
232176
419872
813503
486582
392444
216780
971252
778203
550361
736652
559202
822624
140182
324837
999283
159816
861188
711031
638208
574247
883115
293623
364545
468235
699818
992100
547473
930700
779894
547300
727765
170358
515259
57322
360167
387819
506707
598396
368781
508887
194829
566920
576852
937718
397347
891654
442457
484353
618520
146599
5363
815661
53911
753285
610130
507622
26774
299526
369268
721800
177550
439604
632258
595048
500560
53535
154126
820602
113112
771767
108516
306894
521379
960892
193395
654827
679993
856611
53271
919545
485132
155144
332009
759568
670892
521780
997502
641749
619494
918113
596938
938247
895928
238726
901134
632594
245881
694496
395339
259566
313186
707948
441495
795314
667316
350795
204830
412338
809086
435245
624629
920537
572355
632260
600126
771099
451830
71632
137554
252173
155140
29932
986823
505755
283236
982055
34345
2844
778907
798275
484476
935091
567906
614015
748449
242364
722298
637463
603402
140303
896214
810362
617513
751536
689501
724432
154379
315535
378697
177042
615510
922004
226172
354813
582168
668361
63170
238655
964164
948613
899702
804865
927796
752095
12160
243668
219291
518823
426949
463634
361093
989368
178861
107524
950216
579203
849680
857486
648942
765064
103695
984670
292793
101013
704976
65523
590913
373889
380261
458124
565272
317119
867072
858756
172572
301311
301656
849248
600677
661321
322613
733771
636158
942158
625516
765232
481900
519537
980351
831227
936307
780646
390189
25968
144149
136162
237213
963325
119742
511204
358220
664654
856288
655634
666918
729793
336306
818427
902962
534474
37289
761791
679421
919539
230421
691019
107696
655586
45097
775220
732861
212859
415837
552616
51739
736335
184277
384894
410509
667380
176499
717887
933432
331418
662066
27180
962205
434945
343567
878072
560136
579462
542699
295664
725607
79980
431827
215389
59091
298798
419769
384766
369660
246823
927006
426816
519341
830236
321197
533071
330867
832172
199252
955684
108727
812692
230736
359623
489544
897171
800222
432704
176923
956375
788751
572780
592113
319600
710945
719389
945163
443018
762117
165458
174495
78475
19380
324888
317206
596343
610275
707820
743044
240511
771259
267500
313450
367358
519505
593255
361898
680545
211252
212176
85534
220659
897319
845525
959764
849886
596900
473874
198010
786019
560705
858146
628503
449818
275633
712433
236318
851946
917992
976541
299593
564825
850056
610551
215829
229335
647264
990749
335420
86237
693312
9808
511416
814985
912289
424669
756545
666331
875368
209197
780799
374352
72759
755747
74327
967423
801610
46373
56533
982372
722446
774623
227175
445193
762236
166808
78332
142367
442967
916667
216584
228286
61140
491095
268146
483759
290026
388035
675616
140816
447346
889645
363168
226082
354354
358662
787599
951758
128323
4638
961461
71711
33623
577015
53327
260201
417649
912663
255916
235107
61813
363125
805897
577239
947877
874326
537273
22064
352893
712557
267384
512153
363973
639279
601837
811908
474847
788652
699853
50081
749002
230018
40147
281548
101800
216611
92566
917154
747721
156363
217528
902679
597357
576146
856228
913719
947279
689818
45888
71596
513370
439555
605263
201037
982936
674888
893290
644879
374624
122276
428018
214955
991956
409271
524619
958944
860789
455737
650900
965349
948292
101758
672939
823577
182531
517720
276303
955480
675109
550579
39301
146912
557407
10754
77055
591723
142326
789257
387970
559482
150423
519019
346736
938992
96633
79771
338364
429134
267933
634279
505124
459481
745051
387986
372330
602124
438264
889329
943875
261737
931532
923912
379674
960591
622699
855154
130760
364090
89415
381692
992023
287593
659640
617090
84114
531719
784878
94478
461931
37363
822284
307621
150962
641264
530597
450788
404154
372232
978332
234442
417602
709535
100667
868356
496583
996930
35663
36610
467471
163994
401018
385419
791467
759680
796400
284240
640314
963001
862888
958033
37996
291499
280043
655402
26306
801090
327856
297244
343240
180149
506898
735677
549301
616057
656400
564025
949578
285882
415923
982749
346244
275489
477226
671646
575898
902242
789247
75552
375278
802983
387335
138468
4028
499854
522269
351637
257027
425677
63709
330588
453435
340891
187942
26940
975777
421141
305742
400770
310448
363043
868705
739257
28523
958002
958486
882298
166700
912603
388997
869961
949219
411056
497912
769218
208408
233567
206899
48310
539317
970292
427577
805879
336713
257386
114798
181091
671364
710620
511989
532096
794026
285720
418589
910353
790706
606375
385250
960155
987573
830545
86049
167843
783534
913686
254595
931384
727483
385509
343576
963418
216523
310364
747376
104032
357789
326195
545549
105462
546680
159730
670699
390003
199291
673369
930962
737453
266964
329370
621970
311345
377073
997496
710222
11272
822348
273020
703950
502487
265908
636296
285910
285907
676064
506717
18994
535765
948469
241611
283708
614546
44126
111694
805102
354649
415994
830913
691522
58993
78262
663726
433312
687969
713749
323727
138178
443111
784093
229967
355800
559152
814530
31837
796256
762349
335703
798283
41370
595655
14574
433147
23093
238282
520385
215049
455047
318069
514797
38037
679097
144357
145578
770776
813603
570068
596565
890262
475183
188757
201348
371902
188432
284203
50748
481486
269547
304705
515246
669164
99588
130297
334819
370706
131251
132988
808359
959325
753550
308802
394771
325123
42786
473638
490377
268377
328157
506127
946932
331566
209778
346927
484851
258871
892210
588681
14684
776510
449612
991717
793262
723874
508233
481259
96166
332783
982294
266888
627062
431505
713783
730435
162078
694378
696044
189486
783612
286906
514473
883385
985852
503563
563919
879114
735115
852090
953493
763752
843024
176405
165097
701022
693419
818731
38301
640814
138417
599712
888487
429382
669519
578267
509498
558583
739799
887425
627318
331426
896233
315574
488628
510959
826942
481653
564185
195425
825598
745416
867224
892254
146877
788780
517510
817855
536954
201343
907348
977820
280640
808153
999449
41394
575383
674069
59035
877993
600567
995701
963170
71356
416416
495161
84659
235910
248834
364250
698199
460822
46417
514066
636244
179573
493553
240254
553965
768073
856510
26479
832820
226115
562087
170524
887453
355992
355341
853524
837087
425890
929048
800205
291224
437976
131878
849543
596023
602934
856933
824729
489112
182387
90882
545393
58866
844761
778374
333121
660291
903335
678116
785633
753109
442425
154940
819685
760013
932855
955145
976833
670843
186853
587813
352406
147145
114739
846369
7980
211037
660692
335943
744632
583299
624751
114881
84707
548477
909383
789886
335260
239560
538717
205960
874366
663322
645620
410417
887730
103687
868750
760195
14754
298083
905704
386601
935453
173640
8441
627636
833055
968085
189796
711854
240755
868269
514540
392980
602515
89416
312604
499495
682257
958845
947109
875944
108393
483879
111777
717204
645916
186614
424460
104877
255467
113540
624247
127642
716455
717652
353011
802582
581599
21884
402393
675241
982449
467494
890203
982463
327982
739199
635386
302049
843060
612090
766069
170961
144797
142986
221136
229850
89284
461986
533692
992214
800057
80573
803839
261824
839636
209112
834078
972436
129162
815255
570961
273019
286789
14211
771827
607117
934517
34938
819301
165283
566475
935319
291975
555049
133452
263213
319996
14262
709961
815186
754240
560553
580739
404165
896444
200190
886652
808127
650243
456202
969030
831531
858999
408976
313537
236062
468234
209666
600424
269309
754911
851888
594340
745960
248292
23616
66535
40355
106730
780202
166666
684088
654811
536174
210569
212169
363397
726854
459191
996714
692298
658713
936267
977887
538808
977853
288276
422503
630659
254477
180168
815751
850656
747341
72973
210462
739616
130665
956139
777702
726884
935473
752018
625393
524424
571003
404058
715169
508579
477991
989444
587527
496546
99478
278138
134250
923702
37630
104009
500685
208055
870702
26922
993607
199587
177733
256833
200810
16333
787674
650482
307414
531127
452824
444532
929541
680675
186047
493025
111943
306601
526386
387922
728016
632205
633783
318328
67165
773813
230064
407041
474212
830781
598351
544659
774540
35815
25018
154400
384422
726085
484036
607350
80802
953624
524502
89387
24846
287624
254241
787758
951984
224021
234908
157718
210629
650666
205043
351585
692317
710922
133555
875668
944579
324864
135269
744938
145498
497150
204207
678286
272387
644150
422420
620963
231883
369010
544065
414270
186225
300829
557754
909014
400304
284574
14670
855057
251614
715595
522725
624914
468241
295644
286676
283419
216280
213701
694216
1614
330579
795463
983178
887776
280676
340441
78261
920164
579748
741865
584328
549564
134303
450578
253921
653858
578106
27814
772275
808297
865588
246509
694736
837776
940268
873726
215620
760847
149644
961376
227333
347295
952985
686990
96912
619119
729138
114443
879497
752659
977395
304351
362910
887102
651822
163108
893413
289804
155523
141972
133428
64890
983274
634162
583958
544940
878780
33345
804756
580107
226914
775617
720451
966152
894926
957173
245586
933643
231926
385437
279369
443291
104054
731645
620541
619794
834193
190736
762698
454569
163202
463056
154108
508155
181137
54868
798216
907933
237570
578401
383866
649108
870547
770277
794565
339869
852896
307406
282959
982645
111624
328676
53351
690174
271680
708978
393731
427051
694008
658254
998177
951247
697958
7583
805221
881111
669046
101059
362842
168755
324984
600804
55082
457877
129127
637825
88624
586766
441928
380531
907378
664540
432516
71977
424781
33371
763626
843568
747286
138523
725731
901584
267654
376046
552426
390751
208588
609164
494748
430265
368971
391801
254343
610431
83806
397244
586807
582792
761750
111676
17837
816072
818204
248149
650480
362593
317022
778146
392953
361733
781806
30146
983755
291546
824353
300632
257449
566353
391666
273467
930450
600755
955082
335136
791619
724226
44963
296397
177457
866156
853255
378050
443363
564251
832150
265107
757865
112641
999917
564086
208619
888298
46939
283157
735032
759161
268134
744467
659080
890954
321356
782627
254890
802479
618150
900034
313342
740569
936863
96557
523605
386175
405761
596212
676893
725898
366482
432801
453638
374102
516912
217575
346179
260173
165856
882265
266456
327478
707110
655958
25632
987860
721537
892271
924428
518226
616572
669784
944998
780822
553889
951232
619577
231109
635247
778880
120759
193072
166426
24818
701953
148487
173690
668926
980648
609619
853723
863440
955698
645958
887865
256108
166992
727311
217882
700545
938945
62684
388777
417662
199456
520357
276656
344521
500715
802047
509143
481751
976091
880712
89488
113744
473662
887349
360179
211056
348239
963667
160005
302906
756715
827207
188597
549742
398133
127934
899244
356564
413928
528253
403491
748441
367640
687606
993474
37233
931062
608138
44761
48679
209874
747836
256724
485442
556727
788958
38408
715326
179630
241862
801040
488025
570881
216858
744761
283324
509468
878048
310331
596408
738190
579890
811165
126043
865378
658063
444976
340531
721929
887292
64654
365539
396338
199066
165726
705436
803271
829643
814509
408646
376098
209697
487041
129665
631495
444232
450041
113995
316623
939045
589732
174731
568761
50769
433735
824145
698009
721459
840462
350399
723782
937359
249030
469719
301081
998356
667702
180151
920624
596842
45498
892142
976624
867179
809738
102948
445929
867798
226094
563834
183889
790077
455212
992806
107291
799680
233439
852875
622614
346513
95390
493451
921754
531742
972889
621259
164918
745883
410468
230991
800320
426269
10740
587944
5970
156942
170876
876918
334826
178131
710837
104278
35564
144170
578979
90532
65169
492247
674327
677191
846101
638018
65970
682157
355871
640687
977003
29285
76860
396340
851790
625449
531391
651313
367486
151129
329674
710338
582152
319700
857960
630132
977516
803094
268031
833293
896017
920342
759698
714221
36586
537059
128552
853026
62882
593861
679944
243036
331343
653030
67135
23255
172698
401667
38746
194920
781076
643630
146367
150603
574486
330649
22367
979108
295721
391035
265382
472328
672794
226072
556678
414642
63604
785871
522655
304747
134797
832455
785670
390166
309013
652927
552533
26337
483705
411984
24881
307474
488265
954138
321707
598996
487017
104653
392873
452200
144829
454692
149156
167888
227911
738735
856966
361333
321121
87429
21052
318681
72763
583781
81732
921510
136713
20119
464190
158403
272105
704299
485905
453613
375266
20233
515725
75081
911926
220856
93777
240806
472179
458568
789663
42493
980356
195177
340871
292583
689553
736310
930299
665700
764192
629158
455666
246611
170630
74214
416679
551233
749348
204866
740675
640225
573147
910677
83563
209820
109233
944836
704008
653549
880788
140376
192748
894176
93376
871000
593084
115248
244089
61126
807391
610535
1097
595789
313746
514668
341206
63640
193786
390961
55630
100495
601115
932173
540675
147606
73701
455615
864186
758913
580817
384213
36876
55674
144076
282231
918517
820943
766133
629168
577878
896391
996212
981327
598108
603713
83553
511975
397900
242374
810393
292957
101343
769334
646731
186260
496224
374888
832763
489778
422173
187533
867360
724742
582250
375179
724580
516369
662542
182109
25235
246768
725336
852310
782714
583761
714540
89945
995713
833705
196080
75931
410657
803458
988018
685912
489375
325407
154508
230372
84410
671444
355913
919976
755746
601142
167457
910643
74073
530308
586840
240095
859064
967859
757902
438336
785225
482704
457443
339964
10916
771523
843126
772183
289452
371303
400274
313783
487162
947987
726486
775424
65946
456498
44887
612015
929411
366361
32737
506140
60068
58902
576112
796636
753022
77015
615826
901552
696583
149553
278578
998761
139827
306471
676108
166493
664687
309954
135581
619643
607393
387560
124898
41590
176065
835592
379166
753649
429855
535677
255570
539726
739409
221450
383052
266235
210934
327197
877935
897607
520842
767129
840651
753793
126791
163060
948951
62119
547951
800723
366655
632051
986812
546840
754307
338183
204947
102430
621603
579961
594437
628314
227492
79233
126872
170973
458738
457945
792649
381162
547180
625133
645515
896512
363595
60606
388586
864349
195400
117547
860700
523713
358013
440350
277193
247661
784163
697012
759208
354741
949777
984867
772365
370114
470792
902115
609445
29146
301011
365515
946920
629601
604051
107423
359504
655613
474739
973575
854853
969069
607025
882559
626346
668080
583193
469024
895093
634210
42013
168094
719260
594904
327446
555006
936788
975375
651357
537791
245555
717311
756239
574595
133522
40483
812898
522439
218792
681188
311335
729387
808101
327540
835604
118656
105454
621231
355808
857658
438224
930144
460024
277099
939695
718970
973996
267596
844642
591124
65462
32638
445931
928387
238288
969666
219299
641743
333392
903331
224787
724740
979513
938624
541282
816524
989180
206847
93810
5278
44688
249213
520639
966715
983870
859772
347801
822433
799225
865502
553601
504376
552156
673651
539872
241126
988660
777061
689161
602227
876268
192697
502123
575131
508228
276207
47069
270766
543725
479214
255461
250576
588690
172720
454804
688012
192827
195324
275128
356355
409328
751683
331466
124285
136288
182397
34645
274724
197202
478956
103251
30309
464022
288222
960469
573291
9969
938675
704124
885989
762197
759691
718399
336476
569552
379662
452755
181164
707521
366192
958061
648707
236941
601533
616503
69502
329328
981111
20316
407549
969924
482770
592446
966407
47877
786319
227091
226319
198694
476130
459195
893241
308179
519953
903276
210575
540260
966380
887507
934741
894655
702177
35989
352411
673064
420892
40156
374554
322829
118594
29909
905650
857532
552750
877190
62414
145438
627643
461240
52945
302265
913649
579776
178107
645186
823044
314884
290984
51267
826440
558247
721998
250307
640908
176005
552654
645003
441443
717025
478765
541351
261630
546733
577112
584857
62471
489518
240043
97557
513808
87461
806749
858400
410801
150121
366578
38771
557435
592584
25324
627978
277176
898587
738173
336434
943620
319807
909806
346958
209823
39028
878748
760342
171046
734394
408014
916174
68633
746603
67198
505906
217617
146025
191429
667714
272694
142143
226739
430077
426370
470835
783377
729797
969935
153031
182129
319472
715708
330358
823105
915951
98712
93945
45738
629689
325572
456400
848152
808881
912315
701933
240020
864255
878607
152346
47182
494715
201493
973341
813356
745425
186487
442132
247893
368413
247828
442487
159513
980197
395656
955582
40163
539083
935373
165714
691447
310236
396057
796851
49628
940425
749891
42532
931765
962944
121057
5507
445368
623131
888836
292086
666370
600015
703842
502018
420834
251232
180212
343836
791936
125277
41169
222674
863553
955492
377712
214503
726997
726372
850434
620599
38899
57392
604812
114960
91382
850786
879420
871860
508154
460572
904074
498457
710523
181429
992564
557922
59180
418704
332734
767071
581597
128401
691274
881977
11275
769477
12215
354632
118220
325428
247201
26828
563330
708031
95837
254735
790064
288127
239864
877443
813205
824373
31249
535998
843043
441679
52536
594924
983094
869435
723125
292805
982814
782056
55246
10327
547660
117246
715693
598983
181142
589003
693687
292053
444794
77140
954514
16982
991616
546940
338200
991528
365403
572078
752236
755939
239932
108549
472462
984412
486757
977671
969242
957520
325375
419187
82233
527239
132182
548234
881803
313884
953610
930513
402304
234058
229643
924442
33732
326390
959131
838106
357197
403125
89743
797586
504850
982370
399486
326923
907981
5281
348223
953491
234863
631068
474679
771943
780917
289141
264196
781335
80855
400075
726175
449644
592547
278580
399038
34753
321629
553335
264191
966771
139919
938016
949540
493325
883058
809080
501338
983841
537529
619016
929674
813820
125771
125524
15544
252371
924459
71876
265141
603463
500131
258049
455549
59120
443210
411997
428121
365045
785879
188167
266174
260145
118781
574941
660592
822132
395259
343356
865363
585201
416430
696988
366460
791520
470754
537915
687519
499316
546240
903699
759239
821851
198126
286524
431472
772664
337319
474638
415452
669789
652300
287800
714143
457636
383951
586535
519969
35098
616891
281265
253569
745656
325637
661685
902569
698020
198110
724966
266819
169321
450338
955255
701431
995085
895023
295869
409395
596976
154471
58245
793318
559274
19508
944586
69436
507037
282210
93888
78419
254239
642712
106339
550526
632120
931532
148162
340921
365400
443698
447181
468482
334613
403301
913497
196024
86550
922786
71467
783199
376667
331140
812590
596437
64925
296557
326217
794334
885609
732649
124723
87823
653958
339960
125082
34664
227359
73004
997078
414711
158863
732301
265592
282447
580435
442719
650631
8376
64023
585619
930840
907461
920238
310693
574483
470063
257172
680370
630842
618477
931847
319381
895245
267397
810846
596528
520502
314335
384742
246579
865257
491261
810833
131550
960871
978723
84089
227917
897280
250779
977549
65214
622541
574851
890548
190487
697764
52465
239390
233217
601721
968172
177959
136352
353141
536644
751407
328939
177898
221420
67667
719616
340885
688928
786911
781464
722621
458789
58120
60942
26887
655030
824290
341986
161216
297632
498450
176093
558125
492858
367227
879124
200918
982663
925716
153362
253412
837202
742214
831552
127004
382770
513305
149730
301817
309180
453157
427863
864087
991070
33857
312658
350116
424730
701928
966297
809244
424318
578474
469357
721760
966058
575172
308009
273976
637300
777237
849944
686599
81964
59390
994707
511419
604801
205940
882437
961258
843779
228539
769858
800847
812442
284921
706752
914669
48907
238818
669910
773897
476208
531458
369378
49141
994857
894014
707019
260332
191301
634364
691270
712602
474226
504461
565819
773999
297248
777252
273588
560129
720200
441820
608786
884734
722091
584784
196790
179081
111958
521018
737650
764359
642511
336703
671954
934767
910204
965890
657397
936555
473326
937868
813191
102439
123282
296122
969974
419791
37705
764360
681335
22371
897824
563933
976343
672116
292189
511567
933543
196799
188155
148502
28019
969614
385827
581695
690870
545265
9310
401564
20231
372574
210964
213624
413958
411643
565265
196678
504946
114477
166601
640721
836618
911220
268321
184017
721111
424103
143724
926080
72
980789
728884
206246
328659
250390
13249
400982
501581
38700
208595
458098
146119
148250
511116
742421
749975
356370
235817
12200
45599
853970
403791
250879
691697
317640
470315
91813
224846
844871
143533
281056
347795
358514
965176
581733
453162
28166
891420
843559
467399
553546
783929
541429
849234
39930
765640
861304
140896
357937
896636
153601
163777
828802
584360
584424
11780
686017
715483
875356
107198
947535
566066
738062
887174
4284
73718
726450
923079
458684
727841
535179
140917
841232
567766
656696
372634
656857
259435
461635
146770
393879
961382
519902
903158
678432
61675
698422
865650
350850
500813
388125
525237
767417
459199
318720
309996
965776
929876
52260
770460
378014
862080
755043
139728
482325
677050
221227
766281
243600
607368
687585
785193
629582
67648
672225
639434
935326
192522
688876
115485
966300
252031
769974
10547
682669
286508
822336
21616
932354
862175
44766
408207
754307
186863
69839
367601
257046
236345
986535
37704
760171
250421
320852
679997
868708
428296
717017
427303
186112
516245
59222
691285
54365
563469
444030
461076
535424
861640
898856
488173
797947
892175
627129
846911
26637
111677
282785
979789
941632
917982
335771
231843
765934
336816
207798
250746
244183
708545
358235
898638
978530
512960
468401
715957
894323
980110
445399
172246
684488
146297
496314
269343
305500
765712
755225
149383
841326
709353
598438
360308
414482
541089
775931
519737
954838
426444
68209
992223
406862
942241
21289
756163
821407
987460
109355
157267
188226
171291
211667
812354
920710
860517
957221
591514
78394
394621
186278
506706
266101
756984
290346
566918
588217
88486
704783
367162
98352
680946
840327
801994
122905
338181
555372
227641
513404
906980
232709
267531
967497
119955
853950
846505
541275
230690
794293
397837
548270
665589
313874
498495
610475
244742
92112
533489
607319
307998
589586
531585
871961
647205
984157
289310
731480
361434
411306
176530
554239
963722
571266
923091
743999
43750
773653
438559
453195
252159
700240
302901
983095
966975
903644
509599
252590
211894
442502
485881
185110
719791
285380
827966
42288
648114
130857
797593
145849
676629
780121
689900
375819
439575
316650
337477
993089
740487
963480
161587
511041
899694
124599
32176
640608
657970
235114
274937
335200
688010
44070
34372
123207
546914
76618
11756
501884
352139
453412
982855
42206
642021
328851
216240
72552
467874
217949
227613
247926
3131
314903
125240
99858
521254
656657
749905
876215
690089
399454
895551
914654
307293
180377
145600
784486
433610
765087
408250
719850
506298
493108
962324
809421
846524
898304
225762
284297
425646
838070
343965
227409
552127
987837
407381
509985
205420
681728
175218
710029
265907
321884
173759
896385
531597
925832
993868
545118
896910
524131
620807
910945
806977
730255
739768
974161
802044
946325
779233
336558
81408
688139
473203
108626
697959
306326
406445
759482
568764
100826
222301
138602
44626
993767
232447
784968
140666
471222
747473
298416
607547
189255
235161
609280
865950
121134
955647
722781
752323
260630
687152
610461
765661
156761
75066
829181
860138
737313
206840
784124
809313
433228
107519
372183
327784
369270
806025
557258
844048
414203
220693
725228
891182
916280
381198
776192
155322
374682
343750
420767
167088
452529
957207
254122
894174
570457
850379
946864
344982
604296
165367
516904
42905
671179
499309
977173
22315
425607
740842
78970
271924
249819
294639
874138
57468
721477
500354
167532
215742
812954
122307
989833
471758
814421
883536
192969
917408
174653
393876
528242
686505
50608
166158
739973
242975
899599
916197
799777
307083
69928
935745
386357
307209
485587
734368
241664
590449
249456
444084
689370
942157
527266
367535
975992
819941
77533
611390
587037
596933
649424
300627
990785
111943
434153
557244
130495
699143
819325
983790
597021
384852
283911
938424
608253
369874
345145
872210
37710
302186
408675
960938
941188
900181
794354
990448
56533
818850
607144
664380
696444
559856
754601
844129
52880
379101
987726
331246
98
478997
736919
611533
715454
324470
560258
111733
170641
113046
397758
859584
62233
89957
398735
325622
306468
49896
841211
649756
603962
486831
775126
471218
460424
184207
902919
369849
541084
311520
546850
391531
174743
582240
104646
174943
946914
932691
277975
553894
405588
495453
699859
917292
820369
633478
304518
199853
383781
941802
640010
757412
882677
530878
614551
953230
452155
124540
824998
474465
989843
479983
773667
413180
505249
537905
34219
974489
678800
428667
969871
743655
163462
147816
79704
857892
118074
79003
311827
26900
136670
596655
599456
20590
894879
830621
757102
24674
264622
764720
577178
625259
179146
263317
222424
24578
630717
727620
465999
491373
871866
720758
432320
571465
869392
992986
478886
880637
704229
633429
750734
563437
182883
789902
137586
523798
365
927513
731446
401371
772189
729248
257319
141682
119312
350321
61200
320848
923584
744267
40162
511378
13089
626054
214797
612000
336083
34395
289745
397601
910078
804043
7807
385886
369575
495243
968172
892785
307638
583720
84539
382619
225847
80368
455595
903398
30364
256598
943246
72471
810565
869094
980770
537557
141316
452699
442174
375657
38469
548713
900772
898106
970230
349264
586918
374876
572021
997367
993824
697521
723047
993324
929452
756287
186334
389180
667191
778929
512757
644387
249569
733325
462129
110146
389241
214466
636393
225182
879980
540926
435025
795781
354495
124992
796665
2529
284332
661047
812885
86817
231650
864109
976089
531350
3135
215565
584025
846343
498472
349290
311372
880258
132955
518532
839209
579119
886173
628646
174140
30208
775656
694441
213525
899158
938248
980994
506987
590044
90098
706284
156241
951703
664741
956075
933660
560915
488434
466689
882806
102894
993274
465276
967479
842005
435812
340599
280442
768141
209470
616427
833864
968569
398653
469478
689399
793979
729995
775301
808442
931740
252493
503055
542597
283754
911663
317101
415459
918259
745001
283786
922362
430435
117251
666501
883458
394901
641475
887570
233254
41975
245552
38636
183983
472367
811760
463142
565776
941260
983266
710210
248716
156009
328969
172524
461596
774329
644982
826675
392237
386998
887061
241257
972185
379193
857215
533305
748885
179705
180013
383712
642124
591589
636780
494157
801555
710886
480880
466285
73818
852079
898236
785321
666921
32973
174242
971965
598509
277264
448556
535148
803038
935136
248471
754183
881353
687354
82570
740549
273914
217994
654440
411478
666888
344598
578352
160495
219916
876791
67730
705812
239978
117219
364365
424670
932943
757458
416788
335993
933187
922141
920401
199559
29925
378818
623041
438974
290755
246668
243807
999032
546877
156137
255896
181491
545546
825707
795406
315490
875297
214215
970324
489274
337265
525338
523801
394581
494009
686209
45999
534731
486178
517828
416929
184230
45419
435059
266649
326932
3158
483765
186023
948692
321567
536072
615023
609698
975397
438245
828275
240604
732255
510064
197513
432190
982808
60738
975889
472119
948468
509222
500435
164545
59377
99318
509113
196027
406645
851504
970009
474698
888569
518250
502353
945073
577815
160255
666169
298814
568405
498411
758161
983563
984574
128793
951744
13503
835456
748803
661460
493333
929278
156909
739265
406221
182501
331965
279401
969562
258015
7667
99913
435965
496091
772402
647619
155107
465763
345901
623806
772942
165688
59098
549989
61258
220956
958194
887539
87392
227644
581585
341857
97202
743252
811688
783277
345487
944593
567771
708020
703433
628850
993340
731690
264889
7299
7169
749360
341833
302673
37443
170946
349869
965674
494895
70632
599593
569608
854692
329563
821771
640171
353053
359711
623434
934538
606796
664384
727002
388357
141169
919677
597819
38561
93172
721905
129255
943511
712635
517642
907373
151951
965677
993841
237269
480018
554806
360880
72485
792634
603788
375483
898701
665421
127489
507836
450196
212289
975879
892012
892492
171708
907163
382567
959390
996913
851438
605603
382746
632087
68143
63168
225391
729078
712904
85683
639791
652678
71153
947403
504064
389546
572444
784434
141279
48198
68008
727652
508773
353636
233507
951200
752572
455092
717399
625854
966917
432762
418104
269674
437654
244318
812920
208185
720609
545638
128270
873432
295887
740750
396048
21018
352893
919552
531537
657323
22823
894264
258513
997935
645783
211439
271017
651524
530552
107729
395166
570724
734972
347148
893629
639801
687715
657174
180209
639373
963586
612559
119677
142137
533509
311992
988911
63621
90368
585999
363552
506537
812818
904210
115876
729591
66111
668686
609356
723699
82959
538166
606417
198486
245667
303429
643076
351080
998570
902475
15692
802129
773403
974003
83565
997770
253416
401058
430371
204789
977941
466353
317743
698027
513299
709011
752064
377281
926929
853748
37381
251656
881889
103904
516332
947709
632184
196714
489701
610365
191053
157191
561619
976254
367743
855989
282279
389878
151514
737277
52541
554768
268
836153
630163
735107
584478
253566
844434
48699
667429
337886
577056
14998
754858
609793
509588
249412
378996
495174
937852
860051
894595
484095
508827
17042
898508
886151
484708
606967
609506
7231
306037
703633
536462
236912
307148
424114
941682
980098
949517
445582
410409
619958
36028
279174
604373
656474
329860
904146
173428
599147
500861
318464
442071
573952
699309
674039
144676
279704
131036
81289
744626
518269
780452
468956
813941
214402
249413
380852
894913
905492
246984
712753
821295
533589
174564
425979
401044
904504
713773
406655
980548
94107
64620
262918
588702
169631
767713
544446
300194
105937
898425
450442
327656
437454
235753
305694
248611
547311
659290
642291
721644
498189
55774
801502
516435
121949
632729
992625
463280
56721
782112
140486
167456
320129
925353
222712
588813
634139
664821
790925
255989
593279
903437
257356
566306
761536
84031
333175
506106
213440
303379
228804
566614
826686
437075
272754
324925
335198
911845
612399
443078
824157
253101
726572
47285
96948
770489
410508
786467
681465
812643
389840
62116
167058
557765
299223
312794
910938
262214
934642
341609
72970
794467
222911
7256
186097
214732
566431
407116
177515
500924
147700
674409
279895
691762
757283
615945
689691
766287
888241
578112
831472
412556
841172
211243
633009
335369
628166
728054
512739
571020
726689
803222
761089
391713
603313
988274
743654
193203
310384
453710
192531
35476
790690
795739
657380
267638
44300
161735
665151
423823
420476
35182
826249
44193
887789
295870
766983
789242
394821
317321
631479
731425
87453
981674
622193
537601
8028
170945
170792
926432
763081
367427
809012
959628
433706
884641
943887
652301
56832
777082
823450
85889
595522
322546
967754
885286
209486
350227
861942
633294
645403
295364
671804
125446
676437
238290
446854
285936
542397
881357
272262
657180
594796
704926
93632
956356
854756
789563
759643
73118
227339
735763
58755
810008
867770
329805
728371
201662
465542
548325
304990
235982
189436
604678
648047
574443
867071
827043
108017
47612
671987
323689
82108
176804
627305
306
512014
615067
243185
577545
388337
965925
790325
878474
225405
926818
44816
335721
747497
151212
980920
966113
660432
735281
214597
378428
784216
951904
741058
499520
995920
918510
645229
435047
211524
951782
842849
637155
382175
365608
388448
441045
527200
33223
240920
245350
179188
500567
670554
891118
235255
73049
917461
927084
841173
900446
583888
728100
352989
88257
704250
861718
856868
298718
131113
457640
196494
784396
425469
72570
818307
365875
832429
736897
666709
160172
262251
785320
897685
533022
910031
863104
783301
961966
368646
669531
665528
524264
539730
64304
998384
894612
598191
41689
732999
457617
42322
69546
266925
419877
449314
974153
816945
769651
307857
569181
513361
656728
930928
874238
998574
969689
914387
206911
213376
287329
923197
158414
618853
617684
118016
835102
318575
702500
390148
520837
981579
648445
401649
208381
905673
968659
229665
618418
356736
579233
46649
665962
495577
468247
488679
956801
946602
783218
831633
782544
276918
886690
848845
534345
197236
204227
642774
516944
350543
945314
520808
987154
186868
40333
446210
357797
764647
863924
389359
917771
743592
640910
261850
970073
707618
894471
1430
173614
144291
472793
747794
444174
979917
809174
121842
686476
785155
122941
458179
647207
748307
642131
595937
123242
974317
846369
466279
609315
91975
930223
887046
991038
891927
600081
836193
236681
308514
702881
616997
15987
693468
675727
124711
864656
136639
158644
865147
852972
622526
355918
240299
316886
837516
678321
818840
407228
836298
149773
880220
765705
152963
453830
92484
470022
773078
68217
705180
773135
617160
340353
806596
432874
416628
792679
422841
562620
512025
842167
295859
390382
604123
740254
67546
773056
78301
740501
226183
162020
786077
813373
433569
616006
929165
195775
117628
529781
787055
176445
58578
509345
112850
479205
863992
283417
154916
249606
200509
258876
643306
390465
709396
374761
470838
160854
754438
724599
966616
232073
74950
303613
312361
395276
566336
905818
421754
95360
382742
44660
591799
252439
90775
420960
238027
88903
364479
33659
759589
706107
681361
831382
468587
672891
775363
81765
786634
298188
154301
260627
290055
750408
345667
455041
310762
759734
186655
8777
57365
945354
354205
274815
514806
689523
437928
412750
970851
717192
925395
46226
352899
866457
246540
459641
463242
422142
98032
125741
959722
21098
591183
940766
671211
220874
157800
718794
849708
960429
978044
381964
417337
6945
187326
18573
971493
287032
814097
540343
222132
534994
649727
908929
468498
333659
875812
947141
883075
102048
642071
823192
323809
622138
370115
88091
82493
528577
330008
596817
176646
561907
138001
910689
867992
377130
545993
386431
471579
646443
293447
934207
108237
456462
787295
718641
312368
78591
629905
935065
451864
46063
394222
910634
335902
929022
960698
864461
828235
976362
478539
40035
350886
486819
543912
695508
943664
734105
654282
262958
516587
889740
972533
392488
174869
670059
540659
493083
890047
876108
912622
96607
662074
49120
340378
869960
602762
508665
291062
177465
991356
838473
203960
998764
236939
303931
272175
334927
754840
582289
666771
112816
55898
388961
696315
261759
765035
463451
103217
271969
853936
480147
963146
193005
550705
710406
910430
786027
704112
634812
959309
450646
316668
920503
489770
25239
789443
186259
4048
102730
493817
727384
763957
76628
992
524754
569453
806405
426600
904287
202861
42706
140171
269707
362580
819279
991631
721356
811615
911768
711410
670963
656198
498551
418135
853929
56256
738967
972131
486891
706029
356967
584039
452156
980483
456811
565369
427551
144212
457906
661171
999351
151620
143315
816924
673200
626127
192700
647256
580463
951059
748855
136026
460514
673168
701648
184733
316828
856825
480616
793646
196483
466142
493930
316479
714066
617059
13965
88277
496918
330179
602312
676526
617561
972157
663409
609594
399925
594557
779448
151779
22171
476134
636766
179622
53025
438485
229119
420631
904528
889940
351748
345033
66485
252312
450385
50195
644719
787128
871470
488292
258412
475237
12609
24378
666332
299984
814332
287625
121770
723292
590504
383827
826375
754484
676063
487844
406875
242530
992194
371345
613223
731955
180821
990571
52609
324264
409700
762164
723187
957842
275393
694170
941446
119798
741262
208576
483631
396034
467050
354363
575312
757220
842207
755264
547137
912174
956616
587665
54400
49841
253137
589764
678942
242512
467696
683512
18951
301813
784738
813383
416246
401479
420836
316046
963169
968543
171821
574210
303881
719683
871642
724822
646125
523358
106574
971153
344616
760964
172646
632027
216146
271329
351860
646654
172553
140156
785355
832396
484838
136709
20254
379454
497535
895916
800535
495674
875954
956989
792437
11386
259332
303768
249478
635762
772100
966681
610146
637085
557634
669204
525579
293595
265117
98940
321122
606174
436910
213241
503681
480464
851208
950996
71769
196403
678010
641705
76887
151040
437272
238725
106755
123395
580580
288697
656437
50267
950996
664586
727614
10083
612635
695148
776692
83023
713851
653050
129160
907716
837766
616055
460328
650601
644845
811481
172885
843767
458185
996388
615102
108522
55432
820657
567397
282976
808559
36028
177048
462143
86468
303179
87944
489621
784581
663281
70943
644657
320441
150158
974076
124686
16721
45734
422499
125614
552840
661115
848582
983240
825411
216001
182029
938774
641571
197126
163492
244066
569977
51226
113391
817463
838468
870988
262101
598836
490948
734142
386605
850383
911370
159005
200991
684629
938857
385363
532076
947043
289013
16848
288141
773121
265545
913404
224766
899511
499049
387610
218172
696959
233302
384461
925814
291587
168762
746810
960273
582882
637057
217094
71589
256013
455887
527880
605526
379276
335389
892414
484337
718295
212147
847793
421345
693527
533912
247893
388068
307036
759372
727329
424980
542492
960100
170008
28815
840970
286544
824237
874545
255745
616878
864456
822685
617828
974607
718852
29514
779292
176142
832095
384422
639819
999478
446226
717500
33038
288142
445248
808410
949054
663150
489586
893481
647251
606828
999395
700695
612435
763539
651182
131160
626743
300396
112606
132279
423285
622485
396440
383965
790744
375983
614488
934500
247332
232943
449492
312466
772587
282643
282194
330430
179778
305380
644619
449517
58484
195803
469655
729448
226345
615418
316658
739697
369473
265462
331581
148523
87713
483639
514245
930205
754462
578865
135019
419696
631671
941792
292329
634716
317605
147125
215734
709666
947134
668522
158735
41055
868077
384342
661925
92803
530741
284168
933121
451830
675625
817683
61732
287750
663938
415141
633595
252800
891167
205924
429024
102706
955212
824434
332723
963549
879596
536299
488571
496958
49112
155178
854168
278607
877488
802848
622736
512211
500294
339724
678200
526452
501036
275568
753314
225070
45582
455341
765492
279677
184240
249380
589172
3106
868265
378345
720557
749128
539227
932129
308948
594383
58035
201842
766157
96802
949679
699609
483709
44142
199212
342016
575900
510372
86400
613984
944526
111481
484134
984456
129997
492931
812200
147891
520184
260441
686715
275519
69739
111878
172216
465985
163887
370317
990683
347671
552691
4842
896764
70710
964466
840514
165157
180196
128066
82850
929833
914893
374701
553711
585489
118173
32840
47673
86135
334621
115120
626785
779289
584767
704753
445233
864055
89894
661993
523515
471606
890579
15564
147569
621952
142950
313061
341205
249414
621016
629428
279738
510383
404632
628705
122470
551072
288164
484083
607309
391829
311579
174133
252238
434048
452719
467462
727541
956131
563323
191477
924424
440430
546341
599683
878614
668583
260735
303840
854437
146048
965522
721885
960131
284722
995433
141885
166432
498619
499342
49187
154086
108378
242722
109552
632513
846745
701231
615583
490097
433682
494242
396673
883248
220944
247624
776698
208510
956374
726683
548417
617554
253083
281827
571374
206733
880171
603414
714131
141617
624849
844237
646372
432676
794232
230934
636508
976628
133373
168245
106031
366754
242682
419998
747093
300677
141897
441518
964666
567231
593059
553111
296203
823151
143722
146666
777162
38972
499433
42583
8455
624763
971284
710206
431961
200870
470771
216941
273067
264054
800208
768020
347275
684075
82250
921428
539790
500937
389833
489750
901826
720547
238553
488903
568582
335065
648422
590076
173917
127480
627668
150679
449099
855513
659506
508855
40722
429855
671626
586530
958588
858132
637918
673786
555320
463395
750590
393296
942884
54435
56893
267008
340457
126457
398814
765805
246175
928691
208246
869249
831412
352299
997963
599210
482172
766182
434251
636199
301407
306568
433525
78196
704944
674947
88991
115878
584457
876369
189992
544952
37778
242839
298863
901975
923461
214064
859379
6660
693737
799508
652068
80943
843013
820466
439764
494319
654648
329929
247288
998801
101352
525474
755256
745041
258074
661820
350664
415750
844763
414824
193353
842037
21808
759535
957384
199887
824538
246462
516286
436574
575553
298475
865333
322310
823501
958738
363413
71186
978520
178571
495438
287083
242126
569738
916557
19546
759124
590031
581502
739559
753514
683327
856753
823306
402668
177756
324128
883895
496822
52769
355379
647943
122914
47349
169109
107865
799145
223681
667222
968201
595434
747519
717513
808624
372127
194840
969065
836250
59312
372013
252776
832941
641894
948829
612539
399519
863574
921706
413451
883139
731677
858014
363017
297346
173680
728630
680014
295096
989327
795581
152000
807310
662973
824197
82050
239137
871967
774068
894665
892317
560138
292663
237482
698975
51543
329191
669472
656433
902065
202056
570626
774899
346698
496371
678812
358929
557675
31557
833879
822018
800078
402422
472915
101373
476449
872074
219994
51587
838292
627254
69732
325140
854946
350239
536578
287453
778174
753018
757310
353790
517156
398667
371261
90015
425130
679254
460540
337167
70929
667090
952555
390517
887610
490698
163518
422643
234809
656414
836968
154522
419514
111580
308855
714070
426291
30033
277905
481851
907487
267270
922955
322692
464714
235664
81333
101794
106310
240539
563197
900095
383474
685502
99909
29483
704031
926357
725914
937948
710035
571814
838839
693765
401814
785710
19707
613016
419265
611083
676023
556440
798244
904793
231519
320204
160794
935609
714776
535603
387327
418490
644391
125464
899151
468661
708131
982680
240732
916710
522913
494931
387507
503590
89351
986405
336365
21175
32396
674005
410384
786034
898278
307641
449833
480078
774706
899666
983587
342852
349590
8656
681609
862948
835443
933975
105904
13655
220760
870602
453176
641832
843457
395758
323968
796182
52421
157609
901943
373930
552591
736948
726380
315028
559024
215038
264471
481995
852752
926306
766132
635861
323801
285595
906166
648963
45388
489822
516581
538793
909052
499394
483598
754813
600223
88074
512091
593559
978310
31290
286291
47760
288144
1595
16547
493871
852561
192192
254428
738051
994245
607629
919009
711832
532362
298977
665774
678612
506983
886290
684462
113456
194692
539554
58771
826125
294911
647803
433399
870285
344430
723029
184258
350890
891195
358787
364450
546886
955955
68598
847097
719906
836548
930051
785746
743777
112434
6413
427771
831928
958189
566346
258317
606143
471703
941878
970408
655287
262375
719496
972075
204251
943979
262817
441865
638321
493658
362964
172601
63331
451748
532068
486231
956987
342317
371696
115278
866205
665499
301002
286412
932287
442175
292195
326617
334896
934525
366987
995920
477744
713512
525742
68541
904456
623070
859384
603455
415730
635527
564887
902094
29395
307054
96159
767641
306596
113356
72493
411758
897131
893885
614420
355295
424443
594885
155304
936729
320802
93607
358026
585292
6826
736193
999542
628812
139287
799173
237939
289117
406401
540448
517723
188449
362263
408613
201912
559139
538157
821347
589085
915933
611159
489696
318619
565898
364450
500489
31892
160417
107856
996626
791342
210176
834772
70136
552226
993023
561942
936809
22761
558084
505146
211955
972391
330314
604607
686463
934542
629629
691285
646940
788158
184430
762402
220484
462692
490469
643854
291352
697809
381204
25497
837866
82111
59820
38076
865593
845006
804113
409334
123364
199220
788456
218183
335564
201617
935599
998599
448838
249969
717368
447898
229300
550549
341568
715661
901061
224978
313269
925538
162410
196490
864135
687815
980162
324607
930382
768974
264563
497168
236123
703260
482878
849442
567505
178917
531782
226955
347799
480345
418511
557774
795954
719157
692684
765839
221720
966385
913372
837344
583846
995348
803762
335797
742293
410558
333537
939584
480248
98356
7111
71572
789106
389211
855998
215965
424643
161583
19163
391433
54218
674716
280705
230717
279303
634270
341602
926575
615723
925842
157101
469017
55646
640747
466712
148850
155000
424929
235524
907678
285441
486260
519682
934453
504362
181368
484665
425116
369494
794889
924472
53311
860553
610056
510883
942090
787461
116784
496575
681854
618078
192784
100479
322330
224485
291417
357680
75386
587134
844284
812939
500005
880747
832444
557829
807401
970243
33289
27617
200247
224620
847944
786108
661090
456384
671496
311583
988333
684189
396141
194738
840328
284874
545971
725089
255221
219526
422645
949879
777378
674853
190092
750959
312951
444479
594028
328960
653619
847420
147400
529060
882737
227194
912423
132815
696250
945405
361590
521312
510453
930206
189180
27473
375280
133257
245676
639512
644569
920107
299674
112048
530447
674602
196079
525453
899732
319188
894740
400643
495874
398886
143596
139131
189449
668294
980852
486981
528198
550338
434926
98679
274075
414638
569938
553402
296190
90667
406169
433626
391446
472008
92502
269370
832162
278817
68313
955787
182198
23700
182940
891100
99212
678677
52599
200063
782812
31238
799849
403420
706006
108940
547012
938169
529255
331491
885939
935874
118867
15916
307627
223060
943812
278497
220709
98784
202783
743037
980390
759739
980199
834236
39579
24489
248957
186504
122264
937228
89067
591896
622126
995485
979365
253344
529408
429974
555870
755255
654111
615146
96347
841879
908816
542558
201843
465690
712462
759759
672668
987816
453763
180516
885559
291302
596100
239324
796330
818280
380599
335568
951671
877182
859445
637455
639224
750945
64023
615368
915331
13861
756158
155204
264120
473888
761863
659250
668171
845138
706975
327828
815010
526040
663147
338267
512062
12782
664064
456827
789758
48525
695093
64259
409476
540605
304104
821456
606521
12731
746443
702877
854634
766813
862982
888655
421685
553565
778063
435833
585296
236533
20503
197447
568007
376111
424693
263025
888312
276223
842509
106886
534837
496487
284760
416637
103112
476897
733127
262250
972465
302278
620613
720095
239061
534883
791764
165953
789149
866294
676595
360595
927038
420798
57365
245365
686197
599672
570900
55742
224652
232173
210480
292865
509544
312358
621352
611293
107036
438262
266584
213606
187207
912594
615496
497166
456197
325041
270540
469064
22916
745904
315593
914193
641983
839094
800615
180963
723754
732729
272431
332461
352980
355885
610699
820729
339012
885431
7422
954546
712531
810312
144494
371025
620088
74739
663246
910267
453237
417979
626810
629348
360684
737535
563671
905480
51063
467937
402078
409317
558012
14074
278030
521660
44960
193234
701964
885501
191253
132169
333544
541021
642786
488810
352021
464467
439767
329644
181445
373958
28680
191304
904572
522524
20695
421625
747499
451271
837385
684016
816876
893337
267855
512206
192151
628820
113613
741389
234770
643486
714041
415710
924765
993905
901012
414817
720484
521074
974674
169085
45101
124403
272928
912874
88888
60783
81823
741724
391873
890166
105860
584063
10268
429256
851700
749837
405456
834373
45995
308287
608461
728560
176977
95555
968183
641916
575296
663588
165734
907951
875937
166945
585738
803000
898439
818322
262303
887055
845654
893304
604368
21164
710457
807434
650935
613666
695099
122450
57085
835328
624260
972572
636093
519961
596152
660562
360525
690319
148670
192066
762199
968634
561874
919583
493245
775949
819010
819279
150238
440568
100363
672103
62614
570063
687249
601293
443333
328703
549489
944300
79270
268739
991568
415686
401647
999457
868221
889491
810313
589527
876716
897291
576588
595536
942552
755952
834642
559500
717120
452738
665857
431116
247370
25541
924935
560254
620300
414507
512037
210253
955723
569235
100446
68640
116521
293387
371518
453669
70123
405039
986647
402922
556394
749678
760971
818235
834600
390992
962585
761620
200159
789277
611516
980986
918637
597337
988316
906681
95541
383623
374369
216327
567960
195206
225485
916119
605789
175223
573469
308141
736516
560582
537575
120401
240220
431923
391899
305323
216739
546031
788490
638050
465036
453548
800317
185287
302240
23363
173338
177402
78899
996545
370966
25540
727532
720246
991630
286791
36350
507901
883313
235950
869414
531182
202953
373184
426141
510585
801557
737127
113717
317332
628779
358863
115178
787595
758684
519008
787774
107511
123406
715123
126027
34779
931060
472969
355877
39663
806843
945279
76320
495297
750819
83953
330209
298274
473492
816927
993737
210199
335993
173447
88176
78677
650916
251090
219186
736136
824260
780029
321775
408517
245886
951003
143712
892561
27099
153182
874798
577512
2488
944834
617080
997608
448513
73963
196814
900489
800304
599241
406835
270285
219347
442091
813840
661569
268621
496998
270571
397003
806058
933108
86840
749373
672278
436233
303632
823709
843688
290482
313170
384773
736759
993878
122583
160762
403707
358940
293992
326515
361347
230508
974913
20411
78942
151603
949301
460549
179017
873833
995127
99060
753463
57168
329779
123170
907207
62153
979488
767314
63182
898245
65293
661282
555862
682678
220508
278783
214245
772789
576436
733832
431065
644292
526101
279908
14769
934512
471236
123110
284716
484177
154923
476090
333209
231067
320429
253733
525472
179572
153441
478507
283742
491761
809914
122223
618595
895722
893956
370909
882214
840868
931890
587621
537081
487319
394825
351636
144087
144331
802709
963408
58919
416299
383324
390930
218559
325907
662051
335380
677338
294650
814245
691468
151627
131635
813265
162579
26176
532661
272362
224183
278646
696343
49385
266675
122573
271319
76075
401964
337155
677039
458395
438291
961502
225799
756441
224270
192073
507627
499424
704949
922241
124749
599969
897286
569746
515067
195499
846001
990775
664185
179669
47062
309669
557063
587741
991458
274515
968712
45404
896103
843590
820705
283257
951670
837026
221376
695459
777171
137115
323973
376218
315152
791081
152756
738213
776761
411100
581144
264957
622775
128814
395606
680478
230563
894352
623402
20497
204448
432000
235448
774365
658747
387580
72920
965780
533514
887412
934954
188310
204376
115774
126437
704447
814943
957609
727505
552805
819947
712628
991940
975462
347590
911480
671202
774037
330195
240809
474286
167921
458377
717143
958630
11868
965783
817167
530614
527847
753084
483936
794004
645942
141081
945492
112747
143468
531893
155712
535743
648117
36123
973473
216111
434268
971021
289390
497396
931772
746234
105830
306024
29048
658258
56621
372549
333681
497194
770312
491672
800542
63142
523261
876787
222095
15154
83788
189642
735139
551027
248506
281182
263221
732281
531863
648791
100372
405706
229623
127850
36213
315472
89018
194684
912914
418451
522443
81298
418327
100440
299812
463482
371279
685290
339771
586977
291113
575556
219087
980892
588655
336012
316913
423255
963392
556304
805227
730669
746845
429378
312833
29852
909253
926459
396843
719112
152425
386749
358252
965498
760550
941947
497282
676521
153094
87682
391241
726756
436477
291568
258537
122700
757721
883377
796114
46745
936498
767296
296072
998382
612643
744892
536491
941555
351509
54964
200212
702692
64945
797484
463602
695363
901620
225408
625606
232167
70212
659072
603467
976779
135880
875473
714
319297
870986
136722
880606
522153
387959
274890
972390
898879
152458
58402
906342
456205
889424
145939
12560
659655
760607
196105
770932
905624
210858
923399
935724
986020
83425
630287
973700
220887
559279
695107
545711
294301
804048
595815
670462
447551
128498
853991
689467
933296
195557
877890
658827
682017
495982
127914
619182
430943
991875
292251
777497
673704
154567
394152
805089
84308
407320
600747
456019
100896
942875
130126
377006
349532
792075
22976
946032
941194
112815
825060
150328
343414
565705
901466
854433
513513
484121
678673
195410
704031
892042
904611
234737
158029
755083
257124
273178
683628
468163
228525
657731
915391
525964
403891
74236
39881
557282
573492
815610
590297
63836
280264
274642
690677
968991
408260
597075
623494
272293
374247
818922
645788
385956
257666
320590
621442
148663
185990
722859
513530
177899
5690
236887
461200
526974
182184
79703
562362
101607
538586
477327
160803
991691
499150
163886
116156
883204
926030
461447
160898
406467
301493
211946
63464
670582
661774
536937
14729
417231
564147
387802
492266
466415
260916
890142
873458
478738
228835
668979
149148
530207
48219
321157
723039
576488
287858
175923
823235
161086
821626
860595
248257
764984
716562
462090
614649
918088
256362
387632
698202
183910
447657
429606
790524
814007
904998
631472
82363
406000
566359
250939
302175
207870
916777
664376
651335
115471
455562
357226
865171
204863
287316
800228
17966
966543
811788
421895
600573
438583
291074
487650
924845
122855
456524
769300
63315
273711
906916
438451
518787
850117
593913
907444
68284
560997
131413
328033
485667
190351
387914
436581
898162
440924
548631
930089
552865
507544
348414
791985
197837
920087
761402
790620
289802
336983
527909
474479
832059
506055
687043
969470
718113
873859
751184
388870
539964
416129
432257
911948
826892
920369
229996
520365
959735
365210
296381
706933
230374
117655
977728
297323
526638
218708
932663
311012
25595
961922
459329
932639
914678
261529
473099
66145
416380
777936
686809
868729
206068
456981
600146
83011
945343
904936
881719
23855
171171
724472
770808
345682
393739
987570
382399
336381
835826
359598
342003
138592
9045
499342
446286
344099
266840
703984
207164
504069
169481
246007
41583
97646
325798
393370
576734
629740
887715
589155
580291
223942
666319
355837
229461
662271
481669
792811
405623
407408
668779
369087
41358
917956
254780
402418
558854
651527
836792
457183
157189
985405
14192
117253
37334
364428
393346
643365
496092
15057
891787
314260
985490
419751
184037
913332
143376
610538
236061
551719
945771
186306
471839
568506
166932
390849
958077
520506
318022
531125
619692
631957
235797
445060
483715
421113
983782
88184
333266
288045
844351
434928
763393
425362
137967
623180
82543
83899
270777
242692
136649
73655
970416
132215
529488
200449
68609
783572
80010
800542
685371
73123
627764
952719
855848
363434
535913
592843
197013
36793
734102
252159
746021
743622
274020
727660
126802
657881
394641
731635
263524
810608
862976
383020
308428
285623
844269
15860
923672
47843
120777
506187
715249
482186
857114
712095
507339
653899
701259
265958
589170
59725
906708
946110
226034
301421
748036
608670
214909
879219
489918
727054
530652
815494
974736
995216
813534
719090
678925
151869
2544
605277
707731
554529
83388
645807
874707
366738
56504
555904
820076
683622
797544
225038
746993
146642
18134
288596
228509
469565
76675
761595
264433
433535
632762
204899
122505
756506
165603
853317
779036
184898
257789
67931
917246
124483
423192
377835
646508
92259
128119
497985
397718
383326
479931
837407
485628
996993
19787
504451
345975
573885
269898
665588
475553
754798
659622
613676
476380
757050
788720
960049
110456
340518
45053
156100
31060
553092
785879
716916
621271
413171
366565
693084
343004
338885
483871
13333
931646
747239
172928
418456
751178
64718
422181
186148
885520
252433
343454
875869
210199
99493
975259
839033
331842
939360
712185
793436
578716
712973
952648
895722
747267
953277
185497
34080
651297
191944
120059
649731
737334
472745
594606
126097
194144
105857
554486
283627
849127
612662
883591
618968
976918
826278
287145
558730
137986
675265
780735
404136
630666
114934
450203
172440
858619
479040
453755
656992
776358
647220
119042
483184
888762
843078
97565
496306
957614
431345
633951
105767
161609
552156
521751
181791
813720
911933
272430
818118
317786
725544
205547
351475
182279
396150
303583
855024
731782
267530
36074
242972
507873
326143
716165
809949
870703
314572
438785
917453
890002
304696
955047
555678
14684
163282
203865
333652
356594
80695
742258
821902
681968
660094
201817
425769
685182
2103
196601
835741
729587
617303
346337
63702
655898
396806
344445
401399
545631
93211
154540
70564
602726
168925
974464
179959
405510
67250
314362
29025
570396
445904
614926
2972
74696
622737
998956
18755
400461
361280
413936
556309
300428
82315
543575
109920
1736
513718
896902
690808
842481
153461
858816
772680
237811
50315
910619
770310
664693
912532
521692
925627
396123
890073
916061
115839
725630
198217
14618
372419
585182
194035
768213
992604
277369
591258
179383
999779
729284
807968
286705
51139
834062
691019
643357
804059
768371
407611
19611
689212
122456
742154
655780
37109
584958
366013
781736
257800
718636
661831
602477
12961
508544
697576
421560
335255
436060
515227
903687
26933
669277
763929
545405
418009
360404
294253
871490
459789
92834
347000
820893
587181
524591
589814
632306
989348
496989
517516
270669
541372
566307
119038
441371
228652
344352
920852
115930
345293
628747
598897
636526
89717
126308
492440
924371
812230
616618
549606
576127
5764
641259
680085
718015
391831
293195
593442
904984
581656
22994
0
0
0
0
0
0
0
0
0
0
0
0
0
0
0
0
0
0
0
0
0
0
0
0
0
0
0
0
0
0
0
0
0
0
0
0
0
0
0
0
0
0
0
0
0
0
0
0
0
0
0
0
0
0
0
0
0
0
0
0
0
0
0
0
0
0
0
0
0
0
0
0
0
0
0
0
0
0
0
0
0
0
0
0
0
0
0
0
0
0
0
0
0
0
0
0
0
0
0
0
0
0
0
0
0
0
0
0
0
0
0
0
0
0
0
0
0
0
0
0
0
0
