10000 4978
3659
5800
5203
3127
3797
3850
6312
7377
9521
1506
3231
1096
7053
5295
7220
3873
444
6639
7530
2444
2698
1499
9157
7673
8346
9905
8966
9044
8258
5499
3036
3030
3515
2
5568
5470
597
9810
4368
7360
1269
8633
664
1135
7765
9623
3950
6630
9342
2958
2284
858
5754
1016
5728
6013
9224
9256
8960
2997
9123
2967
8207
9374
264
1974
5080
5429
8401
510
8107
2142
2495
6409
1846
3912
1371
760
1380
6624
1241
8081
365
3018
8628
5278
7723
4250
2743
6915
4593
5605
3375
1865
1614
875
7236
5317
8571
5258
3836
8847
3640
8362
7800
4860
2650
4981
6713
2244
5791
538
7817
8886
1241
1844
45
7520
8534
2781
3129
1487
2857
1157
3484
7243
9746
9514
398
901
6751
4776
8542
5142
8401
8451
6733
3199
9866
9307
3613
5970
2455
3639
1062
4910
6971
9652
4579
2027
8569
914
1599
7772
85
5277
9595
7561
4229
6299
2196
835
2684
7519
5855
5707
8739
1158
8400
2852
5555
5880
4676
4087
866
6547
7474
6714
4037
6981
3993
3152
1331
2070
1971
9329
2909
1798
6198
4999
6990
8597
2967
4622
1939
7631
2109
2736
2365
560
6075
3381
5232
649
7446
2968
1274
9839
2603
4161
7082
4922
1455
5603
5765
9879
5352
6062
275
4451
6603
1304
882
4889
1181
1432
5311
5060
3752
3524
7938
1787
6445
374
5598
7765
8662
4832
8244
4621
9960
8731
7482
1613
8786
2584
4226
2359
3562
3150
6365
7729
4770
1715
33
706
7787
5587
7178
5861
3405
1293
1947
5981
1827
4218
3466
6595
9059
4693
3265
7886
9939
1593
2600
8186
1825
3709
9380
3939
482
409
8743
168
7730
3283
3490
9713
6311
346
8567
5235
609
7430
5460
8234
9411
9649
7091
1784
6195
8218
3146
8888
7448
8944
3028
6534
3226
8918
4865
7860
197
9491
6597
6441
2039
3128
4325
8522
54
2469
6630
8354
9158
5549
151
3776
8472
8945
5016
889
96
2713
9569
9973
2506
852
2664
9869
6005
4406
6130
9987
8395
2741
4383
5042
1644
7606
9033
9874
3026
2489
2444
119
7878
1395
5275
503
8236
6805
6334
3150
3015
4813
8724
3703
1271
3807
5825
9435
4284
7355
1406
4804
2489
7113
8421
7939
1941
256
9698
9323
2279
5390
1162
2128
62
2626
3441
7570
1222
2219
2115
5265
4707
3550
8990
3526
8411
5474
6594
8983
4034
744
5405
7610
4810
4931
433
8
5022
8398
2558
6425
6177
3817
2331
8119
3031
8774
9541
4980
4877
6103
71
6264
1431
1857
2334
2842
3347
1587
1135
7340
5568
5720
8262
5400
4919
2385
870
9012
216
7744
1717
5691
2872
6154
5308
2385
263
423
7175
3889
6035
6717
613
354
8898
5669
3098
7834
7141
7095
5495
7814
3023
228
332
2825
8645
7203
1285
8806
8555
1575
243
5865
6215
6410
7508
5190
4417
8086
3206
3861
2616
7458
5983
3181
9908
6579
5550
2014
1513
1376
3120
9497
4640
2360
1042
1716
8392
8716
942
4535
6861
4588
872
2288
8666
5507
3012
9930
8040
3062
5045
9737
6548
797
569
2162
6326
9979
2255
7374
8782
7125
9848
4894
1066
8381
2893
9284
2165
252
8645
4222
5737
2375
4784
211
1282
2375
2711
1636
4765
719
8231
8319
7073
819
4296
866
5860
7044
3813
2164
1837
8171
2849
5502
6617
6464
8768
3039
8790
6564
977
269
5096
533
3351
2901
1486
1665
271
6158
5753
5447
5113
1364
3836
1091
149
4928
4270
5121
9323
6617
3684
5811
7087
1357
5698
2628
7882
7492
5927
9570
8418
3805
678
3966
5506
3405
2169
8942
5361
7016
3507
3531
2515
8378
507
7970
8554
2846
3161
9543
9442
8092
4824
7931
5463
6164
9055
6172
2863
3739
6358
5875
128
6104
702
9460
7181
2064
19
3690
1926
7660
7235
5338
5896
9816
1396
5800
8226
2105
9324
352
5195
2481
2474
5837
972
6132
919
5909
3208
4600
1273
535
2560
5494
8539
7656
6629
1330
1073
4778
6987
2301
2719
8451
4515
334
7645
3432
9280
2018
4785
2519
7004
758
7774
4911
2917
7352
5137
7517
5256
2904
8887
6546
9641
5168
8791
7218
8295
8923
4194
37
33
4655
8109
8596
9914
9528
3122
3269
2359
5119
9319
5630
6167
8914
9885
9130
3419
3631
4705
4673
2121
5614
5062
7305
4481
1539
1958
9402
3660
3906
1686
6315
8940
9055
7698
6151
5856
5338
6292
8476
1863
838
301
8322
686
2147
7563
202
2794
2643
6739
8166
1724
3633
2736
1863
9413
4131
4614
757
209
4833
476
6677
3375
8739
3123
109
2846
1117
2626
2000
2078
1612
6832
6897
2156
3675
9056
3951
3665
8633
3196
8203
4813
9220
4875
2342
288
1763
9853
959
7846
318
4513
6525
2270
1295
2914
5914
6465
7304
2884
1630
7847
2609
7438
2503
4084
2574
8237
8551
869
593
8685
6658
8621
8003
6835
9158
3942
6964
2219
2055
278
763
9319
487
8875
1387
3957
1231
9927
512
9139
7676
4943
3930
5595
3282
9065
6798
3315
2555
6175
8397
5109
1663
2936
6138
7625
5710
4648
8026
7231
8480
4782
6770
6668
1352
4336
5997
5020
5768
1682
7853
5566
5540
6633
3360
7119
5337
1432
452
8225
4710
8627
9130
6809
7129
2819
2404
2251
8955
7258
5131
3405
7736
723
6190
3241
2966
4817
2669
6606
1941
544
4009
9557
2508
7792
4070
6919
7771
1061
8057
3573
5335
3756
9437
2203
4292
3085
314
2540
2323
7857
917
9234
7959
6876
6893
285
9661
3149
5113
6004
5446
3809
1912
4973
394
6761
3909
7715
7067
5248
8287
3148
4253
2848
440
9997
8990
1776
5437
2566
24
6399
8372
9182
8213
988
9050
6217
9293
1429
715
1789
9253
3269
8219
2612
2143
697
4228
8917
9929
1554
4188
7185
531
8102
6375
59
1248
7198
6096
6186
433
7199
8260
2353
7153
1581
7322
6376
9403
2562
7426
2187
5887
9962
9603
1244
643
9845
264
6707
2077
3779
1569
1070
9225
832
5797
5689
9495
2436
230
8365
7900
9056
8959
7483
6185
2554
6455
1807
4273
1089
140
2029
2862
5781
3216
234
6713
3494
7813
7057
4693
4157
9775
7252
1790
8966
2621
9028
1611
586
182
8128
4096
848
7635
3214
8651
4288
6723
3722
2027
7137
1334
7198
5826
7715
2532
5339
2796
8417
5777
1102
6258
4004
438
2696
1357
7538
5694
9287
4535
6829
6926
858
5955
9648
4117
3661
4219
3337
2919
7468
9402
9326
4321
9105
3269
1165
3830
5176
7918
2774
6551
595
2443
6697
6626
3502
3009
5532
8009
1847
7074
6082
9271
7402
4368
5127
5716
946
7490
1386
1553
5325
8647
2885
5755
9102
1743
2934
3501
3208
425
6253
8478
9794
9734
4746
4781
9038
6015
9973
3353
831
1127
3278
4421
6215
7750
547
851
5109
7913
5125
1295
6884
3723
6713
9370
3349
7238
7899
8377
3016
1641
7221
5921
2454
3862
9481
130
1658
3762
4394
5095
9962
6053
8905
574
2607
3159
5935
6203
6412
7933
6059
1987
7132
9490
2443
9517
9722
9461
7622
123
5120
189
8036
9951
4965
392
737
770
8082
6848
1388
3337
653
1668
5656
2843
1719
5160
1401
5904
8928
77
3290
171
4762
3021
6418
2752
1432
9983
4163
8079
721
7152
6773
6892
9462
7863
9199
4675
7962
680
3553
481
355
827
8885
5994
8726
1318
5718
5251
2003
2763
5450
9692
872
6225
9373
6080
3265
4130
2737
7038
2914
5973
3513
8024
9882
1652
7235
6170
6629
8254
6266
94
5972
4622
3686
2237
9847
2749
5445
8642
2784
5540
9729
8004
9683
2435
6755
1312
6603
4537
8599
4557
6076
7009
2142
5207
834
2309
6589
1311
3398
7142
5410
976
6741
2418
4601
3586
6330
8883
5565
1792
8989
4202
8175
8519
3726
7311
322
509
9362
684
1864
2191
3902
6928
4751
9673
9788
2778
7262
1758
70
2833
9456
7125
4370
806
9260
2645
100
8055
3304
4318
8303
4082
3124
6912
9101
3449
7675
4485
3692
806
2716
8105
4317
6996
2855
7385
5369
1797
2631
7818
3561
691
1106
7754
5002
8802
4801
7434
145
1798
5571
7822
7248
8139
4071
4581
5645
6717
4736
5965
1088
526
3428
3275
6459
2985
5700
9229
2645
3404
4159
1341
4364
5783
1790
2460
4049
8180
3136
1778
2431
9160
3821
3170
6363
7435
8999
1146
1031
9128
8639
5797
4632
4895
7667
848
6643
3579
8234
2173
7451
1792
7000
7266
1601
1380
3475
1282
393
4507
2845
7453
7835
9327
6199
6464
4582
8880
6575
6788
8183
3676
4018
6074
2911
9051
1138
5430
6655
1044
6111
1233
9775
3362
5196
3488
1984
1298
2493
3221
3360
7281
9545
78
9539
4433
1347
2986
9927
8738
8986
2162
9817
9374
144
7884
3156
1311
4956
768
462
3984
799
1187
558
5258
8900
3437
2392
264
5751
5472
6042
5469
1383
7004
6016
8371
1439
2343
7205
8543
1899
3958
5671
4808
242
8097
3976
7334
6118
6672
7403
4931
8971
5293
3039
2794
3953
2383
9048
4250
9178
6543
3240
3020
2447
2295
2659
6601
7177
7396
9129
9907
5542
4530
6839
2157
2751
9006
6853
7203
1032
6090
9960
1424
1574
5295
8284
4844
6292
4674
6603
4651
9209
784
7598
7065
2518
3112
192
8708
946
2347
23
9296
551
5498
7291
7132
8496
9978
1192
3961
5550
395
5759
9266
1756
301
552
785
2039
32
6043
4483
7402
3718
7648
7656
9254
789
3359
8375
9665
3340
3484
168
8775
8859
8562
8381
6633
2504
8667
7158
1261
1522
5077
7625
7675
7817
1368
7217
3402
6914
6343
6776
5900
6695
4838
1968
3831
1030
3627
2424
2290
7292
9085
7285
9995
839
1696
4905
8528
8893
4023
7513
5308
7419
5770
8325
5709
5674
2978
3878
1407
2103
8236
4983
846
9176
3671
6280
5789
813
9388
5810
8314
3272
9911
6574
4050
8609
8952
6639
5450
5819
8997
1839
5937
603
9725
5737
1938
5011
4865
5874
1553
6976
508
4957
886
5623
3791
345
5579
2320
6288
8696
6878
1249
8984
9283
1600
1585
4980
2787
2934
6189
1934
9386
979
1701
2454
5542
1423
9387
6684
5691
8559
5824
4427
4049
5429
508
7875
6935
9284
112
9799
6579
5741
192
913
9576
7788
4983
5000
5560
5809
5698
4339
5022
1760
2643
9203
1632
4529
2500
4290
5706
5246
1704
403
6970
8928
9258
9550
6746
2931
9882
7398
6694
3793
4817
5467
4256
4717
4170
8260
5021
41
4174
2413
2582
8553
2454
9307
8409
5175
6954
2715
1211
7182
2553
7474
1746
1847
2273
8649
5021
6827
7618
8342
3978
417
7468
4586
6069
6812
5578
62
8477
7362
863
7169
8008
7041
425
9817
3494
6466
2465
7050
3080
7622
6419
5700
3544
1565
6135
8772
4127
2110
5434
6961
9373
7642
591
2469
5663
9157
9820
2523
7447
4639
9719
4785
8349
6686
5347
307
6557
5646
1968
5408
4739
3583
3684
6614
9302
7720
2014
6690
8423
8897
9826
8594
5753
2025
8522
8817
8897
6080
8679
9063
5783
4016
3022
4481
4139
385
442
3140
212
2075
5187
6919
9222
6185
6817
3898
5901
921
7681
9465
6221
7464
3053
3325
4196
2400
3796
9950
7367
6627
232
4991
8175
1074
4567
3983
7665
662
5000
8824
2707
6228
6731
5454
2092
2413
2592
630
6294
8336
7025
596
967
1722
6594
6169
5677
6380
9314
7451
2456
398
1912
6213
6463
3349
3789
4038
501
7379
8563
505
77
9194
4857
5047
4247
7415
3089
6559
6100
3162
2688
1440
9571
5674
6566
9195
623
3444
6316
3522
1159
8930
291
8498
366
6686
4206
3375
4770
8466
1124
3295
109
5513
6658
8420
3017
3908
9500
2105
1635
7373
172
3620
8694
7623
4559
5853
3736
8225
3019
3289
1280
2889
8236
7405
6679
6122
1159
2659
1199
3821
5086
2396
5758
2909
1984
3016
1179
1235
6997
9373
7192
4545
6090
1586
8568
5590
2123
3106
4190
6001
1383
1006
641
4392
9598
7126
9284
5929
477
9901
9608
8747
1647
7755
9461
7875
2610
8436
1211
826
1013
7254
1822
5995
9962
8690
8749
8289
2964
7349
5249
2119
2110
7094
2083
6221
4458
9157
2190
6198
5082
9332
2525
4656
8733
3133
6867
5171
9539
944
9214
9996
9113
5010
8227
8748
8853
6298
2013
7957
3785
662
9218
7684
7618
8689
1247
4962
6067
5389
9474
2767
7580
9528
2881
1281
8224
8318
9939
4488
3695
2145
803
3593
7593
6171
9954
6269
6216
7399
244
3427
4336
2329
8589
6351
3926
1559
7790
1086
3538
6441
4542
8836
8298
6239
8660
6557
5025
9094
1892
5119
9031
6852
7142
189
1933
4992
6971
9685
4882
7217
1751
4924
637
5496
9122
4267
6370
6807
5416
6202
6791
1469
2219
1681
8202
3057
1682
3425
1492
7891
4189
7801
2240
1945
2772
5603
6563
4820
9380
7024
1660
3520
8930
1849
1880
7581
4867
6081
4766
5077
8377
8485
78
6822
5900
3632
3568
5877
5844
2154
9613
3415
1956
7195
543
8652
4875
444
4256
4892
1096
7021
33
8418
1716
1921
1788
6664
6679
9558
9790
3061
7883
9863
3118
8721
3947
6389
1679
7096
5104
6260
8619
4820
674
385
3416
5534
1453
3071
5654
7885
421
6247
1272
8100
8639
6663
3466
6337
757
9394
2792
598
6626
6982
8386
7387
5202
4144
716
3303
9601
1363
2597
7866
167
8371
774
9960
2326
7744
8635
1227
9274
7276
6578
3245
1050
8977
7522
8316
7083
4992
5258
2794
9851
9024
7099
2808
8755
7851
5962
5332
8999
1261
2715
9311
6586
5538
8699
4748
7714
2884
5420
4821
1009
6256
3654
138
6430
3592
1544
5674
6229
5800
5545
1311
7267
2426
7301
3255
5577
1144
501
9138
3209
5252
9645
9721
6814
9083
7381
5837
4137
9959
8038
1075
3886
4341
5354
3472
2837
5391
2946
2266
6261
1637
175
1335
3274
6491
5543
1972
3247
2057
8298
2517
4909
224
3897
5179
8657
4062
8034
276
581
1514
9994
7869
4529
9826
9152
676
4406
8202
2850
3512
6573
6002
671
7083
6819
1012
8361
8548
350
1268
2037
6559
3517
1993
8249
6915
1000
6592
4149
300
4670
4619
5582
1709
3630
1264
4627
9768
4311
9371
4949
7607
9876
2479
9276
67
8738
3525
9904
9033
5662
8692
9620
5645
8601
7116
883
5993
2567
83
5391
9647
5328
4065
7823
8005
2674
4145
8015
364
2793
2057
8578
953
6894
3644
179
2767
8555
5811
6983
9962
4532
1286
4782
6311
5585
4075
3921
4434
6125
3302
7133
5037
8577
4835
4428
9291
9295
9815
1512
2765
4132
1803
6895
9388
9425
2514
3432
514
9944
5605
5902
833
8421
3761
7232
6192
2636
8234
8847
6145
1322
5546
8010
6348
8141
8697
2305
3042
9140
4102
8118
8064
3206
1835
9028
8395
2456
2440
9935
7835
3413
8241
7335
8787
8946
5654
6407
3197
1772
979
9953
2466
5014
4263
4432
7762
590
1428
4842
4034
5169
7139
3375
7856
8086
9361
420
8217
9895
4500
556
1248
5217
1955
1325
6958
8671
7942
3572
810
1291
9060
8209
2770
6774
4962
2347
3255
3071
3399
975
4002
1121
7924
7613
3132
2156
7656
5023
2600
7842
7580
7412
9982
7906
6667
9468
5537
5987
5475
6148
6128
1074
5690
7938
2114
8808
6243
4247
5086
746
6409
4283
4204
3464
9765
6146
1392
1604
6417
1247
9422
7143
3431
1834
284
4235
9565
3056
632
3431
7848
4773
7783
4480
965
3789
2223
9204
4474
5559
1620
1507
460
4109
8975
8122
338
8342
5700
2870
4560
3872
6210
5500
7090
9141
7672
4489
8837
45
2897
8851
5678
4113
3468
8357
6312
346
9242
7427
728
3763
883
925
3511
7787
6018
3090
4012
6771
914
6126
8789
418
6170
7913
7124
4442
7341
3815
6337
7576
3033
2276
6134
6819
4152
283
1425
4286
2123
1486
7159
6596
8130
459
6329
1423
4144
5269
7033
1437
668
9275
898
6650
5667
1885
4314
2092
326
1242
5311
9938
3435
1649
8917
5309
4263
9415
6149
4538
8081
5701
8384
5135
224
9495
9891
9208
7844
7474
9201
4831
244
163
3788
4798
966
1128
8752
4571
7034
8175
3085
8530
4157
5394
1257
8918
4385
7503
2255
4871
9238
423
7383
2746
5121
76
9421
5598
104
418
8128
3212
5929
6365
3876
9506
2231
3554
4720
5735
4969
923
1880
5239
674
6756
7661
45
2718
8598
7459
8127
2657
7914
9940
1667
9536
873
5882
3704
6491
1033
4921
564
856
7819
200
1595
2675
1603
7038
2497
6101
8460
3384
9139
2674
2234
4562
6421
2578
1113
403
1239
38
7168
5146
8513
3699
6716
7651
5221
5757
9991
5792
275
2801
7204
3321
3974
63
210
5060
7608
2815
2300
2412
1346
8092
720
1488
7921
5056
9251
3466
8256
9297
7899
6830
7210
1032
3109
3903
1192
7192
3128
9052
6203
5056
7662
8465
3777
6302
3550
9957
4864
5081
9188
4832
7428
9013
616
1527
4169
2715
9018
9960
6839
142
3062
1586
1538
4463
622
8528
2614
9594
6238
2003
3307
8775
2346
8647
6730
1211
5862
6323
4757
6858
5237
3527
1448
2001
672
4068
5168
6396
9877
9305
6348
8665
805
6113
1929
4583
5469
2993
5048
1124
8030
4591
4173
2223
1108
9960
6158
8858
7135
3039
8238
3536
2900
7512
9578
9344
177
8488
5710
2148
2812
7354
7915
2592
8172
3483
260
1289
1328
7382
7563
5221
5593
9813
9344
9093
117
9351
5258
8205
3059
6320
4366
2206
3079
7185
1470
3661
3577
9333
2222
6829
2143
6106
9586
7326
2036
574
849
2268
3885
8974
8831
5569
1625
8985
8036
4776
9531
6287
5010
2385
7726
7226
1358
7416
8918
9613
7110
6635
2039
5650
5358
601
5680
5795
5438
8327
8315
5364
8061
1702
5327
6794
2035
7239
3685
210
9040
5006
1576
7955
9826
1864
4325
7536
1083
9163
3037
4006
8125
8976
2505
8941
3020
9615
5706
401
840
8984
8504
7989
7026
1155
9588
4918
2865
487
600
3986
6781
4719
9077
7609
2451
171
6322
4483
3636
5826
2381
2823
1612
2290
1501
268
6226
2790
6338
3356
6006
6053
4353
9412
436
1959
882
7441
1016
3886
5255
6682
3239
8803
1773
7260
194
6450
2021
4196
2987
4185
230
9482
1764
6917
1516
8473
8873
5460
7958
2689
4422
1294
3141
1429
6428
7807
6971
9618
3805
7966
5206
4038
255
2553
7954
4871
5385
8291
4269
7991
5325
204
2624
9974
2994
3070
6318
9281
9534
911
9971
6449
8887
1959
8395
4458
5237
4772
7063
6583
464
6831
4197
26
3496
591
6562
8134
8641
9393
9670
3063
3803
9127
3273
1365
8484
8858
4673
7158
1881
9163
9776
8991
7884
6313
4192
3993
361
2165
3447
1798
5654
1111
1906
8199
2489
9530
3820
529
4473
8010
5893
4047
7995
3619
5465
2667
4017
4946
9227
1065
9501
7638
8455
8387
549
9011
462
8481
3965
513
4924
7940
4005
8417
3773
300
9749
3529
6556
5838
2689
5156
989
3778
9742
2281
756
5592
5202
3654
4746
200
4044
5641
248
8617
7300
8552
7757
9805
2690
9754
6393
8487
3544
26
2024
9524
2231
5309
272
7687
2597
8184
6507
3167
8565
9555
9860
6033
5632
5833
3516
6303
2396
3772
4740
7228
5284
582
9340
8244
9534
7702
4684
9480
3792
5119
7665
1886
1850
4297
7107
4644
992
4598
5214
7169
3597
429
8202
2731
3127
7502
6777
2305
4443
1659
5195
6609
5423
8543
8142
3744
3096
1514
9194
7991
7870
2259
919
7857
9196
7851
6291
3806
3310
523
4438
6935
7805
8725
2776
1332
7321
4032
4889
4349
7042
1076
4656
7324
1765
6956
9284
8603
9892
4442
3199
5473
5069
1067
9358
4006
2688
8705
7301
4873
4795
2585
5699
9583
9769
9930
453
5682
9801
7101
7621
1688
6606
8752
8351
4149
3752
885
9610
1458
1050
6385
4034
7862
9509
2951
1247
6714
3331
182
2679
9664
5356
8385
9138
410
7172
5227
156
3979
7651
8588
6024
175
4814
8665
2175
2136
3722
2502
8085
5214
9181
4464
5420
191
9477
8432
8660
1473
1582
3106
9755
938
1730
7024
2691
5525
5104
2832
2258
4496
7806
6890
7787
1877
1899
1274
2586
3623
8957
8606
7047
633
978
1893
5095
1050
4338
5785
5745
2378
9250
5711
2994
7286
8236
3460
5892
2713
300
2423
6368
6715
7812
2384
7312
7263
3819
8268
6421
8029
1108
6002
2037
2222
8349
5800
313
6738
7164
8957
5772
3374
6016
512
8500
5093
2650
3397
8745
3923
4409
4579
8616
5807
5075
1343
9222
4914
3182
6280
1438
4246
3058
5370
6796
8028
7745
621
7745
61
4785
1912
3904
569
8831
7879
2600
6635
421
8938
1024
6533
3759
9441
9298
9724
2707
712
1572
4188
9824
5699
9262
9488
7708
3884
3691
4330
5048
4769
40
7923
6146
4940
9083
8703
8587
2008
7247
1846
5177
5841
8040
1422
9389
8178
5702
7285
759
7315
3808
49
4461
75
5216
3658
9032
1854
1505
4124
9446
9502
6
3252
1972
3189
4095
4636
6085
8535
9782
3220
4084
2125
6191
8206
1298
706
6774
1257
698
8933
3344
1614
1467
6071
7548
7059
8873
3925
2555
8032
2021
8026
8119
2191
1644
7875
8941
3835
4891
9418
2360
8042
3054
6069
5150
7261
4135
9762
9342
3796
2799
6697
2222
340
9797
5365
6838
5561
5623
2278
5926
5878
6605
2450
4217
7994
4429
9506
9587
7829
469
1954
1163
3422
8813
7125
8487
8737
2068
4189
5389
4309
924
975
7831
8418
3093
6270
585
3411
393
3142
6101
1732
9038
9926
2907
1115
7157
72
1701
700
1547
202
2884
5717
5551
2920
643
9968
5554
3437
3386
6770
2330
8467
5351
9958
5944
3662
8190
2407
8753
5506
6971
6637
6065
6774
9161
8897
4984
709
7118
7529
4013
3597
9972
7917
5391
2739
9103
9501
9548
1501
7665
9031
2066
8433
4152
9737
1678
3637
3721
472
9528
2243
6230
7399
3637
5588
708
3929
9736
8836
6060
9639
5347
7710
6617
3787
9739
3149
4788
4868
9104
6528
3475
5530
5807
5816
6830
7837
2093
1514
3240
1785
804
5088
9557
3407
2086
8213
7117
7541
8676
7548
2429
2829
6638
3525
4695
8707
5767
122
7168
1959
1438
3286
8998
864
1880
2749
750
4538
8326
6552
6792
1972
9582
9894
3418
694
9451
6851
9348
9369
7252
9689
9052
5873
6362
3059
2220
5643
7018
3926
2913
3734
2700
722
5530
2396
8150
7776
2760
3315
409
9187
5310
3001
8246
3937
498
8866
2169
8201
8288
2453
6701
1788
265
8492
10000
8958
1882
1834
9594
6128
5296
4543
7575
548
8547
1335
4608
117
5811
7585
9127
54
9549
8269
5533
4320
9455
2425
580
357
3889
6412
2404
8207
1099
1859
1678
4381
9725
2381
7539
7283
5192
2808
3604
4107
6115
2834
7858
8520
3242
6155
1554
9364
515
5469
2656
3175
2244
5707
8220
2424
2101
8026
3653
7195
8782
2220
5122
169
5657
7907
3443
960
6159
3893
4918
5010
5813
8523
7291
4981
271
8808
4230
4700
1258
8035
9838
8145
593
8834
2074
299
1704
2677
1857
5791
4407
6755
7322
9701
8008
430
7801
3186
6119
4867
281
2040
217
753
7716
1723
1822
2738
355
1282
4605
2035
46
3021
7627
5967
7141
2154
8437
5526
295
1145
6853
6005
576
1119
7369
2551
9148
9393
7922
2437
4992
2779
8446
6104
5503
3596
1852
3354
5954
144
9321
2795
317
1621
7619
1427
4015
5753
1971
5033
5034
7543
913
5710
9214
4976
8503
4350
8823
5061
5681
9963
752
6760
9664
8278
7131
6459
5962
8919
5366
1586
6827
8128
3888
7848
5108
2148
9056
8458
8280
1457
7464
9115
1925
4023
8224
8229
2035
2507
813
5006
7865
3959
277
5065
3114
2098
1810
7718
4150
3746
6559
4131
1255
7291
5237
2797
8477
8795
6843
8469
1004
4102
9013
2725
5106
6957
8490
615
9899
5505
4586
6169
2227
7778
8683
1150
1798
5415
4293
5471
9480
7627
1861
8526
5795
2081
5799
484
1877
9729
3687
8741
6292
1084
4913
4288
8574
9657
2886
9409
6836
3441
2148
5037
3083
6915
841
3445
5161
8498
2750
9218
3704
8118
2487
7553
1761
3963
2619
8818
4128
6061
8989
5897
957
4687
9829
752
6636
1957
4557
9077
608
5488
6719
4204
583
8470
7298
4550
9015
8936
8722
4201
3434
7723
127
1212
9236
7406
8207
4470
4561
326
5750
5850
2006
1706
5911
2402
1521
5814
7739
9844
8590
4171
3014
8488
7008
6053
3412
6542
4254
5525
5329
3113
4871
7496
9160
6665
509
7131
9807
3534
4822
3687
3261
3604
7749
388
567
5485
8231
179
4561
8538
9332
451
511
6636
5982
2859
2812
4675
2089
7130
7017
6053
7521
441
3436
9129
987
7089
4187
5946
741
4855
4188
5527
897
8408
9463
7138
3829
2986
5335
449
4573
7448
4601
9573
7341
6394
6576
2081
6346
9302
7678
4367
3599
7753
5499
7477
6634
1394
6264
9212
4203
584
7683
2856
8403
2564
4186
2945
7037
9579
2514
6368
7851
9337
2466
2798
9942
7282
7732
6170
7947
1000
6911
4261
5132
9144
1696
9092
6604
8181
1757
8035
1921
4083
5
192
849
8365
4900
3074
2127
7566
4305
3508
3637
194
7952
7375
2275
5872
937
5271
2359
97
3066
1466
8905
892
6559
746
5583
8866
8200
7289
3644
3549
3374
6034
1967
9016
8715
2171
8161
6442
2145
7026
5796
3037
4605
4359
5257
8547
4143
490
776
543
5889
2254
9330
8507
3901
4279
2725
8142
4849
7246
4959
6429
4275
7477
9394
8575
2487
510
1476
8898
2445
1980
9626
3045
1146
289
9232
3680
485
8966
9249
1267
3757
3449
2013
7764
9053
7423
2919
8959
5601
8032
3568
8299
1819
3763
1088
3925
9577
9170
5028
3373
9825
5890
951
4061
3502
482
295
6619
5574
8694
4092
6168
7089
7216
5387
4287
3598
7330
9538
5424
2940
95
4744
5584
6870
7562
6743
6129
1535
7718
8235
975
3591
3835
204
1480
2603
5876
2334
2671
6519
6393
5111
8385
6700
9888
7214
3895
7383
7384
243
3040
9396
9068
8909
5858
4303
8136
4423
8483
4442
6871
4903
5119
2663
8153
662
5690
1199
2887
5542
7084
3042
5086
5581
2581
3780
3890
5917
7606
5853
1909
2963
5951
9011
9803
653
8186
7830
3898
5279
3566
8701
9175
465
4546
7596
4720
7353
4107
2774
9742
5056
8982
7368
2571
3820
2175
9168
8700
2510
6335
9063
1305
9841
3510
9947
2664
3401
8975
235
6710
7809
6747
4426
2809
5832
9882
3378
7552
9033
8504
1420
290
1009
3887
7725
4925
2539
5362
4233
9397
4812
9148
9918
8626
5036
4460
1782
7386
8182
8890
3990
5117
7770
985
3355
8505
6941
7810
2103
9989
2836
7658
9302
7217
8328
2255
2457
5332
2921
1245
8928
5442
1808
6867
6237
5033
2566
7321
2208
816
98
9234
5639
7012
5296
1329
553
6116
372
3012
5115
4926
9603
2767
510
7652
2467
9596
6519
1483
3571
8773
2691
1969
2074
811
4124
316
9185
7042
146
2163
936
8395
2870
4686
1425
4800
1095
2499
5609
5375
6
7406
6551
3381
8136
5545
2473
8064
3558
4370
8415
7343
1874
704
8202
252
5961
4111
9662
6167
2277
7505
109
4976
3638
2228
6502
469
7635
7433
9849
5984
8955
8401
33
64
5133
2707
41
2636
3704
9944
3311
8657
7750
7608
2820
7832
66
507
3006
7987
2029
9801
4538
445
6191
6055
4938
6949
9682
5941
5812
7788
32
1576
245
7460
5449
732
9062
8460
6752
8510
7696
7996
6573
230
4694
1303
2136
8766
3754
4900
3322
4666
8927
2460
6706
9512
7917
1903
5680
6385
7118
9531
4153
5118
321
4530
3763
2748
7041
9652
5375
3561
7055
5631
5714
1442
2319
331
1223
6683
6028
2521
5729
6076
8178
5478
7107
9970
7193
9771
9546
1404
7490
2091
3592
9804
6804
4455
6840
6324
71
4731
2763
4262
4717
580
9279
7982
9554
9412
4378
9082
9473
5915
1936
766
2361
4770
3939
6676
5224
5528
670
8399
4216
1877
4727
963
840
1003
6987
8972
6301
4968
642
9648
9991
1865
8474
7401
4775
9017
5368
9583
2352
9916
2034
4813
6338
874
2391
8679
8437
2045
9846
4608
8383
4115
3079
2103
9732
1604
6113
8434
2047
2467
3189
7807
5754
7122
9175
6993
9373
2244
2682
480
5626
9247
308
9626
4089
7493
382
7017
3755
1035
511
8
6425
4362
3059
835
9285
7010
179
9651
9362
539
2687
4695
3132
3198
9878
6979
2239
8380
1908
7943
4974
221
2795
796
9740
820
6915
7617
8585
807
9285
4820
8197
8487
7413
8042
9014
5109
4231
2346
7172
8351
6683
2751
2824
6118
3110
7999
4640
1986
9306
8968
7395
6099
408
2768
9134
554
5467
4132
1940
4877
3251
8137
305
7381
2795
5867
5486
8327
3185
4125
6565
6685
4561
1424
9464
1113
3842
4447
3144
7326
6722
6275
4228
4574
6996
3538
2798
9150
25
6561
9215
4052
6896
8424
9194
5168
5938
3521
418
9435
3218
601
4310
7912
1798
3359
3679
2245
8808
4539
6315
1270
5959
8832
3376
2355
6908
6264
5381
766
2396
6825
2972
9903
2834
9175
3562
6017
5796
2237
1476
5848
509
7960
1600
9234
3992
5528
9768
7052
7125
5852
4327
7164
5646
5546
5402
4298
968
1279
580
6790
2658
2932
1650
7972
1734
2588
6111
4991
6859
7511
3300
6163
3848
8189
9208
5179
2112
4584
9042
4049
9836
1502
8733
8375
5200
5363
4592
9252
2623
8577
6132
7366
9198
3231
289
2241
3375
5028
1585
6160
5732
7892
8162
2567
4202
7016
1957
9533
16
9478
8041
3509
8783
1901
2356
7184
902
3957
6600
285
5859
7723
6797
892
8783
7961
8642
1043
7955
5842
9752
6166
9481
7871
5816
5453
8296
843
1091
9068
5617
44
96
9993
9997
756
3720
5141
1741
8670
495
7752
1519
5789
8487
7414
2060
3183
2800
8598
3008
664
7693
3314
5246
9673
7755
4416
4156
1275
493
9409
7867
664
6771
1272
5366
6588
5401
6251
6493
4081
6086
11
23
9815
6263
752
6803
4448
9230
975
3323
7210
6594
3095
5451
9
3689
3293
4228
5980
3441
231
3786
8805
3898
6204
3770
6118
5999
1928
240
1662
637
3185
2842
5886
3299
914
1315
9113
2667
5591
329
8730
384
4759
3862
8407
498
2051
6269
5667
2794
597
9240
7666
4129
8676
2040
7804
5688
6749
2633
3419
6727
8060
6921
303
2795
9846
2882
1105
3602
431
7135
7337
5934
6106
4269
8658
7290
7780
3528
5999
21
8417
4820
9655
6251
3768
1152
2261
2358
1146
8731
213
5010
7519
393
955
4438
9525
4806
5956
6986
8723
8386
9555
5089
3415
9591
5460
3884
6140
3599
9215
552
8991
2098
1732
3251
41
4740
4179
5104
7918
1376
164
851
4079
7642
7351
6103
6925
3125
3524
9302
2106
3117
83
212
2273
193
8437
8666
3524
2783
3964
7465
7144
159
1779
4259
9694
5601
2029
752
2629
4611
1489
4177
9178
6632
6397
4659
987
3546
9819
6679
8631
6257
981
5869
4485
2455
1900
8478
2098
2087
8654
3015
7738
7930
140
7745
6144
8543
6375
2039
3203
8870
129
8760
5296
1869
5895
1478
9494
8354
4226
7046
7599
6779
9145
5641
1735
9857
8624
8141
9160
9115
7520
9029
5799
7503
195
8305
4339
2855
9546
5272
8281
2203
3616
5455
1389
3333
173
5898
1029
3623
6904
5223
3937
4911
7851
2856
6218
9873
7225
9981
2074
4940
9040
7508
8651
7618
3823
7434
343
1945
10000
6952
3213
3697
6083
6471
7951
2340
7457
5477
746
9762
9930
7723
5271
5121
4771
1152
3728
8861
9818
2238
7248
3194
1115
3169
8069
2352
8221
5913
1932
6120
1397
5333
5349
5680
9935
1147
4717
6014
5984
5229
1600
3965
4935
1131
2605
5184
962
681
4640
5637
8429
2973
7963
8793
969
6862
7078
2627
9572
84
7103
6573
9092
5165
3417
3117
822
8542
9126
1862
3208
5901
5866
823
1086
306
9576
8229
9004
383
1844
3528
8171
7459
8103
5627
3539
7985
4837
9096
7798
3934
3135
5187
6870
1551
423
699
9336
2454
5184
7786
8914
4338
2936
7498
1613
324
8608
1430
5075
8149
245
7625
9022
8669
4722
5974
4242
6719
3946
142
2466
4075
4336
9308
5016
4318
9856
4332
442
7014
8780
8940
374
7845
7512
2387
7944
1
8455
4914
9558
9841
2729
8949
6574
2024
173
6393
8922
7812
5795
3321
9198
8334
2105
6931
5951
3867
2833
1869
2276
6528
7073
8897
2260
6509
23
9069
7069
2269
1900
3480
199
3440
9879
190
3640
4406
2424
4366
8287
3700
3806
7004
2622
5676
3322
1090
1407
3548
4940
2619
9823
8254
6563
4280
1586
1188
1194
4958
9100
7647
4118
7188
4200
540
9093
3506
7840
2120
7180
7350
6642
3296
1210
1390
3783
6165
6954
2337
1175
7519
3514
4869
6708
1840
9126
3073
1965
8142
3949
6782
3846
2002
1974
1080
4776
2220
1302
1955
7923
1559
6074
1186
1710
9486
8092
4835
7521
5133
8219
8308
4769
8694
2837
7654
1357
3532
2285
298
4970
6408
7405
2200
3077
3208
2811
5353
6630
475
5484
6942
297
4434
2910
5677
2206
595
4536
3893
5073
5897
5581
3327
1283
9370
6373
8563
6500
780
1824
6183
6587
4914
6128
5215
5118
6476
9410
9520
1795
3647
444
6179
4489
2337
847
4173
9107
8624
7184
6021
3057
6337
6326
1019
7120
8089
2364
6823
2075
5794
7468
1850
7089
792
7276
2892
2689
5891
956
427
5951
346
3463
6431
8839
3704
6833
4941
516
4402
9165
4907
1869
6085
2508
4740
1131
1618
9157
2826
7615
2858
5205
1464
3054
5123
7720
9712
8722
6857
8034
8278
9840
2754
1955
2852
1343
2929
5520
6438
9412
6761
8494
2621
3634
5822
7284
5551
4388
2934
8421
9757
4841
2190
5215
1592
1656
5271
6275
9113
1996
806
8126
7835
1269
207
9039
5095
8921
6196
2123
6669
6876
7197
1856
583
4798
5286
6840
195
8965
8537
4281
6057
1217
2938
8233
648
9218
9222
6782
3756
5298
3146
9645
8220
5423
8821
904
4883
6299
4241
9322
2527
4029
3464
1088
2492
7259
1161
207
636
3219
605
4464
4879
8651
3989
4272
370
8635
5570
2387
8212
3352
7660
7140
1661
6817
683
9428
7036
7444
9646
199
3818
2014
6616
8828
7663
397
6394
3720
1222
3961
6314
3439
1708
2651
134
4784
7050
1616
4399
5940
6045
8636
7672
1483
1634
8209
72
2859
2363
7686
9011
2579
3542
7095
3299
2743
6140
4373
6614
3397
5186
6593
9984
3702
3449
7925
2424
6061
568
4508
8870
9936
1171
8548
7975
6682
1668
2079
6502
4749
5767
7805
2108
673
8976
8827
77
483
5434
9320
8291
9693
1110
6525
2725
3281
9089
6711
7345
4574
5439
1393
7701
7723
9374
3143
3330
4747
1424
8481
5002
4380
2336
4616
6253
5317
7938
9965
8751
755
49
3194
762
7007
9885
8190
1942
6695
2312
2225
1621
6535
2955
3752
18
2840
3406
9500
1098
3378
4365
9804
6323
5647
7192
8372
3571
9693
1731
6855
4514
1626
7881
3853
511
6330
4836
3486
143
5191
6052
7945
9298
5850
7125
7033
2380
3120
8735
97
5371
2777
3100
905
1137
6663
3459
4033
60
8289
2728
2428
1033
1991
6230
647
6667
6812
1342
5357
110
8853
4040
3023
4766
6423
6660
2076
1692
7333
4759
6440
630
7368
2221
9243
6824
5835
1111
2912
6242
3887
8539
2353
3662
317
7031
15
6399
9244
3763
1495
3926
7725
5468
4594
3772
1009
2779
7688
6688
1480
9296
8470
9486
6715
5048
3782
5448
5167
1907
7407
4948
4423
9694
3179
4073
4354
647
9514
5800
8406
7044
541
3469
5947
8468
6949
8855
4898
725
1378
1175
3672
7666
5005
3697
6259
7297
7378
3552
87
6093
1157
3772
987
9228
7207
1356
7732
3702
2789
6266
6441
4126
2045
7401
7644
3923
927
7129
5963
6570
8847
4439
2874
8944
2485
5818
5571
5808
4906
1725
6956
3947
7442
584
6527
5922
2251
8655
278
200
2111
6006
3164
4354
6578
2249
7375
4399
7379
8857
6345
8088
9882
4697
1617
1488
8047
3302
3513
1186
5432
4351
4451
4893
9684
9925
4172
4898
4165
9153
4597
5438
7887
6982
3032
9220
590
8714
8068
7605
5349
1271
3109
7412
918
7199
9020
4722
1835
7522
8288
6760
9678
110
6825
4145
3148
4623
1165
1493
7840
2007
6227
6049
5720
4836
130
9510
4400
4315
1235
3791
3514
1540
7876
2208
8169
3407
1376
2422
7235
4857
6900
4152
7328
8902
5654
6667
9253
6141
538
5969
5171
8511
7420
6319
4360
8908
8063
6602
5786
6624
914
3241
8547
1075
1945
3703
2190
7476
1318
85
469
4013
6238
8167
2857
7233
7601
4770
3539
7199
814
4302
2052
5115
8385
9872
7469
3858
1821
3602
5662
1272
233
5201
7859
6530
7421
1051
4561
803
2959
9281
2891
2280
4424
6479
4660
5584
8588
4604
987
8661
1011
4657
4084
8691
4015
970
9660
2628
5638
7626
7624
6075
656
3733
1449
8567
5821
7327
9652
8659
7700
9801
3346
6277
270
8732
3030
2045
2926
7420
4077
5893
5639
6056
7361
156
4402
8692
959
1263
9182
3058
441
7383
3651
3429
6624
7063
4821
9115
2054
7758
2492
8318
5030
9336
5017
6902
2753
4047
6973
4614
2928
6624
2483
2731
7810
5802
4201
7745
5274
7870
2285
7381
5480
8731
5132
5087
2756
7296
6754
1531
6802
9078
9380
9558
4572
7500
3646
9587
258
7210
9891
8316
904
4898
3600
3975
2719
2045
4777
4390
2088
9544
5627
6596
2001
9015
6066
4080
3451
5626
2495
2136
4134
5138
1274
8289
6337
3862
1350
8587
3293
417
7102
8911
8044
4364
1721
6045
8738
8725
7197
6261
2036
7634
9361
3964
6459
5595
3667
7446
8351
2284
2959
2387
3492
9823
2526
9348
4972
9217
2212
2065
4665
9769
7695
817
3462
8800
7460
4648
994
6449
7008
8333
7436
8506
3856
7076
4307
2271
997
3830
1688
6080
476
8084
4618
4955
630
2286
9405
3203
171
8803
7577
6101
5380
3965
3618
9805
3258
9106
8550
7737
5634
9244
7968
6661
2265
5711
1912
1736
1097
3368
1439
7393
7781
6536
8214
4878
8062
82
3012
2562
3786
5660
4389
1174
6444
9304
24
7676
3511
5920
5460
4284
4414
3984
2755
6285
6244
5323
6259
4367
2716
387
9248
9503
6938
4158
6483
5888
6751
5234
3804
5439
5581
7692
4366
2228
7532
8137
9687
9147
6044
5385
7681
2780
3142
8454
6391
9878
8008
921
7918
4587
6854
965
627
2828
5571
6014
3925
9135
7955
9922
266
8694
3085
2230
4259
284
6602
9749
7400
4954
4795
477
8735
4607
1641
176
3065
8814
620
5697
4939
2169
7034
7748
8871
9583
402
5322
9479
758
4052
7554
5931
1264
2294
7338
1415
4249
975
1480
7082
8674
9705
5902
9138
7566
6484
741
4368
620
5539
195
3666
2509
1551
489
2605
2188
3770
6324
1326
8311
3862
7233
7532
790
5826
5744
9938
3584
6591
4232
3433
5158
207
2059
236
3261
3138
1791
958
5151
9383
3747
6749
8321
7
3432
6413
6150
1090
8816
4049
662
9351
3790
5922
1010
9451
4455
6370
3873
5937
8902
3837
8138
3143
3209
4558
6336
5647
4669
8903
3300
3205
2815
6515
7992
24
3906
9689
1509
180
4280
7640
2151
1170
713
1457
7557
5684
8550
7336
5831
9896
8750
1322
6
8525
7489
8765
8761
9942
7262
9935
4135
9354
5253
2474
775
6598
4731
8666
6219
4983
9255
1293
6546
7569
2328
3495
32
8175
9939
6371
6525
6862
51
3662
5266
6128
2803
5163
27
4683
6486
247
7235
99
5327
9108
4170
644
1902
1998
7584
4989
111
7953
6981
6648
4022
7679
2768
1008
7748
891
7879
3793
4971
6428
5242
5640
9234
2708
7948
1297
2522
8515
2534
8201
2938
1213
3317
3205
9408
1858
2068
4236
6058
5584
2861
7675
31
8762
6328
7011
4260
2118
1344
4502
7081
1963
7685
7682
519
7110
5308
7474
4488
2525
4276
3473
2215
6570
6666
3875
3888
8090
6837
6303
7339
9897
8437
6114
465
4840
1340
6001
5184
2329
1944
2056
9651
5868
2061
4205
1279
3998
4946
8252
4155
4912
2694
2017
1388
5430
3697
4318
1635
8310
4641
5481
1306
5470
4012
2272
2268
3453
6550
4717
5783
6857
9030
9365
9259
4480
2645
4733
6265
6699
8757
8308
1823
8286
9879
9771
1412
8829
1317
9957
6730
1886
3516
8733
3681
7810
5280
5476
9392
8259
9552
393
2059
34
8684
1177
7754
2360
9193
1626
9738
5388
8792
2712
9037
2622
6986
2391
6261
8548
5294
7559
3573
2599
4374
581
3317
6715
7961
2049
3830
4232
8605
3908
6906
948
1704
7005
2420
8996
6225
4069
8925
8468
5794
8108
99
2180
455
5141
5658
5695
7802
2654
1919
458
6462
8782
9586
4461
5403
4524
4976
4989
1658
4713
2366
3228
690
2759
8165
2717
9775
2968
8815
6289
6265
4263
4548
3569
4692
658
149
3506
4164
1548
3095
6743
1021
9354
6668
5175
5531
5264
9028
3890
9125
8179
2694
1431
9621
5997
8690
4318
9815
4996
2109
4796
3993
8818
3912
1920
5554
6397
1901
2695
2450
8049
680
7453
11
5061
7401
7082
6859
1812
3955
5508
7370
3491
4286
1031
2010
3783
205
6575
1170
9934
7374
129
3957
8100
8147
7965
3819
3597
7087
2002
6540
4373
9169
836
7811
6704
5244
8858
4451
8556
4327
1283
7018
6359
8501
2591
1243
6126
917
5180
2193
5203
2318
977
7005
2853
706
5076
1851
8693
7524
3744
1656
3050
9160
8715
6338
6602
5332
6813
9312
6673
3163
7296
3262
8227
7057
7249
6735
3397
1644
2421
7156
5331
3752
5531
373
226
1361
1096
2148
1372
7455
8201
9622
7143
10000
9843
3740
5683
2280
2590
8786
3000
1663
374
3624
2439
7102
334
779
2149
3375
1514
5556
2969
1412
304
9090
6804
5578
1918
5352
8248
4005
9984
3959
3394
995
6524
7555
2863
9332
7978
3541
2484
4549
6097
6450
3911
4225
4699
1141
5045
5925
7172
3396
6246
8807
5154
2597
6911
2658
4111
8010
7777
1017
4439
4781
7210
7245
9676
7411
8746
1217
9292
8680
7010
9589
1535
6341
2737
3305
8470
6636
883
1959
4904
2515
2053
7510
2300
2973
1475
2975
6148
2524
2532
7039
9565
622
7832
1244
1344
5545
1083
298
5031
208
8197
2053
9027
7984
1836
4934
7549
2713
5917
6355
572
4851
3086
2460
3144
8133
6948
5676
5352
353
5098
6373
2978
8539
8860
2648
3981
3550
364
8708
5858
886
8282
1826
3868
4177
709
8626
5522
8376
4643
7842
2190
4917
1829
1990
1816
8101
7143
267
8367
2533
2048
7501
2736
968
2050
501
8143
3422
6526
9002
4515
5791
9254
2391
5743
2693
5296
286
1634
4389
6841
3353
1816
4264
2176
5883
9660
5400
5600
5688
9929
3156
7477
3448
6300
3959
2835
1961
4026
4490
9507
9778
1700
160
5891
8287
8471
3988
3535
6699
3042
5666
1614
7210
5873
6564
4441
3232
3565
9498
5399
2948
5727
9633
3049
5906
5445
1917
4767
5457
4236
2169
6042
8115
7017
2266
5812
5447
9870
5367
9477
8692
788
8471
4305
2315
1720
5005
6637
8007
6832
6274
4652
9330
7614
3587
536
6020
1714
2229
7135
1610
9823
4998
1313
5266
2359
3363
3651
3252
8641
4313
6056
7619
8052
814
9685
8242
7213
3885
8481
3663
9732
2011
1103
8212
8038
9083
1321
9428
5039
4262
8842
7311
5949
6603
4214
944
5569
9426
8949
5179
8322
6950
1506
1326
4562
6440
7132
9085
2773
9737
6088
8161
7948
934
4513
5658
4523
7960
6598
829
4037
2384
3026
685
838
1273
6143
7174
7646
7131
4487
6524
1509
8281
4878
5291
8200
9672
5651
1985
7144
8989
2782
4898
4286
6625
9849
534
3788
5502
2258
2063
2816
8560
9230
375
3292
9353
6918
7407
3589
5236
5104
2791
7390
7683
9290
3130
8896
8699
9990
8511
3531
9626
1582
753
4001
5788
6682
1694
4815
9533
4215
400
6809
2636
9593
5700
7840
9499
8492
9194
6021
1868
1311
6365
590
4591
3864
4377
7616
9207
6839
9924
651
5434
6074
4173
7492
5197
2841
7208
7515
6777
9684
6776
3167
6124
2929
4626
4594
1967
1692
4088
8945
4888
3971
3193
5636
1522
992
2868
7264
1815
6655
8346
6029
3803
6132
3343
6994
2744
7019
9983
4543
2872
1622
965
4577
2614
2750
993
6168
8991
8818
7290
1017
3682
4781
8841
3084
9901
5804
2887
785
6598
8860
8566
2916
6196
2335
9896
408
2964
6990
8334
4050
7643
2123
5618
7839
4137
8526
5654
2699
276
8215
9047
4289
4514
7350
3896
4164
8288
7484
3343
9667
3578
8922
6263
2140
4017
8510
4493
1329
8410
9051
1779
7037
7617
2011
6314
5416
2158
3143
3383
9585
6621
8646
6196
3625
4396
958
4900
9384
5701
6587
8310
4762
1429
7906
4157
4554
8251
3813
760
4702
8393
5230
9597
1095
5899
4020
5973
9900
7425
3763
6230
3661
8453
8577
4247
7157
3371
6867
2620
4701
3001
4398
9238
2867
9578
7252
8913
8693
5833
6935
8822
5713
530
7638
2868
2805
9599
1175
4794
28
4299
4943
5707
9625
8719
3937
8076
28
9398
8776
9808
1197
5103
4316
3894
5141
7052
5257
9263
5964
4868
8912
899
5489
5572
1059
4520
2575
8062
2468
3856
2451
676
4426
4262
4579
7071
6653
5890
9802
5300
4982
8473
732
5535
9356
7312
7138
2388
5148
9673
2868
5727
3842
7532
2052
7625
99
1663
8717
7884
987
6361
2305
9387
2274
9735
9447
7308
6804
9002
6663
7755
5352
8130
1509
9731
3118
8834
7863
1041
5651
5722
7811
6493
412
9143
5294
2856
7983
7127
4896
7276
4205
3404
5801
8783
2767
4950
4001
9115
7043
1151
9152
7217
1875
7971
9428
4
5702
1382
1420
8695
9597
8853
5832
9019
6063
9047
1059
3881
5777
7632
280
1273
6695
839
8256
2416
5038
5256
4433
3085
8372
5830
7673
4187
2948
4901
1815
7205
7554
1163
3602
5970
3575
6004
5313
7700
514
1599
3310
9395
557
1664
6564
8466
5735
2607
3991
998
5193
2101
3482
8611
4895
1923
9804
8294
3087
9237
9842
1395
8339
3668
6936
4313
2770
4514
3845
9888
7490
6276
4117
9418
8483
430
7736
1351
9427
2492
9216
7492
3981
6281
5070
7484
3374
556
465
6567
9645
4055
4085
7590
280
633
5509
8978
3811
4751
1876
352
9682
1589
2415
184
1684
7335
6691
3420
3783
6542
1292
8860
4462
3063
399
4260
2528
8343
1668
6703
569
9178
8668
8371
4449
4918
3801
8892
6317
4715
2481
2646
769
3851
3193
6391
8498
9684
449
2300
1890
5002
8210
6479
1944
6894
4810
4710
1259
6217
500
7062
6514
9078
2301
390
4391
3575
51
4073
5870
9056
8832
5008
1151
6596
3186
7073
2570
5520
6406
4719
9029
6081
290
7221
5545
2067
38
8732
9754
6347
159
770
4728
8457
6386
1069
2382
2050
4934
8199
3814
5676
7669
865
2989
1624
4801
5280
4137
5826
1511
120
4331
9679
6657
3680
8061
9350
8601
2705
2080
7172
3301
5714
9386
6040
297
4754
3700
7722
2580
7602
8851
6151
2647
3891
5790
2498
1996
448
9475
9690
9516
6822
6446
6066
9767
927
1126
1292
1309
5916
7804
1453
4135
5843
9848
5215
4371
9606
1763
8662
8004
6189
6810
6745
9994
4494
1214
8557
5025
6953
7961
4932
2655
9441
9628
6002
8625
3292
3160
5474
8347
3125
8413
9882
5938
4010
8631
4604
7109
3331
4824
8664
1509
4276
6572
345
6149
9042
8501
355
1508
4203
4437
4823
4037
1686
4175
242
5435
6241
2181
1840
87
1594
7823
3227
9350
5319
302
6569
5131
6724
7244
1356
5736
1869
2749
9419
6696
5591
7829
2366
3867
3614
3105
1652
4640
3660
4015
361
4778
7809
8729
366
2013
4278
7044
1377
9697
2105
1638
1773
1988
1741
2253
188
5680
4673
8221
9599
3785
7854
2910
5160
2482
7585
1459
8938
517
9901
8090
6546
7564
1749
3416
9938
2608
365
3245
1325
7834
3042
3148
1673
3208
3500
6121
4472
1752
3088
2241
268
3391
1282
6275
4193
7347
7293
3269
9101
915
3970
9211
19
654
201
1451
843
5130
1568
8714
9594
4642
6092
9041
4675
6919
2433
4140
1138
7673
8579
6213
8676
2739
4331
2835
2942
9631
5403
7332
4370
5936
7622
5556
6851
9966
8702
1599
7290
1707
2615
9018
4583
8336
6951
2344
7467
513
7785
6542
7324
8335
4386
5391
8184
3182
8739
8887
8519
562
3108
8197
6774
7635
4110
3290
2011
6924
3475
6670
2736
3451
1301
4906
7184
8218
8792
102
1925
9976
3452
9343
255
8216
6973
5360
2358
9228
9952
6617
3002
8912
2057
8445
3714
9994
8912
2836
8730
6202
4958
8907
3878
9353
6347
8812
1733
8435
7961
5307
8479
9623
4962
4741
897
7147
7257
5363
8910
4892
3742
7139
1059
9420
5326
4679
3478
4747
7085
7655
4186
248
3939
9460
9001
6503
7582
2611
3247
3519
2316
6713
8118
3867
2672
7945
386
939
4290
9036
1095
8762
5198
9598
2311
5037
5395
6602
1769
9102
2642
8626
2296
5578
7075
4932
3020
8364
5287
5701
779
8417
6313
9166
3311
9867
3213
7091
12
5922
4975
7912
7731
9523
772
1159
4383
3057
4065
7797
2033
4650
8772
2727
2714
1739
2067
9933
9158
6861
3453
1752
419
2439
1175
9956
1551
4894
1600
587
2006
5706
4177
8493
4675
5174
2837
7081
2874
844
8839
3521
9125
2108
6809
6839
8145
7247
8540
1292
4565
2790
2259
6771
9046
9516
6933
85
4583
6370
7707
4725
9966
6234
6024
2352
1948
4650
7852
8587
3970
8093
3043
4542
3644
4478
8674
6173
2214
9656
2519
9694
9025
9641
1260
9440
6194
7863
6329
8110
5236
3009
5588
8038
7592
9053
8450
1528
4790
5777
5912
9815
2948
2914
4984
4950
8436
6217
4330
7118
1017
8684
2349
129
1511
6164
3181
9724
462
6379
6151
2749
7113
2030
8017
8398
7282
3254
7172
659
2951
3444
5448
8684
9157
7325
1611
8705
3818
4234
9180
6047
7742
1369
4784
7721
7297
7100
2614
6451
390
3036
4802
2475
9623
7200
7691
6509
8525
9726
180
8194
4149
4800
9178
6567
8818
8396
954
5438
4133
4238
6522
2759
7121
132
689
4625
14
9288
1803
9117
1491
9286
8063
9184
9857
8015
1668
5047
6559
9741
6976
38
3936
4275
6554
636
6109
196
7467
3763
8187
7319
3461
3265
561
9266
9135
6300
137
9515
8525
7066
5324
9705
9363
1093
7737
9082
3568
6769
1752
8264
4770
7968
1752
7173
8249
1998
6116
363
79
3913
999
4999
5283
354
3864
8841
2330
1354
559
7982
3032
1399
5094
1493
9974
2029
3552
8932
3131
7371
5584
8400
6574
5914
4220
4361
1728
253
6705
4461
2823
9758
6278
8069
6537
1095
95
1812
9460
8024
3743
9645
246
5666
717
2124
3547
8409
7773
6010
8710
9356
8937
6824
6021
7405
9004
6086
4188
9058
7671
2050
643
9336
1243
4437
3218
4740
5912
4333
9041
5584
1911
7707
4548
9040
6571
3933
5197
6572
4229
5361
9206
6252
1228
1258
2475
1148
3003
5500
6322
2560
181
1495
303
9221
9915
8686
699
7861
6591
6988
6949
5670
2388
8956
2525
5894
4017
3588
3909
7395
3634
3973
8557
4971
7821
6841
9077
995
9205
3318
957
3186
1703
7406
5926
6424
680
71
7278
3839
1922
2961
101
9665
8992
4683
9792
4800
8799
6855
9033
1608
5238
5503
3529
5230
4657
3990
6371
2002
7418
6668
2331
7604
6787
3131
4880
5528
3067
3354
7225
7100
4126
451
6658
2441
4706
2695
5839
3077
5253
205
9495
7065
6877
7264
4970
6235
2846
9155
3329
1755
8280
643
5821
3184
4230
3714
475
7266
2499
2351
5268
3321
7677
8647
664
853
2898
5747
9403
4282
9463
8927
2145
1929
2356
2542
2609
8541
7882
8462
4014
1720
5741
5531
5573
5869
5056
3684
2466
8165
8407
4333
8738
5565
6098
2817
5800
6681
2982
9233
6984
1662
9012
7572
7605
4148
7174
9184
5887
6826
2753
1842
5486
104
7313
467
4464
4337
8252
7080
7567
7199
5692
8074
7194
5413
3832
3278
4201
2785
7418
781
2293
7373
7405
418
3105
1818
3439
6518
8419
4757
5069
5436
4493
3772
5901
1009
527
8388
1981
496
6129
5250
1307
4292
8396
9810
9729
2550
7245
1485
4202
4058
700
7695
3902
62
313
8717
3173
8775
1602
3126
5637
9656
4871
8210
780
9581
7136
7545
5554
7571
7708
1619
3773
9536
44
2514
8580
3100
4367
553
2067
5449
673
9971
7185
7735
7782
5712
5892
4896
1477
8425
5864
1208
2068
6580
1981
3559
1181
7452
5914
8512
3073
852
3314
7507
1190
9263
8318
8949
1577
6652
4154
9351
2916
7866
8304
6237
9766
4216
7090
5037
2705
9958
7988
2323
3489
3583
2530
9865
7864
7769
3040
1312
7051
863
7120
7389
1607
6738
3672
1330
5929
1170
6106
229
2202
6904
9872
1066
5393
4583
2682
8281
5662
3980
3682
2020
378
5583
214
7011
1337
4951
2218
7285
3108
1011
3320
3200
3089
2687
1598
6273
5584
4296
9987
8607
8488
8632
3063
1312
9257
5839
5151
9139
780
8651
2173
4091
4110
5533
821
4523
5762
7944
9864
3077
4987
8284
3258
1640
5598
5428
2703
3154
3048
9220
8693
2224
5615
931
7219
4825
1111
7835
6941
9999
2704
954
6234
6626
6658
7807
8224
5156
8168
8281
8118
8483
3155
9515
4915
7606
2739
7664
8487
5873
4922
2184
9273
6065
2133
2888
8352
1038
3767
2622
1556
3371
8942
7748
4116
1536
977
1367
8975
4554
8909
7361
7951
1989
4721
5219
4953
1818
9180
4640
9395
3190
5773
9168
3135
8089
2803
5133
2969
9776
7748
2407
5238
4690
1195
5040
6119
4202
7599
9776
1509
8137
945
9885
5434
2580
6588
2395
8335
5792
1251
1715
2440
4058
1581
4438
3095
642
1391
8648
2741
3937
6649
1910
2702
4194
5032
819
6161
6834
1440
8196
5785
2895
4381
4159
1679
8588
273
5588
1314
2546
8788
8780
5403
4760
5532
5341
3568
3250
6570
3738
4172
2487
6709
1813
2837
3909
8619
7751
6446
6180
9221
6798
3831
9864
5163
7781
833
1471
4753
5024
7226
3072
3215
7617
4293
3384
940
9524
9528
6990
6302
2465
4222
6853
3485
2160
8980
8653
2630
5559
447
6188
7128
1299
7112
575
6685
2458
8835
5513
1153
6135
7379
7796
5048
8179
821
7338
5043
7092
9089
9166
1414
4504
7110
3206
7483
9522
2467
8714
156
8637
2103
7841
6810
9013
1629
5884
9266
428
3213
4254
3756
3623
5949
7036
628
6078
6815
9268
8397
752
9584
8215
9248
1047
7801
7648
423
6033
7494
6518
5473
6049
5193
2375
8786
9110
6571
8515
6591
6897
1913
7344
929
1106
5677
9395
2085
3613
887
9704
765
5833
6718
8771
4080
1556
3624
7422
6260
8396
6201
4552
5232
8997
9644
4430
366
332
8391
1569
3076
7543
9538
2556
4696
9667
4367
6300
3132
7883
2879
2801
5225
7625
802
598
4268
9917
6695
4877
3300
5563
4829
9875
597
1952
2020
6599
4901
1153
3127
112
4622
1282
4976
1784
7652
709
6245
6529
8539
378
3695
1153
9372
7550
1829
3565
1386
4882
8852
7804
3470
7419
6663
4068
2643
6553
963
8179
3881
8005
667
5304
3126
6444
9145
936
537
1984
3269
6508
9638
6355
3187
2714
213
2909
2252
9891
8972
6218
2245
2284
1866
6240
584
9187
323
5490
2519
2485
3523
8004
1012
8354
5859
5949
1269
6454
5633
4619
8505
1834
7548
6169
6778
86
1980
3923
5121
4672
98
1510
4287
327
5637
8390
4263
2207
4071
2778
1614
7123
9069
9884
3243
198
7563
5098
8551
6275
7248
9587
4955
4054
3370
7884
3576
3072
8513
858
7575
9535
2033
7873
4039
9404
2531
2415
9300
7859
1466
8018
8348
9030
6283
7221
7621
5120
1444
1733
504
1406
1863
5091
4516
6620
1322
4597
4659
9252
6356
6349
8370
7590
870
3907
9104
3565
7963
2100
2821
3307
9869
2325
1787
4216
7343
205
3773
1903
9013
9417
6253
5652
9552
3776
547
1451
2557
6032
2528
4483
3900
8712
7866
2675
4369
2931
9233
6750
6336
9801
901
6340
3321
843
1963
3869
7202
2571
1363
2701
7867
1225
4727
7366
597
3648
1525
442
4959
4738
5609
7243
3607
9935
1777
3350
4230
6144
8697
5690
9029
502
4031
5582
5072
7682
2567
3605
2448
6762
7062
1664
6886
6288
1626
5051
1543
3222
7676
1618
884
6717
9621
6596
859
9433
737
6524
5552
1799
2179
5468
5453
2217
1828
5692
8017
5088
7113
4341
2868
8281
1199
8011
6892
938
6129
7098
5305
3954
3845
9632
8609
9305
8481
9883
2864
5314
6505
7246
3956
2036
1638
7677
8647
469
8179
4203
2564
4258
4459
2823
9399
7938
1882
103
9059
9368
954
1167
3109
1425
8846
2430
1122
9841
8911
1260
9826
1639
7889
7654
8864
1635
2384
1969
2819
7729
7641
6985
6532
153
7738
4012
9857
6206
845
1420
6757
3882
6357
2829
31
3358
2123
4425
5220
4107
1923
4406
5605
4737
4126
3722
6273
3922
5525
2656
5410
4936
1298
2196
333
1622
9781
3654
4604
6543
2976
9936
5969
672
5591
9517
7357
5521
7737
3290
125
7937
8984
2872
4970
6757
6976
6205
7597
5455
5325
184
2014
7005
6556
2395
1665
6311
7095
8504
4441
1309
2083
5165
8768
5398
7734
3404
7479
7386
355
8849
3899
7639
9014
5435
1913
621
4762
3630
6923
6127
8516
2418
2707
8193
2449
208
1026
2624
9862
2370
3290
5503
7815
9538
1029
2112
7070
5588
7155
6463
7012
7877
4508
926
7015
535
3440
1004
2962
3907
7859
3629
8274
9598
1717
4184
5602
6086
5938
692
4821
1771
4631
8618
6186
4715
30
1954
5681
4698
3276
5229
5858
4698
8237
5926
6567
2384
5520
3309
9263
4704
6286
3179
5671
5422
9678
2869
7978
3720
1763
244
9111
4207
3932
9404
3430
5143
4966
5239
1132
2849
6339
607
8742
6952
5801
6771
9167
7020
2136
6276
2717
1769
6562
3727
8309
7563
4239
5101
9099
3252
2892
8897
7400
7367
5685
4774
3791
1140
3007
6895
3951
8158
5352
6662
3599
8986
6792
4337
7887
8944
7931
7927
4085
5985
5385
1319
6562
691
6869
5040
1425
8578
8012
2579
7327
6164
925
7006
4112
4056
4384
8667
6277
4082
4653
3637
2946
5240
6043
7085
8469
2992
2477
1131
9988
8070
341
6181
7675
4509
7278
3355
1558
6693
1431
8915
7286
7922
2389
9692
7723
4701
2752
8753
5794
6410
7613
5341
5827
8188
4045
5631
6183
8779
6196
489
9838
7134
6653
821
878
7864
5531
8012
152
4963
7385
5387
6947
1931
6032
5717
4827
8754
725
182
1845
7665
6167
8244
8374
174
2210
6407
7509
2460
9204
258
5228
8371
119
933
5514
3032
9997
1764
0
0
0
0
0
0
0
0
0
0
0
0
0
0
0
0
0
0
0
0
0
0
0
0
0
0
0
0
0
0
0
0
0
0
0
0
0
0
0
0
0
0
0
0
0
0
0
0
0
0
0
0
0
0
0
0
0
0
0
0
0
0
0
0
0
0
0
0
0
