10000 1000
209026
228209
253615
405261
427855
741248
780496
932086
951253
978373
888
55460
135373
266605
326163
554430
579873
608204
725672
726938
112240
160372
343338
461006
471265
579534
623130
771223
843923
882266
890068
893491
8908
101662
128894
449385
651587
703827
735266
903344
911671
952873
117147
134051
349415
436539
458659
714808
806838
813947
848559
891900
26214
196077
214313
342449
354519
394131
628511
737398
822808
23201
43359
95175
143186
199481
284160
286218
374923
641653
702712
756645
898007
984683
182695
285733
392601
757326
801602
809432
71355
87675
203930
419481
588150
774699
947064
965987
987941
988363
72260
100805
105546
231931
339748
348223
500149
502345
785678
841069
88646
146209
223479
399023
472448
548155
774587
776632
852117
885633
28561
140828
225360
288640
343018
450469
463517
593269
713044
920138
125442
130540
358276
360556
369534
402927
475534
537473
808832
892815
40513
201817
284201
525579
531106
544975
796691
821394
843608
852852
898561
903535
53762
67464
71797
78904
173134
184279
282516
500259
545719
596767
652334
716724
810271
824393
896890
109140
521232
583443
627332
712308
716586
794412
855348
905819
144283
185208
274032
274820
343321
505498
592823
641036
727502
788616
895492
246
4231
609417
637375
656596
665296
739701
833696
858644
873206
966519
94808
501312
568581
750303
861930
966803
14637
95804
107627
147289
183982
205520
326855
334546
368656
414500
575243
677313
734007
842629
24873
520636
721172
933196
971105
7274
242554
283785
363629
499906
530913
567631
781293
809106
99457
160982
181085
303143
357788
435972
504649
516207
557308
769215
905356
928767
34761
74070
170072
193175
288321
328752
374869
559061
620735
665162
878394
891208
26245
177162
431883
483296
665823
877246
82900
89962
182862
243689
255028
283744
374351
404528
706218
756889
871266
936533
971625
111726
220412
222405
414348
593510
609648
705282
713372
774668
906223
949420
48032
172054
435381
566255
721683
742808
801376
847275
903800
4469
113829
219321
241248
291780
366406
415013
460334
489956
510131
548249
625664
774569
949083
109337
159943
184352
189297
231952
240157
268384
375533
454658
601702
621213
713610
777266
842756
927987
976460
998171
154491
327339
405215
509634
540608
591761
834158
842949
903047
24171
156640
275315
300331
382428
755074
832513
900471
951723
477435
580308
613221
637618
642544
683451
714760
851797
45820
466037
479584
511209
699866
954627
113927
146985
190835
286383
441284
517153
574453
654319
736895
327604
389883
411527
740868
757286
790819
849677
996895
18975
51957
170194
559023
682102
689805
868685
920195
37754
135344
233520
261363
273752
457380
651150
689405
16153
29308
35933
92167
103101
415481
550843
711693
744515
788642
801055
814417
851592
3568
99395
99538
194817
281539
319004
370994
411772
455192
540938
590721
601570
801121
807522
24060
106007
193243
255850
387698
526535
862618
990681
116423
167810
171128
220463
324679
324903
487844
490787
922738
135784
162291
188308
493333
510260
632018
759819
812546
882412
43524
68196
189257
354734
546097
642252
841057
850032
902886
905931
139042
359058
428152
511819
567147
707428
818157
851772
881428
58831
61425
192875
484935
536441
716160
775257
21909
145387
147480
192759
257446
362993
386144
600774
650583
675468
812858
950447
236424
341592
458945
608799
611161
890511
907307
915701
138828
208037
220250
230819
251451
672674
725924
746244
798598
836763
68236
174888
207667
238904
257053
306793
347214
390597
517329
566223
833787
51451
98094
136544
148992
246871
285643
572893
601798
622526
706112
93377
198042
205806
221587
274959
315989
370298
759277
23616
72571
205651
313721
343244
422101
479124
522300
522600
595841
969837
68229
105167
119903
133422
139195
146190
176285
351927
448568
610665
694096
806137
954565
990363
230491
550361
569706
570261
595286
769124
793077
343983
382450
400248
427791
676392
268
25657
176941
203425
432437
440330
476254
537266
598264
784601
944161
966789
157932
158759
217060
436940
492619
535604
643167
667037
694924
801043
847476
852156
955166
75348
154697
172733
323456
328220
397774
412514
443957
488673
670465
805777
936247
290
108137
137220
175207
209718
293560
561158
637453
646055
673385
924282
78914
82243
87746
130531
161583
478175
484178
520550
820086
876035
29030
38569
140619
221314
246920
296017
368730
570839
580108
586463
614768
639735
683525
714037
731012
817372
921928
29649
142490
268598
279660
280276
300513
323071
452033
509106
775774
61381
67573
90068
265238
265829
482266
487624
582139
617705
761259
849355
916575
943365
174198
261526
269496
280631
310090
355070
413234
490495
752396
778047
899728
998469
5801
279840
353232
353466
565211
654361
780877
832344
846304
874920
883127
80891
97551
239837
397560
585035
679166
822351
11321
73975
111815
223716
250042
440460
588372
641412
671040
887568
921519
120041
157468
303574
399029
432177
445158
484271
520841
705098
714586
714881
784025
838272
927726
93301
384630
387825
462384
517843
528442
594432
705103
717805
774963
116280
220104
560748
586815
670643
868582
874701
998755
11202
29380
84506
90988
141506
145367
169888
282636
385363
625110
679595
736561
821715
854628
28759
58381
83508
144317
183290
195763
227168
497923
506802
597580
706915
987973
41592
101167
148116
253544
411761
529802
666643
712089
714765
830249
89751
381212
635965
737509
821896
4059
21240
162145
189956
229543
247798
442848
461965
533876
538883
755848
801747
978575
86947
237899
280329
441485
443021
484735
628021
638812
672489
693243
732420
820319
875904
878146
932382
84240
171717
257963
269435
609227
753795
831961
100431
202482
360655
435114
510601
527867
23834
67073
113755
153371
328562
578081
592621
596929
657663
22982
88381
332752
382021
790403
6824
34336
39318
45601
138747
230796
266843
357573
436325
495263
568445
691845
700120
711945
715300
823152
861817
987627
67555
106878
403498
484478
545725
561661
700842
810185
814596
846876
884634
897583
95349
187639
289728
782544
977433
153179
164903
228720
229597
342561
583892
586785
671582
723709
891377
951495
356801
367010
382798
523470
589584
648280
825807
1309
25020
26597
227562
337711
511546
548616
554100
555692
614999
757967
825475
906568
983459
48592
90694
119275
212904
482140
609839
629844
687565
877537
907076
916887
928416
985840
33139
69305
87076
259023
348271
354580
484979
816267
818092
828701
912983
952572
87161
102296
135690
147357
152588
161699
409779
435001
482931
524053
699987
700304
822827
837477
840978
928859
58013
63906
134672
197659
238244
304708
322841
386131
532717
566941
637198
870624
951291
953007
29898
127063
810530
857630
165280
234379
407127
719415
834247
896222
927759
962004
974337
59656
404071
485087
714208
716528
998120
55742
138914
180698
581848
598381
605182
649353
906440
943456
967433
969284
378028
637990
694433
817744
868245
909220
911580
959524
16345
30116
210923
278031
296711
351806
467095
473213
474596
571111
607801
644233
704919
910986
980688
197545
249204
268858
298589
448812
509814
537231
805354
819303
951878
134685
307170
360156
499735
502349
505388
523997
662217
708429
810386
898949
948615
958806
21259
128128
157408
166368
314315
333283
453910
519166
571298
612054
743177
837579
874577
217
51558
94152
145782
332320
421712
456527
473534
540402
578772
588349
630710
750290
832636
907805
934545
572559
585900
749620
753588
807987
814233
996044
111759
123176
266623
360607
561791
848647
50422
75918
84495
217754
248314
377281
711023
752753
10332
61989
287107
325826
399950
453061
523114
610901
624928
658574
659339
696688
767531
772529
899281
18798
108179
626321
840202
986884
991080
137381
160733
351760
401965
610973
766871
884361
972359
2049
59028
214363
463851
469814
548037
616494
635658
963262
270148
353920
420168
444095
651878
679575
927627
993787
18606
34868
49709
101442
149137
322708
458077
520613
634150
6313
74355
97460
108901
313304
347239
393029
428390
548014
582272
96000
154829
167390
207730
322210
741174
769418
832342
975506
992453
96605
226982
394987
428355
433032
474757
484425
493785
570698
606652
624326
636983
663818
755638
891250
38459
72207
193931
217929
221784
303324
415516
453127
508103
528613
571057
736925
856568
928605
974959
7938
119942
365696
418126
557136
613591
649220
871139
7419
110861
140183
142669
255729
381370
384796
424367
458542
552872
617122
695133
887520
893510
919389
957897
994374
998009
240791
355695
444280
465812
590575
802297
979886
80140
104792
118185
227803
234011
400146
579108
605001
862566
891280
112409
113622
242300
376606
404338
454906
480616
549661
670290
688151
714695
933300
196504
279301
295867
490507
567355
585571
980145
22902
72637
119699
528890
549783
664323
752672
783738
893708
12204
27563
150155
343776
456730
522365
686670
859928
101082
107212
112043
149063
186283
565972
657699
993998
14396
46737
615564
701664
719083
873119
895987
145201
156066
246298
301460
344556
375668
410461
541560
544553
600873
690153
788905
798962
913106
913285
86367
218828
541108
648423
690573
701710
911102
962591
8238
125503
163181
375744
381445
433587
473689
555775
853625
880338
123494
275101
392663
452599
537189
625331
715006
777957
27979
158710
186729
279864
341895
402692
434081
446769
469292
669085
862923
907405
938624
956058
103958
151291
169468
279016
326023
328400
374519
514072
586773
873201
86078
238595
278715
441059
452585
469395
471738
563133
29280
34707
44005
149878
243308
400218
471510
519751
569990
769236
108041
205405
379798
456851
464379
492777
759942
847772
879805
900662
993752
25431
72967
128122
167491
271621
440711
445210
598024
660045
861746
102467
157493
263271
401679
426705
576171
664981
697341
707866
884852
909595
20883
48662
134576
235448
255177
428003
440822
464953
752498
765930
829207
62048
115127
340439
374268
614948
123502
225604
278702
348012
671817
755471
873682
902416
7654
94030
193251
327051
328418
348754
499998
532901
551597
723826
955423
161053
284139
292937
592156
608705
737192
928396
985364
15853
266826
413663
770793
843335
865527
978825
279816
427690
607112
684479
727879
730739
788689
45971
95924
271347
278704
518967
526501
600635
704812
715755
715924
146996
149869
200795
390705
417878
653107
729646
15691
89082
106522
207219
472545
557008
636293
827365
889387
903055
81781
174014
214031
297459
327024
391417
401583
745630
903621
983195
65058
101106
162068
167219
314070
749061
867131
48723
191816
574932
758223
894666
16743
36273
37393
116705
157669
207195
269026
273174
646058
839489
847896
903828
926800
958714
976433
986982
999616
120693
211791
212734
221778
283059
470507
959383
995453
63321
64705
179389
249275
493437
724170
896678
14945
320967
482228
485895
618299
639258
659752
664067
695974
750073
70551
145817
255341
285057
369836
480325
521562
575382
875389
936408
947410
948818
69310
150920
306337
322348
326128
504527
668669
707433
727712
920737
958833
143080
244767
293266
390035
545714
570304
653942
883154
966791
117320
288378
295088
592678
873698
34551
154871
312773
602919
651490
791858
976543
262520
268274
497662
635147
710177
729248
876694
35411
130677
171910
361564
373822
392304
402848
480388
524328
531911
579676
625135
709734
928990
944990
160450
279019
301649
348713
357053
753924
880519
895118
958913
57559
101186
121826
142876
193525
294302
303551
325060
325214
339751
650111
699681
714151
719735
843444
858034
941768
981392
134064
161363
235666
324110
329758
354650
389539
947
23067
86698
131575
155553
278718
289773
381721
520603
531052
954762
89699
266379
376104
400740
565289
638401
663840
706399
784812
799751
842519
107651
291879
293765
809243
825833
861753
894929
762
23934
60237
220875
278672
286076
526356
556805
617131
728284
824145
48074
49562
109319
109946
194853
235257
633501
639759
844165
866120
890659
916290
944468
947096
964100
399066
474383
553740
554476
688316
869744
900280
935617
19339
143627
433315
500943
716998
753488
760126
801382
917064
923451
958960
57537
173706
185766
312913
415713
468648
515505
709836
748767
769456
824012
145172
259477
428938
938369
957459
997245
45355
360472
532394
548477
722989
913838
921064
974496
39957
49983
506230
518935
546886
562246
737557
901613
113336
227523
420710
442688
480311
689149
788634
891748
34821
81104
122827
225997
254265
344409
366048
388239
419340
426740
446734
489754
600310
745284
770807
796170
807265
863581
922786
69408
176128
216851
233797
277139
310922
585137
635908
797815
850456
29996
183052
185316
225930
289718
290334
369438
410478
417311
475564
751923
820943
917856
942799
119048
175648
291998
415193
446396
601282
954673
44062
59694
146868
243305
251740
444537
445485
493887
321439
353171
407705
563900
804304
808122
877980
979383
56411
67872
92987
350293
514242
547807
862458
956292
78197
149141
176363
297612
337029
337743
485724
506495
558010
668955
927208
962403
166183
192779
229812
373605
406531
552429
658405
736328
772460
779030
862747
881603
160836
162154
254201
356242
410439
573323
711264
731352
846950
923859
975116
995075
90385
112321
161519
205955
299555
374267
457171
476574
565509
779634
874570
877294
969879
106662
152147
287547
323153
339989
358826
577813
617455
630161
676369
833408
834397
250274
257916
445301
577038
591274
648395
708530
710213
804295
951914
972236
159980
265009
481131
505729
674561
45803
398677
663306
666153
696182
759591
840948
883455
941136
248567
287835
334610
501201
846632
46850
107443
132589
264259
302706
316027
362529
488954
818763
887969
17208
99004
105921
186132
189716
205079
253659
424556
572583
583443
638556
647151
683918
777017
841625
969434
51228
153505
160047
199970
225669
284655
387876
411969
465893
602187
668745
719729
933355
21741
209078
308512
358067
607117
639705
653494
746225
771907
886555
20820
24631
43206
69190
118733
142518
143266
264190
293192
381558
402898
759890
815328
885391
897390
95576
119989
224223
250304
379541
404274
410496
493897
666923
731685
841556
868479
889026
946721
963234
50581
79298
134146
402637
476656
745347
766618
806262
113277
208884
401718
504156
549124
598688
670309
844818
894990
929829
106387
174852
184104
571486
630870
820576
842495
313830
889342
998123
16874
88300
301330
382278
385536
485024
522369
579382
601771
611591
641916
731871
833124
119326
314486
599693
623503
671331
876742
969009
255483
314381
409184
426779
478278
642861
665702
704406
784365
912785
967686
4377
94597
243076
247702
255648
427936
610429
752390
813005
879021
918742
998274
58062
373954
404339
601599
619913
682522
791397
867501
82900
156928
472622
506638
601112
656941
699973
731100
977946
58534
120243
202245
271979
372625
443000
545278
806736
48725
242955
420565
565604
626425
686776
822491
826905
988709
120986
162266
233381
284757
293579
324843
371443
435784
518766
603887
684282
717022
765059
816506
985317
42937
49611
73849
195217
299309
626555
641639
661722
875129
897868
932166
952213
78294
93990
186686
259553
322104
379926
512783
675483
843911
16792
33372
42290
499538
540839
646198
669851
717914
913476
130649
140962
308010
816337
949599
61258
120426
393777
526490
691199
810087
978497
17836
261995
336114
337972
386008
492252
609337
723458
858895
940017
959291
15690
227304
766284
910720
37399
123889
547589
731231
978524
31190
44550
117762
129259
137439
138516
150376
463647
569399
754985
804724
862584
16448
73587
115995
244204
576969
858123
912272
985081
22531
49022
87189
253497
268448
336216
389962
454032
477464
481120
736918
755730
766278
916843
24146
152051
282945
718356
776769
811054
100314
118481
224694
254972
344525
397943
445592
753081
769428
818640
842689
975115
185912
637279
643864
649787
33174
120385
148585
332044
797176
885559
936401
950663
28971
44477
208091
246946
401746
406289
609739
641292
673986
247312
368068
389493
473451
541642
677116
763110
807636
923703
979686
14728
147008
147761
216139
272950
362927
394770
519865
580908
643354
789502
911629
996114
372054
743300
14709
48537
175831
216478
223721
320645
329232
391811
536720
644193
709567
763044
890141
174479
258812
385693
482577
483256
498847
764950
766493
889692
923267
927406
7829
49445
97091
138195
293121
343912
485468
516030
591530
786877
879251
951911
969024
109414
164671
220203
277131
387213
389011
408758
570514
778690
917933
977029
129803
374196
514100
570529
638081
88081
134744
248815
415048
475528
514744
637111
858292
866502
882385
80056
276030
338361
398645
430803
630135
683943
699505
765533
805887
932598
935423
19660
24228
44339
83297
273635
276818
355540
608243
840800
901411
914574
42488
76748
138347
235794
413101
503926
767976
933418
58875
291158
355497
371415
390248
430652
558309
764377
803625
92265
132644
138058
278264
292165
524570
557003
590303
941479
976827
32562
78988
91365
421130
476203
509339
523918
548747
690922
761914
765460
777109
798694
865687
871417
901651
997957
50142
154699
212983
245023
415397
503666
520345
726249
742245
772598
875005
914441
976379
164907
287928
340687
449054
552544
746065
756624
776511
110444
118248
428714
465661
562822
570318
572792
657301
789795
812535
813344
879014
921400
80307
108783
199237
238202
535750
915002
920754
966944
39992
180682
218243
550212
552530
807995
818074
887203
924668
41859
85111
88398
141927
162351
199955
394311
687802
745607
755853
866957
997511
52514
58883
132222
392801
485737
486142
737765
755129
805308
826611
882819
896287
900989
310456
510119
590500
37200
38607
211253
262499
294403
592269
613327
724051
757204
832067
847256
942049
949395
63157
124127
191716
248998
263954
313941
619756
694258
725631
92654
215528
292922
361705
396837
444464
470849
550863
751293
926350
927039
59118
85939
130910
198347
357309
984122
19283
227339
358919
388446
464557
518404
522594
524274
792028
798462
821017
863415
928284
34300
302921
333708
527481
538734
542881
557968
667480
697268
775439
898584
900032
976520
32338
192053
328504
500051
509393
562323
756080
762758
184671
360155
408233
502930
557039
634443
660925
804449
810933
817034
144419
387306
505246
513419
588818
612950
798163
972366
89596
132163
439679
445497
460909
597965
712633
817656
61215
133707
206206
242567
263268
291379
598510
689725
692943
721547
905407
987863
33348
119424
206473
471327
490235
551608
680685
915497
964761
89549
93085
277608
467332
508997
821374
913564
961384
19354
68096
115641
194725
328694
461751
513555
551673
656447
873985
981743
989388
303134
392562
702496
989204
14768
106390
122993
308676
331643
472753
475083
712062
905666
954723
23345
116143
130755
156534
288683
453387
538656
682659
873563
909785
938396
959688
25285
145397
170163
239704
374206
381130
568109
584240
652953
667002
131609
244884
247007
302681
384839
428238
516101
614898
696676
754471
763235
917271
58377
87407
142417
186645
207907
263465
280652
304533
315845
465313
889414
100281
123123
145168
410175
416891
456677
627008
9936
226786
246007
274310
296174
417172
488239
687617
729742
887082
154301
189840
333635
366758
373190
852208
883527
988555
67299
162633
294920
412529
423942
425671
449793
501498
687106
738805
742462
801570
849193
985714
240866
245945
292900
503799
580841
746420
867036
877073
124850
197930
253532
296859
344135
357704
410076
443324
491086
554796
575571
606032
690556
727334
744742
819471
87001
156686
169266
365616
663251
715394
987415
48559
65293
325613
557598
606232
687194
776742
817452
135859
238627
336197
342573
392218
681107
755022
794016
864887
973017
993146
32096
401834
504565
779943
782254
824488
843278
955962
12390
25241
54207
60146
76550
159715
181956
207453
630767
756242
782885
834146
5129
322276
322431
358742
400607
425220
464755
499885
567178
588450
680227
216642
234496
271274
396810
403855
480767
548349
724229
790820
860633
965340
28855
135085
245742
357399
402049
406738
579569
678997
695968
702355
736273
903496
928960
65371
186060
193705
350032
361702
478563
480963
518768
523737
87957
239792
331991
352500
488037
492645
631622
948017
952561
955339
314792
325222
393743
474888
594854
601435
681961
683094
742337
943293
964601
983893
54428
171378
190335
276045
498385
587599
710105
37539
240172
333305
515091
709172
899099
989714
175288
195574
200571
232148
291345
351285
475137
599378
742375
902494
55153
145121
285465
390049
752987
864274
907852
912999
924544
931731
98314
135015
166112
232934
270274
356866
647343
743384
921709
989648
26414
96520
98508
110878
159259
168527
194584
222540
382893
447507
773306
818140
971645
101874
589470
624366
647755
714220
729417
786209
798522
933280
20772
38637
95285
172169
476310
552662
579549
903587
981624
219761
293662
323921
333002
343767
484355
544708
568452
747172
773516
776037
812485
853356
858117
24622
520673
582543
710253
722218
839639
995070
522
187323
261469
279070
415125
438880
530462
576823
635807
713174
994358
247668
338583
537059
596352
674383
850671
11281
12130
235624
253158
648751
731124
754822
779583
818628
847972
898585
942961
14623
169164
238010
447955
551103
567361
633526
838183
871069
6382
298037
309347
470125
476591
625145
717358
917800
920136
967601
5738
236673
271343
328126
523760
696893
839616
5187
67062
100939
152805
225311
310292
393155
581529
909612
12788
82969
113483
124092
172523
270436
275562
478932
496126
532454
563559
585917
617024
700799
716714
819896
828159
837475
939680
966137
532070
541402
597013
658549
727812
803523
891378
256818
351793
432260
537932
680599
67323
94223
334787
791565
829041
985716
85616
101042
134322
150341
173396
184435
191381
478363
572060
941163
990597
139582
282986
287787
504005
704200
730262
747485
809651
961560
980833
32396
86345
309872
321401
589396
623908
735453
869905
930092
977873
987542
67008
118844
172885
209368
225885
258462
541195
578089
595567
605050
657173
861656
968486
977672
990912
245095
336760
344370
711246
719025
757418
887226
237760
281368
388586
663519
743170
755862
871975
200561
229237
321969
324552
494056
513558
657744
896467
930760
96905
106864
174543
278306
413855
419388
589226
635923
738172
852455
954837
76709
126678
171762
286545
625439
626045
686136
768638
843952
891061
901705
104589
171903
207588
489030
708555
739491
880374
925911
998009
151708
166688
172521
226707
287310
294267
318906
369127
413787
517478
570689
573544
593317
598400
673097
982211
87396
135757
182417
233155
278482
367285
382511
404443
410730
480938
896814
902359
912439
933454
434607
746542
882266
986493
47681
287962
348834
377332
498492
582188
792784
951571
995031
152397
327878
364446
481161
494066
499917
585177
669670
38697
107326
215469
256317
310297
358204
422606
513739
810332
925847
951007
116341
145479
539239
636436
653233
19429
167631
361484
380512
417487
611547
703721
721052
759674
885581
87366
208189
304231
412265
589519
683326
752228
826804
993692
20278
82514
119399
119588
129456
407472
771599
823601
932047
329935
340151
390311
391469
414725
436737
440926
734010
844541
921582
43387
198303
395675
431594
457335
615691
677121
686595
725209
824088
838579
862202
862990
22781
67896
134769
328073
379054
425220
441486
459964
563012
569770
939134
949484
963781
4218
56206
233296
242940
276143
322690
391153
488412
494637
757624
878397
894867
908819
920116
41824
65400
71415
87867
400483
586456
657863
932979
1680
36708
307988
338236
346555
474518
494162
497597
682791
752044
787038
865757
922291
5430
26113
42466
132670
205923
260608
356225
381830
501474
505221
581730
677031
701236
714254
771857
833683
938013
190530
209086
316519
686977
718828
798813
818262
937926
969461
286568
318795
478224
633167
633286
933784
997442
157864
268859
337420
442450
730126
782796
853941
855517
973989
51022
60468
422612
475255
505470
650657
669313
713594
745098
841899
963576
5696
41068
50803
66408
122150
152604
218863
248632
318047
452540
589644
883204
970812
356396
376420
440898
480011
551303
774580
939022
338206
416313
492292
591542
624240
643126
698536
731435
814408
933758
951585
975205
983508
145948
210592
442455
493071
566135
570556
598916
646346
650913
691188
727662
815718
856522
885680
915201
969627
109630
171777
199235
299309
355253
387597
446660
652826
691014
698494
808748
825166
975269
52594
133306
211815
241635
249295
631100
666605
680773
767799
779833
977066
178
16399
163825
276361
307194
475230
524626
542823
643295
645980
857715
955815
86880
130963
246852
280276
465992
545976
588339
755050
35847
37835
161719
480477
598524
950365
959208
355363
371575
446888
494340
606649
684263
735591
775293
5583
18262
91499
436571
875675
891652
934335
990155
73132
375977
538731
719837
804119
908796
52209
59382
142973
146069
167659
197693
409250
507086
593157
615370
634486
857109
412048
677391
754483
870214
889938
963611
989368
316698
441308
474380
552619
556766
710003
710080
204762
301587
319551
327222
342428
344379
445454
575621
581533
696938
764612
917062
205777
282936
316298
763706
986061
11675
307330
318462
435678
465737
637599
732379
746977
756292
926623
22985
64111
75154
120498
166307
170576
292999
342945
444614
561363
617955
878821
71494
85495
167954
425566
442614
444576
569265
617875
753491
62854
93356
195903
290940
341827
401106
498352
500656
523021
582806
604683
682695
817978
846041
952464
954117
109920
133733
509960
556843
730886
737891
752309
768029
858263
95504
240704
459929
518248
771993
917166
939703
72229
159800
172373
196142
476314
486604
554652
589205
786867
852265
944261
40788
222745
524734
634627
645732
668996
674703
679523
696097
699471
41804
299472
306025
359876
494111
604151
171884
297728
348557
348560
417063
458800
572387
605281
635964
672780
820329
37031
113193
121959
475334
504085
587324
728264
350445
399617
887855
993142
149456
203144
212674
304201
428267
497468
508708
566570
847902
879931
445572
555683
576045
663875
756787
36475
116040
150882
226687
250920
425849
470593
512489
537791
548972
589155
684014
705836
726600
803234
950211
962543
212672
422804
447544
513072
524869
589466
665361
672509
714068
746404
866012
154475
382244
411295
427984
524746
586031
655219
675319
738783
871100
488673
496605
540910
689699
756029
876990
112439
176861
223328
295578
324085
351638
374328
384170
426024
426043
453811
693761
703101
747977
861663
970794
10245
41788
153020
214300
221281
317526
556680
604069
620201
912307
928947
954501
154724
193845
198961
331233
345512
383242
560712
678144
45799
175957
217119
228077
235547
438936
523671
771159
45364
187245
274043
368826
483058
620777
694966
750186
107011
173305
401914
479691
519193
631997
903583
160110
213484
279612
319789
380826
407550
422567
483749
646708
722815
762845
19875
44026
88754
243253
303084
371654
532112
549303
588167
657648
782052
790092
811408
822613
863538
916484
917897
973613
984251
46
109437
144179
265541
367905
567043
925658
949081
969492
153981
154801
209943
217946
255838
378307
418867
453327
459790
464817
689535
743745
818281
823441
884925
34950
96893
393758
421071
506759
538749
844613
999247
4556
255251
269566
274948
326570
328291
340251
575278
741501
944616
956853
98801
261460
372741
425847
537712
657952
876291
926574
960843
35214
55698
64438
328184
672158
676088
805398
841629
862190
46682
94547
122871
491541
695036
893287
916955
979116
143635
168747
234423
246293
302852
495923
500011
615942
726782
746153
789598
791837
878660
31101
78132
82872
241590
247788
249080
380100
385303
589244
721735
851445
994462
172658
241006
250809
342260
347786
513950
515001
638551
679915
741852
793249
330213
392183
555912
597391
613330
724172
747742
806741
882812
898641
88288
116953
118192
157623
210141
457342
473440
776395
789859
798956
997061
59933
60394
201596
230626
264683
312482
364691
471500
803229
866431
158029
163984
170171
332213
397366
621965
672072
841454
860841
66820
230449
268045
659754
680591
734152
812841
985621
81190
104982
182037
283574
405354
418301
481943
556630
816551
878989
881658
901741
922163
81319
232820
262361
410880
659937
661876
759191
920815
326143
412262
451266
611502
629174
729901
730128
21934
161885
164747
203598
208068
279100
439688
563624
723833
735564
855308
855567
877284
273439
712182
758479
808227
922182
89835
107637
221445
265649
282763
511796
552805
629439
711625
927989
9127
124304
175401
215404
270430
275957
412356
831902
890399
959245
973223
775966
902902
72380
99796
114983
271131
277858
339231
346225
359820
494737
571192
959975
100903
169232
172385
327512
375918
456595
628078
659636
109942
204634
380861
480515
492943
684839
911426
958893
413677
760843
796180
840139
929351
972632
135026
143119
182189
193313
361258
401247
539607
571573
746284
803289
810415
818086
825987
892590
951269
970277
997639
92576
138345
204847
417553
747336
801830
867
310707
465923
496171
666736
676764
814635
854433
267965
280841
329723
340086
613723
625766
700496
711976
832152
862616
877231
898063
970435
983060
52056
145936
360661
475066
517782
609508
756209
827126
917927
983361
21456
44233
45645
72489
287478
390274
412545
559646
577442
606747
726278
729996
807661
972288
84741
96323
104709
350262
373064
377039
627605
647486
703758
738023
766453
788637
816559
198714
275305
507968
520743
642222
796225
912434
432496
442805
575834
618510
621746
637604
683961
19000
76987
103712
104598
147115
365258
368846
451829
807503
871009
912994
947960
995815
139496
421147
762171
891913
916715
922009
972628
50635
102401
117247
211308
409516
502628
533829
544990
683805
741152
797744
989455
11931
95740
169925
171785
303685
335850
427538
515577
525701
802763
805365
814336
992334
25668
161342
419030
513301
582816
586992
680306
343146
368069
488404
720190
730970
844685
204900
322364
658483
668515
671242
823453
838607
860813
25750
48252
130823
246702
250809
390326
674777
911977
955817
996406
29687
144660
144778
302512
483787
491015
513157
542285
554447
617023
709161
794752
822781
970920
22017
68188
123906
264904
377801
470887
639075
652557
842300
888888
921954
972435
29937
50210
133666
152886
440658
487501
707069
798464
905585
909571
2200
37122
95235
361327
367568
502240
653535
682152
815513
854787
943353
983867
112366
218601
336257
418599
425712
565404
578231
618956
677796
694942
721569
915371
969229
31993
85654
336793
498510
536275
611534
770160
791162
803638
817473
890544
332461
414885
422869
524671
597674
615591
711886
775702
897947
980849
122500
179642
325656
472027
511570
557118
667991
719133
845015
933936
159754
168369
223195
252495
324314
681566
742221
770482
851796
874647
74257
171262
256101
272159
291058
317677
513798
606864
652366
696057
764643
783305
900628
928217
93407
239023
464580
511898
564388
613952
633660
694023
792678
890366
31958
80527
85319
141544
328992
487365
506621
628838
644093
697110
735070
803147
832971
838575
845276
301561
693113
777938
816806
826051
931487
940438
74061
86214
137975
158383
244278
468238
574547
627396
923654
86804
204700
206235
331144
373098
398362
533573
556417
578303
630874
637396
680972
729126
876411
931202
933983
958967
961030
16680
162400
180160
189274
205852
344532
590389
732747
753071
768460
811749
207704
229061
319101
360040
408670
444642
729055
851841
9753
52751
69902
282836
286609
335629
371292
418718
499468
534788
543322
550875
737034
838668
953267
91380
106442
129931
202290
231798
494612
554921
659985
662407
698155
69504
170270
265480
318011
349282
435030
568865
707045
912654
928633
129436
381015
398121
451728
472337
614594
650377
669655
929477
47390
214956
225934
258664
287972
403021
509571
579189
627701
781384
861436
892288
37611
72365
100570
107052
188939
270546
395283
416761
460855
545889
789719
814969
862995
938742
58262
71905
365770
576966
681684
702479
840655
978717
994192
134283
248832
326062
391211
569073
635286
702700
773943
797480
818957
837669
967154
983465
3430
131755
131985
163306
163847
180720
258159
293041
328700
436289
448583
501227
616962
863366
12663
66443
140088
408033
647736
703885
931991
52369
52424
100845
137312
239653
306243
409199
426303
453417
524893
538694
551404
887919
920716
973532
137909
168651
288607
434354
522664
546701
596076
636532
650124
739096
762392
871301
876222
964308
52209
117297
154591
550137
591361
669082
677826
845778
854263
917630
928574
133369
209378
221018
346947
350100
457546
502918
570853
694030
733011
973937
982080
11192
14487
204002
327757
353172
353745
414508
539539
606143
608847
867124
868802
888347
68083
155827
204698
211532
353054
369717
456509
585444
645465
645785
680047
989481
290244
453130
770601
899709
952081
975399
990992
121362
134442
304167
343243
570389
691276
32109
109985
142314
229086
343754
405843
608325
615413
626025
714409
6127
169620
223649
370551
411904
573121
800700
899281
36929
282356
289365
347762
369821
429110
581210
627009
805101
830430
860260
888705
982181
15003
266237
286104
509913
567618
574262
651456
666732
944873
10322
14676
19954
57729
188878
256621
339312
405831
414029
428678
646246
649079
659771
670197
806494
78805
259006
264211
308666
388760
632581
763638
804838
847495
856969
139228
149125
201887
366584
551306
604577
627174
797000
931846
959779
960472
981385
1677
81151
115784
388296
420785
473412
487980
21671
205454
356183
568960
633216
137561
278854
408694
539353
895276
2739
41499
49297
310945
321321
422908
533234
618883
681478
767028
785226
828731
845067
845635
995462
400433
502388
510968
518750
886033
946868
994972
136781
174616
240336
504819
597403
675207
695879
726905
758538
761055
33135
70299
215495
236682
418912
491475
634895
782799
826622
912494
37750
153782
730869
408802
444568
708704
716705
746540
756690
860371
936405
1645
62213
139835
211552
219103
314765
319557
565239
640376
699372
860072
217610
395335
524550
537120
625565
702189
707328
930453
993486
134178
142476
218873
248234
428665
487588
914883
57208
106410
108454
143686
254989
618876
632620
646085
697997
754413
804664
167679
190983
203612
668036
692329
715271
837985
157277
299974
725617
737212
778297
786575
849686
894124
938629
172243
327679
352038
421869
766025
884401
903602
909369
975666
991198
7138
40209
55948
76298
230829
346437
352319
399030
542224
674678
716013
716215
872626
963932
364635
373704
500149
625429
645517
856905
866228
926520
276909
418308
488492
609223
822108
888625
945077
316549
366061
443064
505033
516171
517799
772650
865969
983030
13946
15436
490549
701669
712619
875040
888604
159071
174029
217407
599649
677974
700820
706957
755791
914352
56024
89082
142141
276840
358677
399982
428124
717777
813483
831221
990309
85186
119302
214708
252035
333989
412229
486405
728917
824545
952741
81713
374355
398343
501592
685251
784352
841752
856727
987911
7937
261621
283167
289798
324162
444264
804924
922549
85021
254200
356060
687795
739369
795051
985741
122254
157732
192684
284909
354682
397592
484323
853426
908644
19409
58762
174920
205737
240061
551786
570113
711144
747141
843717
848822
937038
119189
310666
317372
609116
821615
899126
72491
82867
165098
313630
369954
444665
456814
478295
499901
520049
581221
693984
771835
919596
52766
250050
373073
526696
552184
632313
943758
951995
48229
100639
276150
277881
341911
429409
548720
806963
811790
841777
962479
95168
278247
311241
470560
566723
616707
695882
778422
797452
812432
882337
937422
59355
227802
523683
956299
6399
219339
460459
541408
690868
849073
850821
852501
918552
995864
79774
225983
310557
333403
408139
489146
490282
703737
734169
818530
93863
276541
447438
717704
777323
311046
435933
503475
524364
643436
661121
725699
809300
816406
977729
991037
89006
743733
779210
856543
982259
81889
127687
163967
358596
405565
467857
508773
570129
656503
706750
724247
25005
80533
384885
537029
648841
860680
904037
165868
166028
324417
384121
459643
546836
555309
636605
889248
906467
993010
12233
53073
115460
243458
336540
779276
851500
964726
969175
986254
135345
196314
587308
640033
733555
916844
943247
960119
961468
7914
174537
213311
537091
565397
574834
633730
654173
832891
45353
64478
81628
108292
155386
178418
194967
252323
316965
500238
702835
734547
889278
945306
190356
201621
210962
420012
422552
468688
542845
601517
608025
759492
779653
842648
931876
976433
179122
186365
506702
538648
853370
897995
979940
998718
3645
450873
545662
567811
599647
698362
717622
757531
809372
811053
994744
51680
194819
203215
210695
267243
282870
287160
338933
781778
856531
114671
133619
253386
459278
560278
561425
716427
745301
238569
372535
446217
564013
741217
888060
897713
923053
954126
995213
119178
357854
446923
665126
965281
324161
390026
392609
425736
442531
650051
706036
712823
830398
890311
916361
84369
530477
556332
752338
879624
32746
171013
397806
448102
517368
531394
741684
851697
972184
976240
231743
233718
251712
253156
332585
383210
393240
487257
596990
677965
819609
828836
186951
189254
350284
597461
675785
796713
832454
928227
116416
237173
612321
638900
662280
978120
307782
333533
389420
394597
414465
475691
509396
525072
732658
834786
850878
316128
335624
456549
588955
596324
631271
690451
760772
857402
964203
24901
276425
369426
392608
450353
476405
490182
495819
923601
97661
199160
202208
437817
694757
749294
812409
21020
52862
85867
213835
251940
304160
317884
378187
613264
711382
744483
846995
16890
193023
248065
825347
829715
977909
15365
208042
237156
256170
300955
393069
425786
485073
496543
668041
752927
10395
25923
67792
184050
184715
256045
409045
518500
760857
850145
34550
489591
542578
697862
704081
766921
774904
834602
859715
145816
276317
301427
318270
473013
794829
863720
952614
53468
136472
179352
226497
285546
291768
329786
385593
470418
508501
548604
636866
927512
131137
242926
523620
526550
561898
562616
597666
612252
656457
676383
819349
980902
13388
155746
173443
352290
463530
555359
737910
783094
890594
894145
916169
19199
125268
242190
379924
397885
593574
618432
652197
731751
888973
51971
120811
306647
315356
343756
457209
467176
533394
768230
951193
26316
33989
167476
183638
497609
654403
690846
726823
792727
910531
26658
279143
552550
869296
49434
338961
365788
506482
708393
746567
814862
824065
958579
73890
99395
149341
462833
509483
587586
694264
766376
37860
56447
75835
86732
199033
377483
515912
557210
651628
719716
872776
997035
182088
387283
401708
556886
632509
633733
674723
715137
782244
798450
914609
1050
43979
94157
133481
415741
521005
660100
683052
758075
760081
930743
951544
72545
113464
236260
465680
473465
556916
680151
721787
726811
731218
736909
890235
910319
215537
226386
254856
293380
322078
356152
463809
541032
583935
664140
720311
740835
839611
962308
42676
185096
358070
399876
423715
10569
149694
192424
209680
336198
414743
544897
611374
692686
711048
736809
814767
940319
138184
183613
212515
233150
233219
394512
475252
750461
84172
109094
153497
353558
709889
725062
940327
72809
108592
175175
203452
217873
238812
363799
415255
771850
990211
31533
465957
611850
643690
723979
756274
775403
816525
922190
969133
7409
15540
106830
151753
325815
354509
472373
666270
958487
995969
97304
151580
250374
297598
468796
516946
529343
529781
534100
553539
687869
795737
866904
143735
181170
464835
471065
534864
535805
599996
617283
681649
43827
47157
255877
393667
549741
654346
721976
888944
936867
953712
277311
458859
549910
607871
662117
796545
68825
242175
391798
433062
545187
592886
636935
714406
729503
745187
898957
9646
49297
96285
110598
215989
295820
425425
498585
513887
525607
751338
281784
287096
424624
455596
499577
509662
551654
666528
884710
982364
982635
36673
301399
319636
390356
573284
623640
805784
870720
885312
888374
911172
256509
287180
300283
337655
345775
372230
483091
674102
926848
230738
445917
769795
869801
872145
894173
944306
999805
95876
106181
216600
333352
427113
661183
805093
17670
28977
85706
90542
204734
266205
285264
319438
335421
454401
491263
528133
549599
622273
707314
997484
122897
171728
268685
340575
342951
384304
877331
912115
49131
142638
152258
178710
194858
223304
224381
233696
267090
277510
404789
696218
705557
733984
775859
820035
937221
975896
996334
174745
471921
486206
758275
909687
940656
979050
998201
51483
149531
504582
521796
522136
572032
748549
762522
819916
977623
187504
226504
336434
380246
424976
718573
763699
66396
301826
426776
670347
735710
822903
904729
995456
108143
129023
134539
253491
277878
421980
443153
449490
560696
28313
128219
251427
461923
550982
711457
725388
734156
747448
865691
35942
144882
178290
261871
356138
596813
612359
687433
734085
757957
207539
267807
317182
331345
455353
565709
755941
958839
41768
67985
80588
216133
290856
418106
589655
742319
756822
945431
995370
98305
116824
172093
239974
378073
385684
646501
669493
673807
729598
802591
823637
902191
122943
185215
305217
496215
508177
529202
622798
695817
853475
865923
178369
219870
447961
464006
468873
521332
528137
662019
726504
801276
837899
856582
953733
985543
14246
55160
169718
441289
559412
581474
600863
712128
783914
161812
287754
412804
451272
530754
540934
559037
609444
672540
772077
794693
824754
885067
190666
200090
307790
352097
396326
527127
696156
771445
887153
81333
133851
248344
265211
320356
346121
460774
503515
554962
608868
739231
901017
935987
218289
316967
339453
343756
659745
735000
773947
861403
974390
20452
104832
404074
624965
695451
771185
954471
989314
120685
181882
230175
239474
270228
366028
401682
446931
653422
708337
759024
966414
252004
316964
340501
556725
782454
912670
990814
252549
286463
448387
670418
836774
880637
949508
365323
551525
625274
630246
656636
789507
909328
949181
61729
321556
365721
532372
535540
557166
569362
861463
94611
158025
192584
206212
382248
540150
540754
553973
609938
637566
694661
30154
325483
362744
407326
508541
558247
574773
725970
49019
161543
302082
342665
373050
461474
505017
509105
603613
605696
784035
860227
920952
47439
146954
561589
584730
669715
686194
985476
71333
313118
378978
440936
710699
784914
786467
811521
814880
831608
847274
893982
944014
42316
383578
577863
678266
883240
910962
936052
225139
256994
269401
441068
485422
708470
737127
865933
43424
206716
945140
278284
285184
353622
376336
612836
863452
940171
104804
210106
247213
312325
480868
493385
571782
608560
714566
921153
963481
70904
115963
277451
292869
308111
380281
425420
477955
498592
508602
573085
582424
582973
722125
766202
783817
910059
911485
979477
993071
32462
34869
76949
274951
318250
321359
453809
486020
649397
743281
21293
72393
284068
483543
766819
818392
835926
923842
939889
9280
84088
381986
501781
677939
756651
760354
764701
939408
56170
126175
127215
166925
185421
692334
892456
920050
948512
23581
177933
220897
330986
390687
465480
635526
864763
924054
2584
128798
543069
692690
823023
939057
984275
115959
180294
213658
303402
377843
407934
416401
500236
624434
971230
109319
234434
431276
578449
826326
844909
120271
122389
241378
427148
492768
534338
957641
100152
222446
243766
392686
404133
413256
460960
635066
667957
818525
912281
220670
239242
241139
252118
399639
416330
473087
530521
902389
934041
132828
170897
177849
204454
347478
356836
419198
481614
511487
544475
734628
853145
902307
904768
918322
108985
159257
218630
239777
436056
596018
731162
751441
67040
205565
212445
459425
481779
525159
550674
817505
868496
955758
979056
202101
233027
357111
405474
435156
527928
890719
913632
2940
37698
166191
250919
304198
444638
487224
564351
630695
843944
564369
771920
14742
43331
99636
103619
116061
130327
212819
218259
290262
326713
368935
552943
647298
651314
846900
868597
882034
199659
391951
556230
590219
619043
709402
857536
960474
10770
161584
190345
192090
384033
452576
541897
556935
609581
620059
630189
770503
801922
816517
874025
966889
99896
119571
349866
541443
573756
608260
793376
887284
196001
211100
249967
449743
493725
510824
620985
821753
881232
896744
4444
163410
189289
234605
291724
534736
814747
240139
369963
559811
659191
987114
14503
19675
78670
382528
420271
619158
678844
739986
755401
868909
899238
927071
231629
258363
469931
512513
558725
679030
681385
703781
712471
716296
835432
46484
256819
413288
581566
616399
643255
941501
50821
221671
405458
611706
647917
677149
682721
900536
284152
291388
433041
463289
816833
13844
48519
164649
226194
271583
504033
694355
697147
732053
769177
852304
910830
945694
966330
969936
997078
77479
262812
386996
731315
805563
942573
990924
119234
137777
180609
369479
417042
445271
501600
628861
671609
714859
801619
913698
986774
168441
246972
349267
463131
554830
572085
773168
809549
849664
51963
317635
327689
348210
463563
636049
724133
874978
264
23605
55020
113642
470793
577035
594746
712518
883661
896354
988855
136615
173445
199323
272729
341234
654340
891064
919153
60690
61929
112925
329624
405801
560042
594121
621162
759530
835993
977771
445050
527681
535474
666812
977534
988594
247659
304312
420871
483146
519444
618740
625619
628606
699618
705235
745593
800155
956449
960661
60793
257356
487796
589035
611944
667437
814133
900108
901043
3825
214225
321953
388332
397832
479174
518751
617693
640922
710074
735595
813014
898111
976237
43212
89376
191014
617967
644916
768512
836967
19188
33039
138540
394558
649119
762265
879817
893263
969778
262325
289028
367259
399142
417738
419565
580238
616979
881465
8714
29075
310242
422178
461664
578399
672087
717045
916219
969228
85126
114051
249446
270991
338601
343218
510300
551318
560475
623715
865077
886014
905392
994565
204639
264693
275890
327505
625520
918955
69
22013
37332
142064
159424
169755
231605
431389
470229
705520
817333
864321
893296
954384
967877
998713
4412
82094
95429
141774
172194
182745
491210
776753
820823
847045
858808
889959
930219
964477
983543
104263
304902
307454
365028
431095
560977
677445
753002
763724
822700
831919
842177
870599
134338
178177
194344
194632
200075
304813
339927
427261
688596
937163
132358
188847
360285
479761
533956
705691
839524
65416
81180
300784
387888
589297
662863
214417
336803
368611
373458
386493
405511
751710
877350
921812
19552
42155
50153
328448
357882
425667
473041
646096
657461
663108
699376
725340
786484
980347
128097
231050
232751
236978
552563
595630
740552
813359
988918
71951
264395
350575
377269
510445
525598
550693
627394
673187
744931
55993
134448
155890
361321
407894
708225
883761
5698
101165
122997
135448
217305
358800
463207
473650
524484
556468
644483
781154
918646
925278
969757
70963
275080
306649
445765
451748
565912
595706
836917
886295
931285
178857
202486
206771
243555
280892
324204
440002
505496
513520
564455
615139
804973
918487
945579
21009
96754
344464
387370
487492
548901
583383
676409
742141
957167
990103
99153
122955
196659
353282
533277
568336
653308
727208
769708
859606
231326
240481
455463
509680
522544
641769
702158
717769
882704
943650
463409
556586
575210
619996
629045
634138
987641
23270
112621
317480
353453
369335
409660
452747
713831
723696
88988
196481
215692
335074
527297
660827
771156
859610
110713
214884
372757
375513
460291
466724
501101
531281
573924
39679
274299
410631
474932
596965
903353
4445
48263
201391
264460
284319
318990
386475
724007
856939
943178
998799
122464
214302
226418
288814
351959
835995
876420
921133
31137
105733
362875
398149
679132
952561
965624
984629
272753
391752
552239
611009
659949
691820
764868
791057
834583
906693
62768
138974
278926
305534
338117
420515
500628
514351
564695
685377
871320
188149
208803
484687
486685
547128
752402
781774
782925
861260
914671
148599
255651
448638
486544
815269
825607
833246
853982
890469
892329
908243
933496
983588
64430
125532
153732
208103
282143
395439
458376
847204
942350
980793
98404
176694
353881
603960
712600
849154
965525
5226
314705
455437
538600
604562
716405
719885
931125
954333
970967
216928
368432
580956
629729
734220
880037
20940
164140
197368
268059
382656
384932
455128
599315
785121
791322
953509
65252
143931
172650
333583
636233
681567
846781
112397
133761
274349
340852
365376
460317
545806
579656
603514
721304
749402
806397
811861
159698
267317
614081
773694
921031
11989
90512
95834
137509
284706
420700
501749
558912
748696
760221
760884
774044
856997
920945
925371
949031
360565
364149
447935
470251
71067
75271
131382
154354
174481
299248
307258
324351
381114
407080
424284
586147
653349
721911
142580
228119
259534
299429
568057
585621
800472
892167
943082
31867
68743
198966
308304
308941
510342
597975
793269
888886
945259
980653
69328
254465
311169
311557
318324
322460
449148
463560
519654
559985
786602
861170
863873
867220
40916
104090
222194
423068
617586
865499
884311
163119
228134
238657
407817
471552
497770
561963
713590
887735
87199
101813
282163
323488
403739
477600
655519
825919
160471
213033
291347
429610
528921
615891
644393
684302
875466
885706
920525
978853
73581
114126
114887
180048
235804
310738
372982
456917
518395
620108
700672
710518
789504
932990
92960
262181
319928
325281
422350
432786
496380
500234
515041
702520
713979
820512
848247
900419
67028
290531
652050
686446
783325
946004
8561
42676
44660
59045
68992
85960
155266
198923
304969
343294
363010
671636
710023
926738
963494
187658
249546
383473
393584
599317
670469
715057
718882
838148
871570
896587
910751
969066
96265
353386
381265
408295
546086
596249
628170
652545
758374
793800
102898
396548
416210
560787
656036
743079
795824
897815
912146
38417
306780
312800
327617
443462
447325
589072
803010
889385
935558
44997
241480
310529
317033
399684
487257
515828
807565
874404
994973
50648
397510
417039
578440
632182
774417
860274
963280
28955
90454
128301
182551
328960
363831
762859
763359
899557
909165
45535
77971
105732
308183
334380
343868
657530
716435
888893
920834
42946
136716
157594
187751
216388
291656
613259
753221
809255
856041
911855
953085
82636
133797
154835
342203
368999
487042
680183
2516
13134
56875
404711
490471
506851
568952
733131
906186
914808
931797
969126
28778
71817
91508
95967
118312
131127
190177
376409
396886
417915
428214
592122
674248
751139
776398
930585
517154
553694
582868
790595
845278
871018
891263
910926
921799
966398
995744
157619
364833
390634
403724
420767
457314
508412
667056
758033
761532
850989
967520
982791
384
100227
315232
318604
388487
179376
294522
333789
360523
587707
606451
637813
671664
852851
998883
13349
52182
87377
119309
143211
200622
248405
271249
282896
334507
512804
598323
765364
883644
974401
68457
114594
145822
318295
339434
349933
379290
429011
617517
715336
753452
993558
172097
238371
384103
391137
409372
547411
597790
615011
660348
714434
803102
241554
251124
563328
591172
757745
783863
815676
918380
962291
975206
34113
572318
581564
592040
705481
712409
790279
796617
806147
917997
994856
132930
189516
199158
423024
454372
477338
485251
532517
542979
549200
578444
645222
663402
861165
50173
74689
473835
682054
692435
874608
76535
101947
126188
136207
245087
301002
342411
468102
548721
595457
625663
765674
772826
866413
888762
934299
72546
298493
341022
365380
518232
599779
661633
688593
743980
926148
136513
246145
277061
508414
518394
681500
838447
904442
214487
222467
587380
670997
782698
815353
997139
49340
80640
323731
389211
529366
566302
578031
626108
788599
814989
136531
190826
232521
320037
343029
374901
397080
430582
489747
721320
776473
985975
78195
102841
126762
200400
275363
306422
404862
533145
553158
613390
641160
954377
42720
68238
136870
251694
980022
997599
101460
214008
279407
281243
321435
640923
667407
675028
754873
776848
778009
986526
219622
231727
348798
351099
564187
608495
631172
846481
888133
921759
950443
11186
19671
66562
111018
124753
127145
147827
198060
219410
392933
444204
545158
546475
565005
597279
734222
737685
738392
894803
901750
217857
235650
434780
485556
544801
651707
796260
810784
929809
954744
63862
129927
139516
166656
295770
314010
442874
541919
553607
559275
628792
712894
726221
967445
988295
189470
196205
317620
376957
510553
513661
556637
775279
821466
841199
992944
741
2115
140165
162986
286626
330242
373671
401151
510794
568773
743057
55619
115980
222785
371883
396288
412963
431349
510870
583401
900325
910686
944449
974466
994194
143245
350655
373624
386515
810881
861215
66451
163000
217448
477813
571900
647151
689266
689614
791799
806916
901869
983860
174367
309099
726650
782796
884158
981952
33704
274034
407888
430825
458553
499273
668780
703844
750939
963873
965787
14075
151689
359199
436694
536494
809670
876957
941185
57186
161860
244466
276888
278412
316902
343630
437067
442242
631728
16055
61020
104327
144358
161272
312656
324667
363913
376965
496642
641609
673107
734528
820065
858837
928247
140652
147565
245804
257085
381770
503038
658001
674276
759139
907918
34570
61038
126359
196643
416536
516550
518422
582455
584130
876572
205855
330551
365040
376570
377843
608274
725009
774087
806505
884814
970743
349759
421750
671851
802380
852741
906211
153152
452252
481316
502891
632247
804504
813657
969075
94695
172973
595576
666947
823242
838235
943266
23268
57333
248447
327911
335815
381312
479420
486993
534183
573376
581751
589478
746270
822125
854205
37369
61545
482074
489821
668394
808662
917715
996893
22878
230063
230792
241961
277128
280514
382762
479232
517847
636499
802950
971312
48189
116698
163966
236091
271426
377635
402078
574017
591060
662502
820411
967366
159673
198109
342647
354411
435323
473616
537917
540485
558005
559303
608193
745684
801878
126057
322640
585325
609617
794098
795136
816284
817941
988721
27184
380929
544558
612823
623586
634061
869359
885286
930342
944534
957982
9129
17863
267470
340022
432720
448175
634339
922318
952231
975816
94611
259022
321494
330297
389355
698503
772810
808290
825943
947610
32110
74123
101510
121914
213048
275431
347528
531806
636800
669667
840598
974548
17909
129973
146815
154399
267850
297672
654908
939390
940604
976927
41335
141277
655303
733880
758067
803307
14508
113154
198790
228003
277703
375939
601377
720567
830659
880873
32528
128075
146460
213672
730626
800178
857495
938498
998658
60504
125911
147730
334545
337309
403851
528836
628486
629595
745498
897597
32614
82269
205918
268435
391411
544112
580535
634224
777489
951633
69592
186977
222931
264657
427592
664318
707144
785809
851504
49594
60144
90855
144431
244998
266804
271804
284818
425165
500773
649666
666890
742271
994649
127289
364476
800306
831293
901153
918869
25314
62238
79789
248767
493297
496583
531692
558287
563601
900890
902718
974732
982657
271439
287411
446864
601119
609867
671143
691026
818484
822695
823633
949767
108067
448377
510914
739887
743055
820094
69880
107334
192412
227190
307322
318403
623404
643141
678193
695173
718608
833556
917525
937293
989859
104949
145616
258971
334588
370529
780420
878591
989419
40730
222384
424642
476171
536748
558513
579130
598567
627546
960667
127944
160918
230409
255370
541164
904060
134449
255506
417822
463681
525223
671768
675078
706728
716901
934781
980426
381897
383317
428754
449672
519916
802814
858604
946985
83395
177505
286479
297702
408593
644709
654510
664068
693113
811040
875378
937531
198050
419711
425441
478907
541157
590891
625817
771610
774645
11820
268454
431675
577652
706705
713586
721290
887359
197672
298588
324518
399007
522949
690522
780183
828016
860244
931073
12307
50918
98596
170657
219460
321379
334850
366094
386852
397476
453309
555649
577257
859276
860335
867800
916996
953755
986863
152148
326926
333835
553926
700578
760483
774635
151383
442565
459846
526289
735737
739715
759056
151407
218495
339034
389353
481880
857876
4362
40698
49812
120876
150763
152496
175762
178366
268838
274655
341646
451764
526665
585646
662019
696134
795224
845328
865301
882973
910069
925715
960356
996618
89
37743
61829
91600
115369
183267
346737
353601
417788
426958
723060
166725
174074
215072
219697
238914
316476
355337
411293
426340
470158
513844
639504
749048
826824
36070
102784
190008
273151
377285
572016
604082
724243
785520
833774
843097
111553
225231
430387
596912
607082
706637
757375
38003
39538
41265
62330
396662
465082
938902
230387
589219
598096
619429
633125
672158
777877
780428
859383
890093
10436
62346
287805
387448
567403
917110
309353
399210
632778
646795
796882
926983
18631
45614
102314
135156
160000
327386
582865
610056
676833
709038
757514
875510
947624
966265
54371
331105
390136
422291
801910
835499
982366
984872
3611
175173
275055
342582
353901
377825
430262
531067
540459
664045
694746
772684
841107
894916
914854
35437
81063
324971
355933
395456
556369
562853
591893
646874
728702
740985
945544
26017
386609
414431
543215
878171
883897
895104
916453
916473
933440
993408
142330
293788
403888
430337
574387
700282
959372
998587
97323
111742
221754
385577
455166
526085
613878
795016
974424
977973
367840
395675
463998
508607
572058
795626
807072
998200
94281
280409
349411
372546
464766
484761
661048
698543
714767
807082
954599
987653
301756
327067
388805
440649
634502
659436
692971
694773
755995
829445
836885
224110
232856
285345
312753
428689
582657
663638
732923
973761
997645
130569
220330
291753
305803
427686
470012
530432
631227
704609
709516
818203
833302
839812
859344
906681
121814
487509
504078
564495
566665
810151
968728
977886
40013
70969
72621
153738
168384
312375
331994
432404
457813
494034
511484
542059
930743
980467
10544
229423
312289
535524
573495
949905
37976
42729
207692
304656
376614
441935
611349
628605
868859
19014
183044
196167
226898
230480
262343
438708
478870
547838
656288
783195
942609
211179
247835
379531
432915
448146
576536
701320
779137
786941
943691
976240
89306
126769
190832
252479
352863
582727
763783
781002
864285
33714
52370
263570
554503
556118
603618
909949
41208
165959
195665
233250
383594
613872
149917
228454
357290
432202
563551
708844
757225
992857
112306
418492
536410
792704
802022
974980
983639
69413
644514
857281
944767
952046
16554
88180
328626
371392
419914
437164
513674
771109
794348
859668
938106
945502
975828
54440
82357
327209
435351
481371
615904
636020
669174
686416
694892
167
157771
234737
313864
401795
419261
525940
538161
617224
703196
739438
778831
787928
823856
953929
2063
263332
374428
414387
416213
666257
680206
683995
706427
804611
814358
919539
925454
930425
147
303454
351978
742476
761175
854806
986736
85843
187592
414991
458819
520474
683161
699905
824479
866859
874609
997346
108369
135057
253787
362972
422205
471545
546020
558271
657319
848487
867391
956789
142105
246559
247058
624990
669054
942899
150936
171614
226794
357902
468192
562361
580718
680066
804174
825257
988947
266629
277210
322161
353028
626976
682581
690807
801680
817960
78777
124648
158244
267494
295066
388179
461257
696209
767475
840819
904542
946953
141802
152616
181131
195964
307723
858027
872745
875925
903029
916937
975806
68245
96371
102920
239918
243681
530786
566680
650808
769768
891028
144862
225903
288297
369573
557234
640165
659622
668032
760804
790015
841757
858949
865794
901598
244669
271491
328182
487398
532727
546791
692435
835429
7083
7358
164763
183981
210987
507083
613032
878035
127642
314702
357071
385224
504911
507296
548212
569381
608485
633030
868947
24003
255379
278788
300946
342843
519275
678375
900853
14075
135024
632366
662996
722715
104264
281236
353063
360304
362098
383257
578645
639147
781682
815329
35150
196772
281712
303620
453555
537664
845578
53863
115011
116321
136672
214482
278790
347649
359455
693416
730821
811362
812169
894608
910151
29276
266434
457722
481362
573760
636398
646245
705918
722459
840224
910839
49987
59040
86718
114433
152607
205928
325391
374606
708453
742564
747435
816513
836433
863127
43155
45913
218062
340439
363366
366824
506157
667246
787167
928809
971428
992643
216489
246872
326541
614786
658201
755338
801033
945919
15135
40341
127849
248075
397488
612752
747838
828585
952114
56204
112380
349643
374652
436481
437397
545864
703714
903136
919433
930745
983993
1811
49224
88862
135038
284303
433791
507368
636869
687508
736049
771102
786973
804612
853617
889596
975374
18360
243104
282434
334575
356537
383538
440420
797700
932906
158785
213533
268001
272440
317042
345411
555194
580519
690600
755980
856476
75645
101658
132894
598188
48530
123376
374967
513993
624513
651478
709031
723339
778671
16507
89327
200924
311564
456220
588710
701233
703149
804112
866045
33884
134238
137023
175100
224275
379424
430724
436889
551624
623656
359819
362086
383579
502778
972880
978429
149171
250464
494215
548312
630584
749622
852553
154772
164433
203418
203936
216103
318382
366735
441368
533976
597515
629559
654799
671803
690501
852963
920018
966987
50853
240500
278772
279920
304820
456757
636720
729603
61421
207324
334798
496287
576986
631897
920097
19819
23452
62948
105618
131748
328956
407040
416400
447882
588983
595891
631100
702834
739615
826421
994883
122348
356413
388613
470712
471211
471501
670202
821862
83717
102354
255268
261731
312156
351192
385151
686494
934798
954617
62391
247816
276600
287071
320039
354256
735452
910195
974078
3715
76478
163187
318226
675425
857680
861282
874476
94679
314115
440184
11012
201916
298592
377447
700382
825969
847659
867488
934498
948482
956268
6537
116800
119134
187303
207677
212701
339137
380779
384577
448538
488282
542118
551901
709971
744060
806396
942017
987854
196013
212370
242701
369315
409074
540164
556048
560046
601053
628245
878670
881425
27198
236980
329254
370173
807090
981156
2836
51467
133259
276036
319672
386918
589688
628579
900967
12045
58922
77152
123933
138873
158148
346761
544033
561446
577333
11504
104007
213741
256691
286434
363392
398767
446312
519653
593311
700812
852202
882238
885450
954503
140943
199362
267008
405465
501324
520417
575216
595078
720802
763047
771354
783842
917045
199687
283253
321327
626027
768596
177216
262584
420463
487104
503844
517724
673774
714805
775421
831833
894824
90431
102101
118156
223090
502240
842003
859235
896603
928331
19950
84893
94257
167909
204448
217891
222585
338013
411834
492144
541825
616897
619712
717066
726961
743753
777193
916540
212771
280538
366228
376792
446551
474958
495201
885013
980406
988260
22245
53611
282620
307221
377844
571608
936689
288350
468130
497127
546823
552743
355909
412358
548581
554565
603442
701230
774630
781915
959751
56430
65772
76128
83009
96158
268577
605160
669094
734716
754517
946901
969018
29791
60206
121820
194727
223532
254301
435577
524741
544254
624300
651395
671292
708634
1032
127521
253084
384156
395600
436670
715060
748281
775433
891135
993615
112292
124540
174138
317963
364762
369540
476198
493116
771499
827263
882085
979420
276936
379682
796906
955021
19897
38341
105029
272269
342573
381542
450363
584487
813912
836823
844632
889625
929653
997952
31335
220534
238110
277731
319920
436806
556307
564035
572268
601040
963132
991735
7797
168049
420986
501459
579870
664571
711983
715420
927677
983516
21263
298373
366074
467647
534382
633471
662191
722911
750127
855383
980519
27031
147166
192247
307926
309683
347914
470371
555022
869627
26924
44858
233032
238195
307524
312421
367447
370880
430042
498940
582970
611305
747450
809204
863983
56041
264076
352497
362966
377461
393442
724011
883856
945287
279395
301619
335369
367630
394667
466627
467080
492683
501561
648138
730855
183067
199226
276199
310970
571593
625887
679066
725453
739950
946347
84384
133278
228449
274216
321283
422409
610104
647997
722085
741447
820014
360598
364109
20728
55882
75358
115146
122943
125442
246832
351070
369484
736324
774481
966276
269794
507640
598606
598999
812913
925768
2939
156652
249893
282577
305947
552543
742338
812665
828432
845652
24190
58681
69413
69506
180924
251421
313935
389062
651052
770092
929143
996989
37011
45973
113391
133324
136280
246594
331991
430235
617039
699775
710562
800050
852933
853091
863328
886630
941182
993848
19790
108239
188466
410762
628273
658139
764407
816437
817649
839704
855566
884408
928540
63815
189753
242402
251078
500270
604656
715640
717963
821210
886346
934785
970113
993167
107545
155921
172185
222321
254817
484198
720423
739790
744285
773804
777485
18061
33260
137431
209924
249822
344029
380173
484856
654676
662208
741513
989822
59242
67665
70516
163711
212577
493417
661110
688156
784841
943834
973470
32663
66560
576199
628172
725117
749460
765673
798724
818439
854616
880935
200247
371557
403036
534802
753159
785073
798342
131697
167455
172946
368264
392902
564356
659257
805717
74985
123856
348302
402048
457317
458026
489489
515540
585672
953170
113585
127874
270646
378204
652674
773867
812965
62937
339534
654523
943221
38240
176444
178719
201108
409707
506658
680707
792853
929089
85833
111486
224041
237900
241938
299753
346085
385732
483679
552911
592408
651572
698355
748850
753335
770015
852778
177094
194012
537573
589186
663040
808791
953215
153659
255138
380022
502699
678119
767066
769686
785726
237068
377855
443243
529454
533875
581452
632996
898159
985871
79618
190525
307089
311629
367132
658841
908154
514474
603463
613399
650715
862305
902549
8142
72132
224644
279114
489467
705574
713870
784013
786830
816753
859111
869588
869873
932482
33335
129441
144458
205793
260250
592583
695914
716843
732223
831645
848366
73019
256089
402687
495161
524294
569195
651430
949567
44178
149284
199341
456385
534984
560341
633915
641814
775674
850254
905914
962103
284704
308437
329470
408593
801534
919596
936177
975179
111056
240218
368198
444268
459992
558173
562393
613982
649189
772851
787532
941447
199712
285843
398331
718147
743099
801726
898912
19020
201022
334712
411583
452255
455747
467313
616603
901032
912574
915855
946846
242811
606096
641895
696969
824812
959742
89348
145947
277371
371589
440022
596113
679099
728801
3060
38395
81890
139691
180615
218094
282701
429541
538712
642400
895342
111412
138331
147431
359369
501613
514945
532122
742088
745946
798100
47630
94079
108512
110809
121662
159677
344840
366225
383453
395949
578517
820338
842269
845428
849580
126213
366082
426045
464213
548188
586092
588580
799559
816677
889770
928640
43627
128877
147741
218840
276979
331393
692509
732697
805176
835117
32674
177978
338104
491270
502722
723625
729000
830391
927662
972448
68708
143851
162747
209853
226227
587660
598062
720532
799746
891965
2137
131910
206975
337444
675178
692751
695995
740181
752002
755030
788677
854125
951207
968179
353918
586982
922098
79824
179923
294286
347947
444384
454678
653366
658520
956392
47144
82460
163256
225859
284517
370127
406217
523610
545740
612701
652844
683161
766144
789101
89315
107431
363200
369162
580822
590055
594232
610576
616718
696473
786944
807485
827108
997412
9893
284098
322096
629583
662714
721242
739929
19353
101137
142149
197154
332276
371191
417288
421965
567883
871073
916892
935627
311235
379061
493630
602746
684656
780641
59289
132041
602607
605052
646615
758810
928278
992047
235327
391992
485181
517712
612073
698115
765811
913411
949563
960301
975537
995344
56339
237269
461566
531791
556308
608157
625232
865386
97727
343498
344937
470473
535415
725727
788207
817664
824354
846139
995715
128811
141178
143071
282609
311879
363417
556580
581598
881447
71158
172179
192454
215742
229860
294885
340092
360092
363800
456788
567911
645398
709255
756280
953817
102939
353522
644755
799561
804908
874559
923162
938774
953862
998027
121071
467892
527903
577787
585503
710373
769998
872738
65752
100198
599339
631003
637627
679428
789325
829493
850583
888983
14998
75058
109251
285287
332026
441844
459669
551021
562017
741007
832066
987064
183392
201257
323973
353925
505294
610931
652403
665635
779122
9921
289473
472672
722030
748918
863611
986774
123345
168769
190861
193753
206963
410524
572248
697129
40337
329032
336162
556686
643265
772962
915747
74703
357875
489180
521877
527138
565022
612886
621248
767806
828000
836957
896322
921169
992745
13809
331539
410261
492162
509250
526275
533251
795547
835048
911411
134648
318010
425580
466909
570135
619734
706277
759781
856268
104047
112098
228481
467611
571271
696847
864447
52309
174887
282427
339853
425266
439984
522560
554577
687155
761476
917743
962841
990942
8989
322974
326845
458100
611270
649177
844320
877533
911927
168183
224197
227753
390758
446793
695269
778534
22491
43879
72982
199186
297055
300134
510414
523207
612299
656324
678416
721133
754396
25760
35461
91805
247849
276249
439049
616095
617723
688651
764179
854992
875887
903421
132349
138314
290076
290803
300397
475902
514269
676001
693545
783920
894835
173188
201044
279710
372047
512613
676568
770129
55057
226566
250603
316133
330686
461299
531789
569599
665094
773848
872475
886843
892499
904427
416984
435470
653160
892869
13471
482865
558109
872169
894471
909614
997188
50262
154960
159900
310029
497165
861240
4896
25290
188249
308265
329927
573935
690282
705383
715108
868663
945250
31787
215948
425881
480636
713120
747328
839498
934183
990232
2130
124161
193847
270747
272736
288846
334166
488231
622211
680134
706311
843593
938424
997889
86252
160518
341058
461425
504638
776473
909898
918181
14035
168701
406331
464354
531832
568420
623363
690742
757749
761028
778462
797536
932291
93526
101195
273875
295402
554901
596745
717791
835572
883772
885273
940317
947062
207525
340803
439243
453202
511327
606457
680607
731509
4416
33623
350000
516321
516381
547907
721142
725460
794573
811032
937690
990625
78213
144804
259530
321584
343654
480123
503288
577879
700562
856491
23579
101017
107656
143810
329829
378856
404665
433122
641735
681403
881970
902288
33723
41107
43717
212335
219481
373733
686985
689889
914851
967211
6042
10600
140393
228097
335660
457467
600189
628092
864437
880215
88110
247936
302822
465562
471838
489440
520164
800947
855828
883225
151337
615759
642744
680839
829884
837311
1431
50255
80164
141556
169645
214983
229908
269597
309340
516692
742310
749557
982840
988773
85770
183468
232777
315529
380833
452399
458214
523747
573119
622321
878369
884835
898427
72896
138644
383421
553089
647742
662072
687305
716675
866617
997419
72740
85644
108032
321994
339663
701655
906344
967416
162350
481211
503217
578738
741201
857048
39904
96909
185985
296173
351198
442804
746898
911203
928652
928935
121766
177158
204236
381933
511837
515802
863287
874439
922104
