10000 4875
491325
377702
155270
782142
554225
258505
839199
672986
369523
711674
239698
614897
326014
322662
173499
95272
397484
519488
82582
306499
399865
123753
224130
26672
418204
834625
596704
575859
815861
943978
209512
758184
349807
992933
418158
888873
924680
835726
738658
358159
815322
641512
885354
851913
173789
385318
190445
304267
900140
526938
878811
353805
60149
642090
384547
153726
151623
738770
822645
740978
735407
502537
85128
39978
63195
697009
16396
359594
906972
175773
393080
622830
269172
626408
774262
30881
713863
982625
271506
697835
385957
236996
152355
445486
250531
261777
489707
348255
448557
138858
956649
567291
139902
215408
73097
134391
966198
934588
357220
550956
393104
853143
227700
623904
200449
709931
461427
22704
202014
398897
47556
793274
94756
800070
742095
165988
542760
242490
23137
837472
137106
617338
391733
929841
462881
256852
258033
924955
474748
550921
345943
891627
397042
587582
417100
386414
127637
633297
802553
24803
75266
448290
789201
189383
57477
610270
889668
251647
566285
377910
917905
975272
253354
553166
520747
365412
553846
464555
372308
241501
993058
877413
737872
599063
631214
955970
332779
91423
928028
963593
244872
801644
19664
844202
291667
315259
366890
570822
382259
450702
205850
511702
947611
654519
850162
391391
535534
45620
992258
23798
851742
201017
389718
447951
72023
990663
378251
52766
427561
854138
711039
748386
601454
803923
279846
923215
437450
109819
715096
895749
191443
573107
637036
747266
895483
963505
435249
590714
948553
734657
668445
805288
668197
377538
153985
524080
2597
645852
577863
558206
302088
941686
224096
60599
35396
635719
20782
756836
353503
490369
902815
911259
907571
710700
245747
442580
889541
556697
573048
895199
750712
275794
111152
270820
151525
654116
147757
952243
545393
219030
709492
239531
932783
888509
536141
110018
440965
272974
553046
660015
365950
499833
524620
436861
503685
723923
876780
198280
771214
555419
309330
300064
86715
92277
149268
37166
885399
193908
899098
633044
6605
956865
209020
832188
872583
951134
993914
143092
358005
465526
580716
997838
395310
554605
370528
93768
868096
116075
88065
637813
593326
307803
386713
129485
175254
911989
921867
317715
276979
402287
688397
252944
543517
565762
562801
819706
637226
671486
984099
834954
762418
812399
679167
196487
700499
64224
193784
721895
516741
466409
530234
13165
974908
865393
445883
65971
910654
566251
558909
897229
833461
340163
393380
330809
992160
338739
12932
441911
551220
740049
739554
485611
825085
257969
542071
560927
462014
265239
135968
241705
117135
995108
514363
872560
778210
600969
601461
317704
599936
482978
678040
956469
955165
50991
358260
963962
539483
425911
280604
446413
810721
645830
947750
952397
654738
366907
156696
913133
696778
948206
520389
836699
370846
776431
668375
730756
489477
908805
621957
592461
441734
59295
40102
619261
850823
692970
110801
421262
645771
130791
527816
169200
749469
46417
970595
851595
446588
116960
568049
415639
845886
495749
632292
259265
488791
513839
944524
898246
640167
491272
228659
710833
697159
298940
743673
944638
244321
42718
305896
937003
375027
908850
742111
482430
178425
365479
448061
364766
850530
308435
912892
193104
415234
217666
617704
531731
861580
209814
498638
152694
566550
407702
101786
898046
471239
77571
426956
250
848168
398401
31445
173481
598608
299781
167127
793930
901485
595046
533659
822408
213580
297964
283415
88492
284310
651544
302834
927551
112010
894137
420560
752290
65659
681711
840941
39379
14643
212388
201408
799585
375552
348090
183410
584728
313578
711387
978466
849180
756562
700496
198947
586855
541175
891847
570178
14179
16167
356653
773482
432197
85437
578568
27193
452571
945750
360517
356609
927822
173358
731356
126558
728323
676995
826942
538105
72809
215542
697234
250494
202913
618813
377221
933194
822008
811712
569861
803626
846937
771606
666823
191278
154377
932983
990716
645065
634157
938141
262718
384921
947879
590717
772931
759775
866305
156426
899121
633146
172606
968931
146430
57707
876595
215098
887642
473643
773657
321925
467464
171283
548040
984480
94215
945913
760788
863230
476851
428684
917424
853779
846104
757992
835891
670709
671752
404793
294415
556658
594070
76321
221507
441475
374677
155032
843825
32946
672794
79835
588839
184942
218004
948330
892598
41852
386300
931370
438443
321427
396948
233464
718634
571509
258047
255826
739396
611363
425128
924508
221674
386626
570139
18946
786064
341973
323449
40850
443966
247360
366671
529501
959550
390391
9240
669715
211122
716632
7752
9389
534773
23190
353180
812868
91361
711923
565340
850407
376671
829191
746177
267141
582800
111054
177451
257974
1856
842760
824509
483057
944083
648655
73230
605488
852537
66922
82737
619185
996359
678447
219701
932764
527316
428385
73328
341036
842186
530788
795106
199016
370070
83139
991148
65724
287996
543149
284819
7516
112397
155582
848520
680766
62438
876547
427179
300029
640820
338833
597090
221398
621811
732772
538070
395164
746127
42161
453768
9119
41634
461156
766406
380785
529318
600644
363795
550024
55525
384706
28922
436292
198347
688240
790258
37350
704524
377862
631499
644707
956948
523161
536242
455768
252854
48407
99468
573357
371457
372793
981426
300040
430510
909405
268359
167617
475270
138476
936347
668190
516912
203656
175955
946581
552535
965528
400523
914351
718470
240626
580856
292478
545565
932698
183760
468283
214277
630261
565250
79787
738751
495950
684458
804606
724379
346156
786393
743229
114936
755956
275734
58972
561849
630234
591921
556287
14646
5143
682484
316030
431778
253525
456109
310963
729716
589244
8044
728009
916230
71483
963816
485488
510388
921966
967582
815726
776464
587213
585977
893509
449268
385789
272519
551558
148933
906305
614971
981919
492279
794694
911149
825301
410117
115548
685948
321413
308658
78165
145605
154954
343318
731440
121382
261452
346816
509229
165446
631420
488855
713214
760391
277316
789635
484269
11921
959318
823396
752389
70081
757429
904998
396933
345098
663833
712599
47836
794912
783193
168575
243504
70585
566231
156356
51832
849600
971603
739465
704414
684398
718994
10297
374488
374161
548482
967177
868320
170523
383918
788777
313775
622507
413199
623509
692516
588807
881276
39748
948529
387961
524315
359177
461645
917565
320099
907256
382809
14137
286874
896285
860700
786558
282829
370783
107747
247274
377276
464115
23978
427138
286819
424734
804215
733328
495934
57693
663209
955961
942389
958056
139034
430247
986348
185464
900742
122848
875647
924629
678110
895284
558832
15098
647641
621862
333123
268787
500535
826558
843475
442705
73540
394982
126030
519033
583949
979609
322809
84324
678785
382245
557038
997048
976257
331819
677740
255640
115015
210038
30399
679065
749961
926133
89975
823348
698928
735947
893718
787129
530420
802437
534170
685429
300985
332887
833857
71229
954948
378746
900846
228760
314506
722202
294833
302257
138976
970514
355747
145035
647923
974502
561209
741406
242915
515942
629298
420071
668789
207887
561107
108091
425811
590332
628406
897564
18396
755827
445870
677882
957568
914296
59524
895562
862020
456915
776321
312151
112061
365607
170287
743858
404251
491941
630265
25420
727868
30204
29943
934072
710060
64150
48665
819663
312345
709843
994503
270759
657878
509917
987357
295293
988854
130360
778863
542694
875623
121394
582273
214171
182322
149917
911038
432690
578288
659229
196428
583255
623834
292677
385065
810129
707959
467963
220705
169483
925973
764521
850062
661492
309868
511360
457972
66726
504049
696247
475857
442956
133270
844736
52667
548063
993729
89868
629758
605776
981956
552675
553471
246568
245474
17437
8861
981403
907982
692891
787011
795893
583291
869174
889773
408343
215449
375027
86565
98734
67900
885911
238638
190722
982008
178727
790898
435315
549670
552605
991153
641238
615642
867682
48127
838291
719601
595599
458563
681714
89987
398076
704322
101571
671653
503560
226825
965141
317142
411613
144778
388389
294022
238763
370781
808219
255286
877861
396386
834744
180680
752254
577559
300193
76216
138989
866974
9801
671753
420133
256942
154699
739553
107969
385609
152356
849548
114282
46732
268025
209281
495082
434967
563524
268634
110495
660026
554715
141287
683019
126907
897207
801493
850080
572665
998289
115972
293628
246454
754771
382615
530820
622714
945979
688356
621005
272389
989159
224177
213656
37345
819237
626640
302962
181363
561839
300422
120925
583840
873293
723700
781047
420607
983510
940945
156636
235229
33175
735708
911773
771257
605579
373071
150760
653929
382415
750591
386572
989255
596498
397642
726076
120839
913331
110249
99431
980591
580830
894314
532955
970484
446406
434324
776694
712803
803885
287200
763685
426526
418106
528547
136679
645667
544250
614189
883303
657829
479221
165415
801076
334851
832158
783729
971306
956802
383645
477112
890420
21170
234889
958195
581073
678004
556120
302503
565056
615348
830717
277159
873461
516045
709359
163172
315819
598420
274071
911627
405618
953537
536934
876272
559148
927697
434700
185041
131934
29979
129412
164945
94754
865117
9839
193971
22978
336407
279650
576748
383928
420212
947268
327411
469244
673667
161415
846883
194890
832018
766697
95472
467491
177082
557982
705475
212120
273443
477856
225754
963686
625966
517527
547559
401793
319306
647741
341453
15000
677583
909001
424318
51238
315343
803034
719592
131689
808497
884657
939362
149938
793149
507325
584253
194705
60788
615223
685068
906084
951541
306559
84855
316560
131370
639237
256017
906805
766042
829359
568315
847503
574503
113012
872976
623340
251050
468659
630525
626979
110153
80211
84020
247099
550912
297328
474770
349261
365321
128291
331838
451042
232616
521189
94804
54232
747469
661330
531542
868676
691018
100461
430247
284413
471395
338667
763415
212099
891483
72710
246660
839706
289132
6543
722728
893417
522757
297395
728535
97000
85494
290159
995167
390949
692133
338422
476836
468057
339771
863541
817713
526250
483842
852943
230178
161158
952705
501184
523196
375195
344604
208794
969503
154094
836310
218272
542247
45417
127952
126980
778137
112047
458490
174379
461037
86395
637211
968189
197171
898241
336442
35342
200580
108221
929849
943159
567584
77497
855722
437481
145662
985829
145931
447633
993529
908182
701140
332905
34399
211251
519350
410478
692896
532434
138571
83158
643655
46129
90686
726056
821786
113421
672626
416703
466191
872478
624596
392204
77679
245299
277638
652805
843413
654496
335848
513313
159856
962595
740297
6781
449187
448568
692071
4123
337610
207316
715028
399348
653253
705697
619041
356887
794515
377150
218028
484468
955249
534331
795535
123819
281371
998999
834373
242631
624289
893566
437742
308269
253558
426204
518608
746510
733139
3180
290934
675584
467358
623626
555360
186329
484055
837916
819694
693698
235169
739306
484818
855538
738740
911799
347577
638101
774528
782219
854764
256254
182397
375604
855153
449645
976529
646739
607261
169836
257246
281768
786169
917650
58451
203990
857258
985426
719402
470853
452490
511224
25980
525434
743540
378289
280850
632289
938031
367802
701253
310625
72322
319452
669303
275933
142743
747382
188156
324202
140350
202948
655425
185716
817847
697741
350201
982369
32625
905454
164553
62303
127974
505281
33253
54279
158243
779958
734662
953762
240951
302279
138625
586021
999532
414209
151715
622281
707397
251759
682394
575253
662489
469855
496553
647809
807505
347124
902041
557152
69314
42717
479784
563736
168882
551966
726352
837875
282252
558694
725873
396290
63333
409223
365064
313941
481898
691104
523848
440960
48869
491308
541943
410219
304071
972349
830686
607565
623172
354433
734623
160531
78929
225938
665435
584158
321955
322425
595297
581847
373357
269057
818097
52530
334635
777731
197773
511593
121934
30904
845375
780844
598229
797713
328077
157035
43289
295160
887282
981180
554695
776574
827018
873612
732387
597835
756973
997281
317813
146886
488251
54180
201716
105946
175856
449607
541573
461507
455923
197640
895347
995958
706039
94013
108390
749803
547930
664882
871150
302272
815005
652146
842984
85804
175699
277039
118979
269427
179286
736155
19852
119917
534436
757178
186963
316758
932596
876072
191119
859315
847209
912083
163350
264545
766771
274807
856227
718235
265143
736541
902938
885291
669778
101428
298646
1196
294478
432058
436886
144900
132035
92875
731105
22386
948492
950155
508493
788773
915585
859840
567975
946956
72993
75481
366798
682861
963456
828743
870477
151123
777153
963550
109375
961379
301122
599829
764539
344050
60061
435470
562637
768495
152852
995586
605443
581724
171070
363386
319433
344844
640236
608576
372277
944031
238307
135665
630005
408242
435756
273339
201161
587920
426583
10718
529164
244386
93036
721859
969718
779689
28107
936330
482803
943768
180991
663976
391345
924868
14787
850237
330955
489948
745841
182140
28173
818029
9621
158157
308683
391070
683229
561218
846151
14989
245306
53327
719828
292218
840372
613591
869861
192105
384337
393675
445166
65709
159317
275653
984752
221341
195002
233606
9873
551663
69330
105083
956654
436058
932154
50297
594964
928300
11153
399579
695919
21907
517085
129742
948272
322588
519181
68658
61056
665415
275643
994849
66032
789039
386037
483094
165008
717616
946694
656546
394978
918250
94592
666686
262504
636014
459479
516692
617859
381857
119948
166797
78094
453990
775924
46378
68386
887439
388965
773999
952354
357603
463159
637598
727411
774354
928176
524332
977526
977287
481844
902539
719764
368720
202109
578271
601021
704383
777074
690625
772671
793807
357767
910252
128594
271871
929278
514730
926671
871500
719593
615268
473085
364260
392924
558160
345798
883542
875333
367855
235812
555632
929854
11941
561880
58134
564078
744120
40047
839264
328948
522606
53374
7970
467588
980306
816655
969079
36066
912960
91986
472708
294256
638588
854676
66173
939763
97222
139836
99451
172324
332879
123761
802003
515418
850851
501250
988491
497403
684992
721671
793255
12679
463161
140973
618374
98104
962479
838651
409566
863488
824487
774752
333462
605066
935154
867760
271218
19218
179770
357639
897465
272176
731400
701411
786088
716572
30247
943416
136554
116288
363783
740920
592788
84737
820765
978171
673991
236096
674924
903017
75742
963433
817037
658493
796711
703332
594219
775812
567959
147849
918886
289857
29436
35484
119373
683415
866874
706407
372803
845422
397477
780147
691064
710448
910208
177811
269416
228354
419577
570488
121962
350006
956874
795013
834715
502922
715847
583779
737616
806964
211522
563050
135366
59478
679723
928142
299597
763822
198225
107438
698012
70859
397176
994137
773821
438845
660362
615145
571855
903757
603560
461098
4354
530949
392978
862933
82982
694583
458234
174118
233897
691132
396970
894205
783885
243403
680585
840244
944175
432441
887697
326193
42981
733597
945874
385326
735257
427476
861895
663451
783997
168401
618911
139659
740105
555946
83399
7295
571365
240725
929063
247789
237236
498312
129260
747677
70974
334288
699864
47418
640463
532474
384354
713780
883776
558198
142038
720463
317830
366394
301500
898276
70036
825827
95112
64056
364146
759410
644730
464611
80129
887590
227842
571200
576886
350279
897744
891632
915626
85931
406409
637697
447338
596574
238704
913491
486752
645985
28299
393304
36128
346578
949086
481399
407425
444831
657562
284756
47539
306705
166479
973395
136789
811523
239386
842992
806170
252295
563585
76180
597808
142369
306057
595855
989795
902106
796967
479915
950982
604512
773690
80708
906180
819007
683261
724836
138370
31974
501804
14902
56961
66040
391666
694854
505445
54473
472679
504749
407090
805130
835450
990246
825608
742064
362556
804
893138
500769
326402
347810
486054
529687
700062
505493
214077
514781
85704
369615
733550
17115
146781
499185
852231
160673
520447
787759
590816
213005
408838
878407
627422
326892
294376
568747
853706
613640
337765
280113
613002
912173
479996
915210
831451
193757
193822
378477
510085
568769
877007
361023
568771
347718
776094
708242
133754
942469
906622
925845
283166
894814
456314
822577
151325
881579
411218
623255
237709
775431
44994
529006
590973
946740
583536
972568
775529
158979
833533
380603
911399
35054
990634
157896
625073
581274
617607
720072
174260
103795
29279
633077
822330
132334
790791
425090
337104
661124
175576
333627
337555
582372
371587
522574
347117
30351
242377
50361
737459
243270
467718
339158
924812
17646
284302
25077
78547
694928
880769
894132
630208
709952
320655
760563
559198
799901
987384
405792
746795
51370
882818
349230
394230
123786
838100
871681
856888
562767
261313
949365
792867
855024
838273
753936
833437
682349
126178
160551
889511
636594
514125
977795
847470
639608
213675
469417
43074
47977
937100
323320
931255
218859
172592
508190
98573
226393
79179
998458
628608
83225
645810
658666
131190
877527
522612
940616
783
772142
164225
153882
452763
176656
618295
504047
464837
153005
252584
674217
510407
549109
33200
319910
609942
453882
563574
549344
440028
119426
826359
96994
621499
345991
551308
830807
307211
50691
840621
841448
326522
660356
951631
107301
632362
697057
66971
319562
307484
513217
607349
583448
949286
140528
766397
220700
37269
233357
177766
628786
84619
508165
382362
146362
785694
343559
45132
624592
554631
762176
73854
573694
863141
432045
433366
15191
943220
588663
365139
529596
381202
157474
447517
855536
80979
764950
99072
709357
971571
641105
945757
44327
657340
486504
647224
415865
722219
953101
980731
327436
792342
876266
739700
881347
779510
808826
366571
501090
58621
848249
327284
599859
836618
925240
4066
680527
150265
949594
15357
824044
886028
660802
229676
706810
617942
168761
116228
898719
868599
756933
275191
924632
772515
707765
306384
231787
710457
690491
175847
450573
847255
530543
773466
464857
424438
538655
187998
621802
910978
175928
533453
274597
33535
966926
394220
345637
893255
307944
466028
82167
439591
148988
277413
545602
676268
29634
504475
170661
270927
592699
466700
691934
621585
201085
468151
898896
458535
290523
937922
974838
929365
497448
442674
187481
252753
125160
312837
543546
594665
768427
63499
873624
442023
133656
924246
410449
596358
223924
250790
725606
31656
650100
929411
817223
112615
185821
520692
1705
391543
819176
301386
93652
98286
85224
508813
707876
238597
980912
49497
3100
955070
256641
38753
617504
487422
226305
636309
202538
890710
645117
332258
287672
407681
142133
914775
313897
498687
720122
961055
201943
868131
994716
716408
845557
462572
709873
599488
511956
324633
402128
258790
345441
467816
322933
949602
587368
324761
589018
169941
497197
861954
724646
830034
448390
930967
830611
516410
886999
334784
70402
161116
152806
429712
990696
111237
56195
716515
279157
602923
683147
242538
54906
403742
762982
724692
891987
439870
536989
553254
564236
728321
760541
362478
847696
659127
904732
186458
248893
189384
504258
518650
706083
683847
432465
234037
473122
44139
698033
688158
240002
132560
118744
78528
414338
831841
747082
974340
459908
130928
419657
250241
213912
258138
299237
658886
415069
969930
716907
133112
257866
350416
243667
419023
803277
134097
218135
685659
794917
369249
107966
101317
524368
338877
319743
995990
112590
861283
876578
657624
300
702784
40517
769022
247
526899
914383
12912
73136
7250
711395
148776
194382
503886
230527
972119
810266
476017
937690
736751
113741
112188
704562
921207
697210
436100
636689
391425
761368
147378
464369
969487
274171
796236
557911
410441
372953
857585
358310
78097
85547
659545
436490
934485
89790
598218
894283
841757
528091
929460
771055
734546
478632
471712
385176
844603
84139
255498
398134
819685
486531
760635
882795
267392
173804
66344
854439
277857
433590
944585
873915
941006
844040
801533
69937
283771
510781
199315
416405
824806
150109
838322
202273
719042
21351
973836
281430
277408
956108
953188
942630
181217
470779
577406
918810
213173
252767
436147
699125
289314
393082
638126
221661
99514
916198
137872
488458
434468
865968
385335
944626
73995
561937
877784
252574
763146
83408
950195
790450
735494
645757
728539
958985
413872
120088
454030
801330
971590
3
967053
101005
545439
993935
139348
881383
248425
27725
859418
7869
697408
378990
934723
836544
317370
876649
471480
788548
498865
12457
125834
125555
170538
670627
600328
776565
314168
823594
811990
497781
3925
449060
991718
299454
720028
316685
21539
343112
163710
858817
489549
857814
437740
124616
775535
492837
921376
590565
387604
496233
156007
680711
798355
281312
793741
973305
843587
647423
780453
577680
111841
791924
108269
135313
739673
405774
123829
699830
463212
874722
900607
579424
664770
238953
592156
140215
722936
612481
266558
444689
83260
398408
645466
576263
232466
277272
753672
197508
226600
434526
703285
286914
548342
877968
622266
959051
663032
237936
609745
219824
680186
782933
508742
402729
580968
750577
76607
397601
537805
393328
6743
479624
863414
612936
857573
743043
138501
280599
449723
738486
286745
524512
277213
950953
220434
48970
172891
145967
162293
837912
842230
649920
776662
469177
802667
236658
721153
301917
619071
346060
153925
212365
155309
519796
820681
251757
83236
240823
630505
705509
612972
707735
969978
267567
397499
566882
742123
332237
335115
235017
433025
332425
84110
862558
439517
621982
822514
812393
952941
167700
254761
911793
765645
59395
268652
602328
556570
881918
549591
301502
731616
139218
315543
125884
396457
24305
8506
734952
246094
141812
214158
246736
279867
953631
652497
513676
824518
928053
529516
802953
791523
653155
749328
338922
518336
980238
701964
250524
214445
795643
831949
142907
973074
768450
697330
18414
626176
931645
506427
733433
381877
309615
433116
872146
178379
413284
681725
610457
982035
152485
645920
10424
394689
214161
784901
344042
357066
372920
427886
392692
826231
105478
717405
102071
589064
715534
459141
893566
438714
374250
360837
988111
508837
648278
445102
961137
669461
991435
991565
704281
705590
776169
917693
881219
705992
35106
871839
769372
856019
95532
938838
369402
390863
496871
475038
7337
107441
606595
628393
211715
834529
266707
418947
648395
238090
773076
889752
597523
683921
770498
883391
530227
706257
859213
537639
98292
752855
118029
924984
648226
843039
509796
126342
13573
671367
624679
678154
714590
520686
921511
992231
665403
526118
79872
144969
367603
579401
241888
516175
6387
805594
896080
294257
231589
741898
753123
721034
795125
66521
647811
355540
375603
192371
395862
808895
366581
747822
582202
120421
492946
923470
83020
983502
53868
493543
674962
761319
103051
118010
851702
384206
631651
676884
753397
575494
765541
608803
690982
999163
562187
714768
164600
76365
84437
325414
730036
942352
997012
802120
239862
572279
472548
440235
935290
955397
896864
610124
367091
870171
470715
557374
462174
127039
80461
214119
355763
806432
941152
666285
508130
768466
797006
972863
233769
103000
812335
190474
769001
29249
645087
887888
434177
282996
762754
281193
559301
182951
557745
863911
793695
860155
759670
633808
379804
846532
876093
619211
464740
464375
386113
472274
710841
987659
285044
507072
381125
20711
180430
71332
69970
423925
650885
793319
792210
120403
734957
676403
71790
784994
512642
882470
532759
411115
128652
117524
96685
266041
284004
574977
268138
879993
539315
587590
276849
494042
712324
321111
257645
494192
470781
895500
938088
911649
644078
191313
339557
899769
861934
633562
247314
736790
643700
852105
226797
819374
975044
299080
7984
55576
21501
322982
307851
276857
970239
546160
303435
886720
634442
65874
842202
924592
346684
539145
161552
262754
747653
585945
87800
53848
479082
441435
910699
204387
112201
452844
538460
179177
873136
807811
953941
989243
246772
787529
964693
114372
148080
985609
64546
616946
824218
598556
971907
83587
364612
259546
95702
522850
739062
614966
476523
251053
717670
714566
319985
462469
309645
99848
545278
618288
401704
47052
523315
83161
256839
265488
904866
112466
31500
59646
933083
18136
269418
353558
284988
275376
832538
936748
49345
168017
752861
596325
215857
938042
697874
167607
339164
630042
330504
481103
337447
171547
415400
417850
91558
540599
672119
844600
433653
230680
27379
788008
318534
572818
877057
289682
535717
338806
478687
278092
891919
606294
989163
262418
445081
966539
646460
728175
769919
674596
201804
429595
713150
621457
810923
21684
71116
182778
529375
927203
197655
420553
166489
641803
115530
563590
440747
574985
473053
894714
681718
716237
370163
173293
374839
118491
111145
519703
330415
230350
222327
248129
144107
692821
596261
987201
362538
861289
456835
333036
575511
48546
684362
470320
551369
998271
975525
921507
994735
21592
537647
925131
508263
35624
723371
386610
544910
964806
165822
561151
791275
876265
912074
907457
971445
62314
375405
757225
269068
876536
243647
303433
588829
983078
277180
223000
721061
696466
747342
354799
659462
20232
527351
277778
7092
303841
356045
898046
282715
958053
332157
578311
259548
45513
551355
41747
346599
620625
394153
228457
567698
34025
368653
930432
190437
156104
978275
276364
331987
406788
590139
644932
106252
306827
564333
823291
982871
551309
305295
898479
806092
571609
83613
492990
370054
314180
760061
272170
519235
140523
389738
253666
287883
690093
251558
150470
581541
802354
513706
59435
918931
296137
361748
813033
56591
754687
456192
310845
648991
166337
863259
790400
277468
706584
303102
649899
729174
209723
499145
1542
856566
907058
725090
534806
7923
292390
467156
398450
139682
649676
205039
70503
63764
350517
696285
175417
390600
538869
884441
320329
222347
144576
505441
449687
537686
393328
831420
146063
679548
474855
343217
763372
912778
279695
816542
481006
461881
162651
226770
460500
565898
470465
455263
811012
788159
809315
357304
755174
202524
122359
632604
87481
727463
176460
76710
873223
424607
616485
908879
496397
431867
222784
477740
405268
226857
62596
166013
832953
789578
599840
24635
354851
716995
554838
567490
600109
618401
263592
870602
735074
467642
961215
337382
623647
597672
385539
689008
54679
744521
83027
31519
757410
758488
633710
806925
676434
785882
860154
55481
606031
540759
449483
264466
826989
406149
43441
523570
161042
706805
720643
732340
307019
380203
226417
469278
750773
115395
859897
753491
67436
310757
44138
524172
626514
690883
891474
24020
657678
735956
217156
568939
451797
624059
100136
821657
174940
844699
402844
935328
944341
940799
818125
380154
135805
277644
56198
87546
574763
522309
805114
400077
783413
610833
976578
142895
538367
305245
937329
864439
405478
916869
468010
596607
826660
241791
507516
94319
17284
112556
949024
582545
127486
758671
349854
73920
262847
631224
403872
550129
721060
188792
538778
51721
47597
26597
382611
412928
934569
161216
300040
37570
933127
113025
960179
12194
516288
789377
56367
470821
241930
47233
618708
625392
354880
336667
964978
557729
567699
408415
152943
358254
531411
908242
351528
461481
527441
930236
51032
673236
619309
877617
419548
91251
994529
952005
576297
434860
864487
637713
928096
783636
79229
441878
463149
777249
946355
113417
709911
151438
961706
922780
754697
522769
88207
263169
777851
349820
268224
328656
928222
741111
743368
863821
53447
802125
904875
579693
550448
522494
505744
543165
988823
676105
45658
777156
914685
645741
470820
646300
455660
956877
832724
70133
303585
9716
751119
249850
586316
45475
451547
482624
971122
608203
249089
193939
126659
790056
854787
932115
190888
156661
267666
839378
881985
26398
765669
924934
474987
106169
578127
401788
112658
112124
734171
270291
760158
933152
222909
978079
599929
154289
87984
429931
162684
34311
256329
292524
956387
191964
443682
169828
71953
99005
195846
399877
343926
849850
804790
858629
834258
284451
815961
872812
414610
184321
576402
689753
718483
897
135888
531615
673135
761607
138157
277245
901243
102267
316879
830926
788016
239858
931360
690047
251425
378390
726858
137282
199576
349402
829163
570050
699368
125844
317739
364419
148137
301061
668343
166413
259755
961043
808608
670840
17070
229451
799115
952169
201970
859757
829312
621483
536265
543634
53161
230520
104760
862712
205122
232792
667733
962552
961009
111353
539316
279744
575376
548087
66555
455593
335434
737114
592723
901235
306243
278380
10783
667829
9861
490431
295606
95477
458042
623236
230299
59890
332741
278035
120784
167856
393080
256596
69420
809479
530585
811886
387293
555602
368979
142430
567719
732619
524517
925688
767014
202290
991147
151601
217177
325051
278568
39449
554586
670238
595044
54706
984890
817474
963185
240022
740471
40196
575309
317412
125232
959548
9853
783368
183615
500687
256559
724820
644150
320032
911847
775772
474065
264453
670942
472306
661307
715397
438641
993248
546503
871667
644600
360643
90843
528296
699963
905353
782638
525749
839913
341016
184841
61410
485132
485219
225959
549873
540153
351059
763975
729089
820652
346604
660084
583485
447996
77385
106095
545806
523230
693285
609069
793241
888065
673746
822729
756887
77270
820764
809654
467387
236753
757650
850942
648940
393756
397291
332403
635184
20032
101389
638390
497603
192632
249905
844462
865282
54004
107970
226349
102741
986931
121254
497229
183247
531593
364167
614091
554911
155948
634078
340968
812225
938523
986966
322474
139613
832157
802967
80877
262999
835444
197563
684291
492575
969183
325061
95765
656538
618183
245642
591321
914424
352111
729718
909789
787640
520813
288853
116258
402900
618000
122172
554709
465741
29987
871972
227855
837487
137505
117934
505140
485947
826365
720964
804014
369440
933859
350711
739991
105122
311508
44937
470938
280743
598255
719137
903694
943764
374271
738241
937009
90637
581259
903463
891714
628271
195587
181689
889884
306889
572581
317509
52683
166170
146537
210288
916094
698302
219766
13336
946662
969546
414356
953320
714668
702895
953251
981621
20759
418010
422398
237046
964044
190050
166993
955283
669121
256227
96094
759566
224533
749428
158744
93150
913410
927426
388549
152157
220347
647527
111043
485827
222208
309575
233254
236561
214546
817592
597175
93057
539294
127038
760990
862977
156129
180223
319738
121733
117569
837011
165308
424268
696904
362330
130661
944727
843020
183779
334280
390544
372003
473328
110615
913446
579278
280120
475798
277297
892591
739901
872653
846713
936106
820421
557702
357922
550057
445179
971985
382451
594236
941989
304529
497869
839120
165542
645545
918366
424933
884056
596740
347325
301411
807890
713351
289756
847481
54465
709375
607405
714138
871840
671896
562532
692483
717219
259890
223366
375529
319861
907109
45965
498539
149487
624251
455302
314287
543601
233044
485522
84175
998994
682077
473839
136405
578260
804103
918160
287741
844601
581127
177857
762448
843533
286951
432457
365614
490080
820382
680011
749478
849338
515676
717553
794166
873582
523958
309725
529023
944780
865954
933350
829172
11816
806950
303305
681553
572487
531268
623034
163840
792288
739464
367348
830036
482622
283994
79216
99054
659007
473763
192687
258767
80315
505867
918618
594278
962664
568973
685378
312798
825228
442644
71755
428831
263366
943012
95565
389695
306426
94066
431595
646385
239043
772217
323966
30189
836267
993288
471548
56169
635410
417783
52416
221716
478498
538831
758117
261303
597800
22895
511514
412526
413553
623153
360592
822206
562082
294357
795161
454059
668792
413217
700086
122720
977200
820615
786530
758334
307209
79795
266000
24672
23550
752263
428536
109210
402989
251446
275013
311383
745633
763200
508803
980360
548185
44312
760766
176962
398239
53699
939321
314261
280995
86860
819150
671486
952227
10466
572247
873686
325570
834347
426569
477185
652153
8826
22831
537703
327234
79466
883431
285671
380531
590849
450164
931277
541781
876114
347478
427491
563593
234234
215193
590888
97788
530885
217467
646127
379583
4305
624411
263206
929009
463869
230885
624358
453634
274325
887619
316508
676124
720374
8856
707010
212035
647386
628132
107223
572866
479925
37937
494100
386621
718072
651146
706521
641842
24248
625717
516927
537289
101910
222217
103464
267439
479333
540965
303494
141327
528232
909841
327920
271374
954253
734718
371523
929607
349675
586595
191609
810583
151790
941088
928511
104310
6506
655638
326765
721980
616142
249226
497784
653931
230839
48233
188243
267723
220707
855806
244754
708743
223834
245471
767956
107388
571607
173089
590983
566259
29299
405242
93404
376876
586222
418007
575899
337261
877224
803143
303744
440638
207845
842524
444914
754540
323472
827790
360228
201402
548628
343405
620935
821588
103167
376307
132968
637460
789134
112402
890204
983989
567398
198896
267272
606947
961580
734618
576967
908390
94770
561160
48515
657382
212332
951342
297257
339634
180513
441746
265363
382561
779530
970781
4294
868280
799394
8245
300815
538961
770633
821249
858382
400375
619124
12118
537154
864211
981957
365739
596414
809253
550014
24155
565329
564727
801420
663526
504838
127944
509164
672183
432955
71412
738218
826721
940851
541317
977257
708896
71216
88160
677557
259086
175561
226127
410856
172999
509961
201855
262299
700025
214927
527698
327851
736366
543820
431334
891864
168761
735287
412758
296353
535797
489784
55563
196319
783516
382303
954817
523185
93841
269667
17328
379122
44780
917909
325152
361105
498836
505825
915032
748112
194878
115209
596958
586670
674938
649770
311770
118276
115636
759132
728345
990911
432360
541692
809014
59185
984161
435203
572791
188466
827077
697176
427507
945285
6882
387407
701751
789458
505792
683264
612161
64405
460946
372818
926331
72998
968651
293393
366703
904689
247954
60035
296257
222770
309761
680301
793544
8061
405428
190413
584583
631778
915765
142784
757729
900987
55492
833053
941573
810376
337097
717412
691205
396896
83627
867551
888289
182128
206973
940259
739786
830862
139903
557556
604694
795558
438376
866248
834074
305452
671723
670764
412700
685062
26437
910295
709967
794953
361827
827325
853195
553105
450375
749870
546281
143326
508260
499168
754912
599106
321900
821590
584098
402669
640853
420715
284413
412366
258685
20930
789478
652539
304119
482522
58633
739878
597968
408855
946884
529565
188851
633417
433861
580661
782107
379739
571721
187354
49376
477910
151752
875679
925350
619365
438796
859749
638549
683887
868317
373971
961667
808686
4498
457499
267124
423074
777122
775258
877457
556423
882088
21517
629881
973347
800374
323111
125156
147904
777138
560089
561401
413203
389549
734068
236793
108521
833027
747466
495738
659312
437892
907139
519221
158262
707909
903188
680313
679758
68935
77417
854300
147879
359162
784796
846963
409453
173239
920952
40475
214153
589203
278625
987957
19218
942601
699088
339529
517942
934614
611969
222323
368209
406730
14225
724511
757336
685230
651257
342204
110561
410529
426717
491323
190014
147974
428571
427836
230352
118071
537795
629895
173063
677808
665028
564052
421417
565268
979134
738565
332314
204008
37822
887430
154238
387987
681628
117473
926341
178225
253099
229651
813438
723388
567342
348552
806839
400024
280062
322864
203004
111034
268875
768059
983034
551837
108464
352212
630093
321879
32742
880097
776927
704702
655646
422751
678407
558574
448950
704161
391664
381416
486021
219033
236882
647544
791460
556461
607764
413331
877127
240151
669787
626308
927370
197470
516074
402341
299105
789334
985142
579383
978128
475351
790100
524049
844280
433123
631384
312971
566020
490828
642756
715051
108775
42041
905510
700344
956414
815623
269573
177574
829072
171413
616875
805871
602852
957761
143142
356455
583
924885
562146
135452
557851
955210
199072
730909
279157
622617
133239
477304
648484
717067
954783
210358
343701
776805
169680
412481
560644
214784
783682
26964
497473
657407
630433
617942
851990
841337
424384
333470
663516
742811
773847
915305
185183
13086
979699
396334
482221
911220
375118
419295
729495
947900
1904
507544
358523
59602
207396
676927
208528
627880
425173
344334
64260
680471
770374
391313
696103
902965
228553
812713
199597
415977
942522
213494
694254
11661
26784
50479
225380
661023
556974
716962
26882
478004
447412
332328
635584
704037
682408
799034
670311
743728
431725
770480
213651
885878
894032
73211
688253
671692
580584
747348
954725
454564
643491
830583
454678
81367
834553
255864
398906
118549
571926
231330
198217
598124
44931
700578
582090
844798
876037
531073
850494
504765
496178
420882
832900
63046
467485
324209
733006
414457
412140
597976
412780
873487
792394
419826
629136
236628
706522
345859
228331
271400
856344
41143
17944
996300
776152
337727
680026
782174
638512
722796
962992
596714
784771
695435
155016
528032
527607
630017
560892
876361
325027
678370
866259
680469
69873
213472
189724
944085
556084
257441
148823
605891
995933
995913
143018
33468
699537
421013
154760
323262
4313
42919
973364
618757
873318
809203
887137
777062
898490
549435
529386
661645
985290
559898
904463
767658
762635
959183
558498
530231
312177
857708
706281
535600
582333
167179
208108
932309
120823
432598
954333
160169
249026
548258
430075
556893
349591
192170
625521
671772
278680
78394
274513
784495
931491
18591
68019
784384
14193
893828
76513
318675
27263
215562
801855
485773
25684
176666
599819
647597
805787
740984
265781
197089
605171
938766
126708
681525
342070
497857
476673
546229
908295
578697
462195
203923
146792
775313
137121
746591
75759
307956
392295
874662
422349
545214
817821
223540
875273
116726
894971
507601
679808
133492
47175
94523
986613
617244
743338
345831
288325
224884
627783
522974
959014
766361
231394
972317
425338
167965
383371
95792
653721
537629
378586
825252
238404
463891
915258
15880
664947
543776
183256
177634
822470
922638
625041
997213
355328
996475
541568
63741
573572
846046
357531
224875
386861
462783
314092
678359
978487
297111
827592
925929
737121
766358
209398
819561
25379
974067
785454
530375
671062
142881
610661
540497
263695
51066
588929
396480
546771
569072
447808
15331
952091
492377
327220
65876
291379
441992
427964
285806
768480
870936
759273
401561
780816
680030
148417
82590
443208
389945
801666
360157
103501
315744
346676
764419
804822
249413
117368
644615
645501
650138
260424
894152
834955
2072
80405
730736
380231
986454
894404
653345
160616
823641
723741
244779
346905
431542
909137
361711
33214
121223
290570
981968
930407
11791
295186
727058
459541
53802
362354
105965
558353
268687
148987
433809
797711
778805
689591
154157
305642
626648
746958
658099
414306
845714
551578
755234
209677
283711
661024
67370
903373
731807
461738
192969
29853
762122
508390
928072
701825
156735
621286
957456
833890
532251
404733
717634
769699
205415
13661
330673
966236
156512
543653
334000
23980
372621
796226
476142
319939
883499
982319
822007
615001
763964
243660
421898
844424
83470
167457
117064
299147
349172
294923
498767
395234
460120
187004
759443
524671
929724
716933
241922
707067
603283
591226
706780
268089
991624
108758
300810
712074
852463
860531
4643
972800
403754
178597
559204
425869
772543
527443
624814
289655
367471
364288
594934
169365
215284
468220
226391
543575
744613
718119
178914
996329
797857
322766
9901
666405
432849
473137
380846
815443
1373
579602
95578
948632
411884
482364
152972
118092
150542
292197
553045
242928
110797
93014
403290
174990
727345
555423
159628
677457
81062
657204
467368
160526
869996
355560
564553
507837
668139
134463
73675
288909
747747
863683
277131
108691
952687
579529
769922
346924
574670
347485
413833
872525
3652
384599
561731
997280
726010
399481
697331
528473
570782
225333
634809
650907
300217
233538
222362
510274
111981
295794
124665
902668
752569
902826
694929
832912
449025
284260
598213
62725
212861
749759
504141
253499
814473
499536
261633
527562
936405
809396
220172
303902
302457
810176
797268
762142
39864
725812
57183
408514
936423
84749
872310
843594
937174
847908
685753
834502
192778
270281
333684
434557
258984
130256
84476
575723
773326
95641
167203
700357
220187
656575
853066
336627
636154
575676
915292
351446
514068
334761
118819
324459
372602
41015
314982
813453
573781
722145
903240
263487
881022
341716
777962
324672
25693
692823
235785
369389
410177
829084
582651
141981
378583
473074
548354
137262
687819
234785
563097
325573
599366
302183
260752
139968
657983
540681
837911
377555
922519
196927
5186
146055
186760
346570
934000
632309
341880
572439
364212
140027
714045
849357
264689
811063
197375
578983
492224
630309
868362
584962
46822
993926
364513
843429
560054
50761
223494
153358
529104
174074
860597
234135
40011
65062
820823
557282
438051
219874
923922
533421
979640
179182
304921
387936
376095
508387
392589
771089
581108
451052
602822
179870
46188
270930
531917
181691
601218
495740
521572
967532
537031
97591
114375
843095
914852
575607
813170
50417
557048
913945
165851
723391
960997
874956
26549
483546
724749
231594
760335
586178
253074
513719
545030
624334
904949
964317
52325
435042
214557
893019
206132
319386
563124
162407
8
553782
55985
165665
91160
208522
540653
759506
430679
905255
717276
61400
253869
720687
147618
390416
189645
267436
512217
562186
807612
518352
210910
556490
145082
173475
33418
945293
596828
713230
503390
8150
159741
360374
785802
427397
6277
984946
124177
100619
123769
599399
844040
849036
624995
373338
659279
457488
312957
478828
778131
669959
133700
37145
740767
861140
962055
196300
488566
546609
409813
599847
196688
460127
275088
606555
734688
159889
628575
965543
714887
495406
203175
314251
853942
49763
838665
190355
588485
201866
410599
585737
976138
820048
44664
104254
43118
586150
829563
450188
356195
841790
349189
61070
136361
277687
598678
632511
604367
475786
602129
933530
266211
106338
277663
898425
27819
455720
788236
122993
569524
236141
341744
762229
786160
155022
785374
778798
893820
506866
871323
246635
367726
641474
237278
253585
66945
210344
242135
887269
295193
814907
880158
474057
739427
657031
938272
42053
269016
697015
150217
432018
998210
817860
600960
390697
997556
138133
220657
305881
530046
959846
161213
812100
137646
404219
776040
666399
27138
508822
151547
32384
981485
393761
460251
460094
878568
298460
117626
862686
354469
651784
837909
427148
726334
636115
733926
598460
833507
863634
640101
847700
438285
700535
290452
990615
633077
20036
573644
673123
266450
346604
356994
219085
901287
855824
298074
202560
774004
516718
34893
230809
301768
214590
143584
202600
609610
604848
820601
250
540218
63162
716165
915513
142831
267217
710514
596251
435610
13110
336009
768982
192161
636179
68210
60640
307769
145109
100921
854751
914925
665609
356338
727408
210291
951386
512298
53410
366104
138322
750767
897190
450204
555880
221201
239230
759957
135854
262041
792799
333154
775629
482318
461758
667698
461951
682685
248343
540190
381033
10533
413895
9278
359553
632086
416758
932283
152079
987920
220446
776515
761210
452084
301843
783698
456168
521083
993297
764666
386002
726374
773168
424714
827485
739304
23513
745025
308755
346434
195550
794892
818227
366804
610391
754752
407162
411832
71980
349664
8440
686361
793701
704785
362390
414640
659762
951624
542743
927499
487154
807358
444090
811802
415649
543681
445084
394758
825128
435331
833319
968205
100553
943269
420505
297386
931727
116257
44212
504639
795396
9138
846811
881078
928032
792764
170733
159070
65879
142038
557441
528858
662038
225709
904970
761034
551100
338378
861592
210834
310906
375435
418894
86699
50484
937366
61478
150469
571108
227886
42012
842446
2454
759806
275409
748910
259034
847765
229823
293416
677628
461565
555907
23104
834405
243694
743566
36982
566589
878523
866186
173461
37295
187815
864397
865523
714767
743874
77390
991391
775212
678379
36720
614732
539054
811740
961763
660510
323060
268048
438987
841037
872469
217520
84412
252124
991472
978657
760466
590068
590408
152408
943371
548460
686395
485322
865405
184428
871954
968946
112844
1729
24723
388685
119918
442629
120490
898536
181967
453355
84735
812806
544706
371001
906434
907605
16344
927069
776403
444081
57291
23474
436153
350197
82128
478709
339933
461571
453835
132139
703816
702300
433162
159988
510637
621862
818866
683484
289290
273596
111817
151952
354554
788204
297570
380118
180316
828441
801982
210530
46993
159133
571645
541761
704022
29039
989818
804530
755030
840529
365959
24360
342885
963267
220094
131256
279443
235611
825268
933061
563020
819889
789114
809189
60901
920229
459104
226661
119623
974954
599937
27345
452530
148089
217350
438314
662883
604224
769710
174669
953634
52610
777186
88594
609292
48258
843021
902875
235695
828639
754607
921469
609355
53074
891183
502447
278021
204676
564982
965526
242268
791383
941348
858222
546399
609524
386051
317236
354043
685354
307858
967582
410735
981466
120258
578464
337014
125734
158522
974055
14302
826346
797749
862738
124586
117320
571545
518356
476491
448635
398779
550641
325705
168415
211248
846166
878801
156734
624593
726857
90904
984350
334652
718462
118211
557275
33995
247925
774286
345144
374155
480021
550248
293971
347440
898612
390998
200447
950514
973476
878553
397355
122372
588752
108450
442502
791624
449857
386229
516221
389587
264427
444918
588647
104509
790721
841903
16909
758107
959369
785117
803769
284090
465892
105543
541789
143392
44850
537621
404180
678960
540158
486938
275270
693593
11677
390106
466915
489611
639429
312663
569545
485343
183673
626922
815696
60042
118277
91269
160063
730150
563245
309470
701515
952369
790389
100760
362776
117725
389078
77174
988639
102376
78133
223557
154938
160017
24694
671099
397893
488477
136928
537185
329379
919818
794329
532998
7020
704785
468239
986665
45858
321949
892358
904273
333891
718083
932555
408200
144622
474637
653348
90856
538800
922383
400993
373599
728357
139888
281777
986381
960687
827520
363480
144679
293755
26327
631360
866801
869494
262305
168824
401873
759641
752015
49035
332473
257237
578197
945141
604452
427647
981212
483706
156073
203489
44158
81928
608579
277448
734540
820018
307593
236275
433567
882802
448628
498889
149062
812962
546371
576476
448361
817258
236488
728064
938596
450277
406069
144703
224603
23550
341194
823798
640240
381809
764788
439831
487664
751725
803883
107396
68739
264401
845794
920385
531195
266535
73246
42953
853081
245871
884615
142440
936650
778760
690573
348322
865260
44699
161975
875327
508444
309233
319584
915436
160261
583941
244015
429557
487400
418019
574246
309685
351491
120319
225888
419584
914383
212458
740098
937339
91833
291457
547997
2899
590180
909763
175147
569317
202925
666443
423041
44831
536743
267687
443429
804253
101216
442478
372015
956415
597115
586746
751799
583130
231132
860173
630660
192279
230014
763132
477667
339786
320680
3894
176855
159417
115345
749771
628953
126855
525484
683286
586026
582207
621526
30151
333502
579771
176872
524027
20708
921780
461367
826285
212095
783090
290300
13055
582459
917800
406473
916076
961480
267054
82735
89476
204458
207585
390756
531943
682457
694445
215845
788812
778173
555840
982474
39131
671280
194512
442373
271009
527630
678026
877940
518555
598598
393676
317387
21468
69474
642807
63274
158125
228670
928859
712080
404947
627574
133847
614041
438691
40613
53745
299400
929217
583224
519836
646599
175607
219659
669866
512766
382898
722610
261480
529696
782494
52756
209190
334226
122266
536749
185639
343804
702651
555661
897787
111079
169810
221558
714016
947661
729990
633596
66899
576183
504669
603102
152760
553943
565254
929486
183271
924717
516785
297174
456810
607531
425766
278899
344453
234735
678972
937876
843244
361067
895010
873440
565562
858709
688498
593331
666800
435916
577959
853167
855974
102460
663871
459583
434971
788769
970409
10525
943303
113371
210697
702212
757945
44128
197150
764727
328426
260535
836516
691493
103106
244668
592292
130972
954158
911890
429371
807846
876790
347712
255388
873075
680499
917058
211405
363840
909356
550936
307232
654570
115617
841302
649063
4765
39140
315402
852551
678888
396487
84146
843123
492967
246393
466588
613606
977532
251494
476839
226405
602229
184833
647309
238226
652745
561949
422857
883058
256974
90718
335667
121472
147864
416872
467085
796581
880620
566310
353224
548869
693243
599504
785927
562667
702845
426246
286769
767898
182990
286418
362571
386786
452909
97076
151900
432600
363655
530974
163782
259403
362187
112554
200619
445807
871801
894400
135680
669099
663989
116481
179209
589039
516504
671208
739224
651981
242730
873795
461908
204362
194399
465606
805870
937521
907343
584648
974844
872485
218968
737111
517533
594957
41391
181861
933535
411486
697027
669531
407563
578681
460759
109597
69904
23123
755362
542905
479131
427857
636303
885304
391414
537953
730962
309045
866862
750295
274435
801722
678785
326253
587250
837565
924438
524194
49528
439719
493281
565638
420749
457723
729299
60684
577421
547131
160824
896604
572259
941213
59485
447809
342534
835314
486347
946578
446565
906974
836741
418182
762744
182679
993254
672832
283925
407367
483039
38649
920171
839968
337477
974245
463959
945155
332230
69387
886498
468119
135059
785215
326102
918641
812733
459463
688286
450175
867555
186263
384223
646751
233856
170769
661162
815421
73502
97451
303
41189
128849
875214
782496
483083
723827
750892
891081
489164
821904
935490
656311
806827
995020
856171
456138
424039
89290
304065
25837
127504
977148
492752
862217
317429
872648
279821
360831
842404
271642
635992
626148
541114
19541
955135
679658
477435
704741
340742
322595
867502
848227
602748
591229
386453
571768
712668
367498
473251
863054
995704
709676
194996
487704
943039
861452
845421
372948
468279
735454
533370
433595
455786
910999
234846
222401
316406
388200
107997
857046
565254
616630
49483
882579
306273
43554
752912
476015
962904
959836
571349
336492
613316
388343
371750
326239
484560
525574
668022
349809
278953
791419
527186
688976
947946
336705
776025
325445
616789
249992
414479
397038
623866
559534
357173
323594
583618
754264
908307
351747
119018
102173
886562
834296
223650
512341
797527
192393
780731
534603
890492
3841
130854
837267
4382
437146
668966
313407
468826
143190
548405
52385
783204
362979
767642
352448
631792
125741
299135
671522
685349
359603
500427
602300
246459
786699
328623
79534
877275
758056
629683
630163
780229
289444
181775
332748
467770
382074
789717
212298
423851
420960
102827
688204
183599
627477
260953
699254
290968
903765
100567
197587
821134
293349
221383
804743
97127
450202
450698
998645
978739
360650
437902
547179
923450
805961
176556
717771
777183
201862
298035
332658
387481
442975
439725
854105
675611
571757
602384
197460
663451
11985
820907
639369
518714
41878
422380
617575
252265
921815
604548
38956
441949
455362
737539
437204
810455
232224
431305
467337
816763
218731
148099
307931
238739
318124
91575
527779
325139
852195
124914
770246
423670
340000
309171
82989
57574
868570
197398
169902
405479
217322
604153
756051
240491
814001
245145
677007
521434
671480
621962
600076
506058
469415
659618
880986
509541
604864
874928
245159
201624
58605
926397
785907
845639
280415
331394
311463
817141
675507
894986
704444
438961
377493
883321
589135
935315
47847
96984
608545
164111
959229
747498
218865
859559
888638
878212
479673
11863
733153
871376
479427
708567
797549
832272
504961
535830
315424
862663
551269
604240
181754
605696
36804
383283
801841
213651
675572
232717
309610
682957
519415
300636
874406
857329
248390
440321
326221
297331
43703
367858
256825
813161
640618
528257
505931
548072
508423
858594
166296
136752
132330
519497
981375
49836
90727
853308
548811
768008
110729
877377
193469
461206
484461
469348
916499
999002
215955
729380
559467
856616
344097
459405
439506
447078
797748
157063
632187
895814
309721
291842
221101
348584
29397
812572
852755
563383
212639
566087
257204
357115
653000
657466
578874
135017
332578
140502
204447
117165
614666
354727
390340
449446
477025
12297
19991
159055
362270
533719
606043
92664
116978
428685
535279
88015
254089
496565
587187
78072
809795
378349
809714
576605
359401
457865
441261
199199
68048
236492
699186
835969
257418
515662
792380
906706
252705
967696
450401
480948
868545
425250
678724
631036
131293
710701
542969
360322
828726
300867
947641
457423
492304
716910
362146
899297
195612
628168
880011
1821
174436
615029
509847
791482
826586
881946
303605
770214
943
422691
469451
428715
422344
544731
188194
882024
739329
672378
576054
259555
151436
757508
913758
737214
428084
175973
847210
549551
829217
402166
10301
304055
865748
543356
398386
877804
261217
241382
124031
676415
707727
276324
145671
62635
441619
710541
649587
475928
636448
807007
749481
924222
800766
210862
570376
355267
918069
635775
733703
620534
9919
8036
570854
307009
390443
435276
189575
164580
958814
569720
719541
969850
814595
556451
709120
246263
576445
758705
198121
674820
547492
349708
544158
202192
749760
876286
652199
104223
904741
737668
721371
784720
79114
532824
481359
896017
947850
220163
883218
289247
98210
793572
668573
161882
716543
532746
961779
959326
783206
443914
436742
509271
204137
155112
333586
494427
259397
385416
395479
856205
678237
38027
130162
802605
510308
717861
390546
73910
849629
568148
423121
177841
950898
756186
187582
687719
534696
323067
648920
587551
582511
417809
251267
979122
3126
80501
607308
698651
49032
617589
660340
570310
527157
553328
566825
543369
953941
283708
20681
322555
264971
63157
365939
59491
769980
818386
866016
328827
86459
532203
156966
479175
243928
546430
461645
658393
537385
536395
148836
3635
274208
963282
267315
87866
950143
139673
462746
450217
745004
679542
381334
752994
883414
594846
590066
200702
424708
182207
247191
214444
420224
22870
698514
14598
527352
735998
949309
733238
522889
583455
225480
563388
776013
631649
525492
479477
185444
816976
144002
748958
907609
45775
53651
123940
711752
815962
130365
421758
24629
224068
609792
445217
281562
891612
17534
143037
785795
135624
376551
787014
895377
566108
12529
131827
760811
18567
936013
698050
735648
963027
164648
102211
433658
989650
35789
286759
289754
856587
223219
325503
124495
966080
86466
282418
522152
923853
710068
649411
374158
116653
396643
622258
296129
543402
889143
642549
267952
276563
853549
341508
808114
826471
443678
593675
110158
589325
683387
694709
115201
719415
749468
633980
313758
287035
574544
106010
519740
731450
762350
491056
810977
610167
462824
138983
325362
28415
791021
371717
597385
702472
278693
448304
55367
737759
500231
914572
152615
843964
177546
827230
228787
483760
130209
755342
591321
612879
365341
883427
900809
424551
202106
236583
850464
936911
692295
749670
191089
987266
883407
626053
996778
748328
907213
883170
169163
252228
924701
435481
666102
14162
236373
49105
102862
782139
336206
34133
942723
970314
603326
954859
742615
140822
757910
785497
672058
602152
333586
991657
308588
327163
284209
248406
960932
86848
530251
70211
7651
717841
714975
147182
847691
858127
943627
698440
895901
770341
139644
672065
54404
864902
276060
99588
58534
147100
957797
348419
666648
488245
694615
26587
831060
770599
301804
256769
552625
873977
483554
78241
672422
765332
668887
473664
586086
764256
731028
123189
453050
51449
137757
992443
882779
156122
996220
366555
581138
679536
341681
943911
710896
613777
586771
999122
419102
856429
532180
273374
678521
582857
611238
869692
171303
706967
710419
930585
456965
572321
385672
815879
518728
169024
946252
731205
33544
477064
123587
824242
376449
609212
606049
580749
533637
986287
8522
677918
876833
219438
523521
39535
661113
825948
419098
816156
819761
452848
815042
591733
967809
612750
661716
412746
445835
658045
512228
95086
315134
864723
639235
964083
833055
958026
846454
37981
314107
141670
891824
565721
781869
593429
731246
223618
616447
737517
308639
938602
825035
186023
331246
525796
463743
66442
971170
521586
941367
371128
616816
983839
705940
122205
273978
211282
393239
205105
917713
538343
358795
561382
641354
956574
793060
131476
335697
859366
52414
557386
528209
67819
114044
813557
932429
115636
645285
686821
605497
313046
907625
801672
123442
705546
95978
878804
706861
282389
779848
390658
333140
656637
703564
847283
356076
256327
878288
209753
804951
757970
412752
269369
210752
432761
910077
183471
262570
762504
180383
464834
809245
554080
812504
92378
495845
87346
941140
498332
95092
344737
375230
185422
335525
89282
599482
815872
269662
414128
164829
755645
832548
269945
258999
989436
362685
439525
597883
530230
153637
745169
424108
166835
911804
94563
784505
461175
248473
82699
682809
811193
87843
611972
390528
865613
315124
836109
583215
223648
166090
338149
955780
625691
168735
380368
772886
914567
180586
288859
245091
52610
728936
627641
869714
181513
435881
993695
218380
728837
338370
292574
503001
636620
547659
647414
146826
436847
245350
10504
39505
956788
211741
455480
251070
10850
443004
536709
795062
275048
501958
132204
759481
896074
781808
190737
187784
627156
91841
324320
83635
992858
705904
723420
434122
642560
429573
921449
431049
775852
39506
180886
266979
626428
524671
579041
624487
170566
232982
976132
447307
143170
408622
580989
416779
300753
92191
711663
107131
557923
693763
877353
442530
757714
48454
946120
953061
762603
462832
298055
482219
411957
668277
474713
225135
973557
590526
738840
57900
245559
781171
100642
804587
307553
996559
374446
654576
749648
102903
31882
134739
385752
622379
556123
711047
490082
36688
724708
953196
871863
117516
423944
696815
559837
570170
161470
80641
993599
781017
940470
148758
362983
822991
781400
327938
757528
565810
352427
943241
31488
656137
130419
694107
370212
213311
810817
443016
912489
91339
993660
580333
341227
688400
534196
707752
518177
772943
881126
50335
310602
80043
798981
328749
7340
515797
462994
765784
287811
702503
904649
815149
654438
655393
600489
291360
919544
705604
455016
725631
913436
814287
367406
963339
756535
977633
670160
530020
698622
691817
237341
355003
546842
90666
68816
561739
156366
47891
800464
528472
201133
547883
349931
358743
806194
624955
968416
746264
464805
509285
205364
201358
705634
905905
204093
589993
668451
620914
455413
534656
892431
960980
101710
962851
321766
804972
309172
306245
521734
182862
557621
219419
332968
585475
526797
630568
791475
538932
620759
937338
828501
925209
656822
994164
109057
46286
744013
776575
791933
794564
643646
419639
317290
71446
733895
999103
791153
539493
52282
497789
116570
635218
965473
293477
8053
487813
17324
797651
564779
938787
60591
331741
787786
117605
19117
18724
55370
915539
216810
211329
17717
932989
898619
209240
972003
919431
257273
890580
757425
260586
336586
151298
86642
260078
13116
176675
321790
987866
76463
178280
808116
548281
819927
91161
730892
881299
414908
852644
826799
704598
253316
562319
129540
872044
919200
449094
102553
104318
425462
982926
223985
292209
67236
550700
761142
410687
491489
94112
278971
107180
51950
362790
122943
184140
681905
885087
80640
333079
834029
826611
151585
988973
930346
423580
646194
973518
719194
197661
367431
515819
206913
989405
49388
601065
998056
346552
254347
846293
798182
693309
233812
694358
946314
879521
81234
700539
553787
214004
979002
638421
612821
137969
801836
251815
16564
220936
859131
185979
675014
185372
362324
504488
661150
622178
926984
159864
892904
190099
701380
68166
92844
992596
658108
316573
15089
262260
436097
62418
718313
935173
131410
269541
503352
510426
450335
946650
142706
125604
705631
666206
837961
225784
692367
451496
386842
977612
183350
486360
64257
749592
670544
807
471450
624762
601084
918391
468945
534195
718323
380436
179686
256972
228940
84559
816204
808429
424513
604827
643369
744756
50067
350511
973553
255736
844039
305479
873993
88459
236316
110573
18753
92705
532114
696468
242515
536898
934464
543557
472767
752829
65783
565392
717524
103902
373807
584473
704693
141297
714469
662118
105911
483085
366372
121454
219652
487083
709894
121765
596317
987540
388362
920913
11632
51814
233958
887197
595124
589934
429035
6093
739210
776504
237289
460170
775632
810299
459519
563527
234933
595292
186655
202998
71552
255189
997608
637009
213246
834902
998610
238056
424479
264258
37568
589910
44055
476596
151527
239867
276243
363351
253813
295823
456245
190591
879282
892810
663789
38524
372822
54128
864934
635738
261196
699703
647078
853183
679879
92563
695278
927534
846072
146506
816830
126335
779605
985833
551018
405546
296818
247422
345553
640999
755381
528193
684010
793097
562578
187798
623615
981616
698514
26368
625264
903314
645087
762607
210998
698454
980376
605463
815035
708231
503126
343277
281727
407123
785400
352090
870591
524839
327835
335170
176475
475232
138969
735411
947366
674280
969310
794855
672209
864045
814209
414312
929986
249614
873230
943040
577811
391702
866384
142532
291704
843477
368799
785141
356742
639087
87105
530300
735672
163546
140626
294791
939419
682253
497501
721712
907947
787210
592265
876266
463728
762844
81369
613241
898518
448758
753640
580939
357198
59758
558213
104774
432528
385176
128210
528958
768460
883732
510688
173927
957937
426016
1694
784101
207209
778991
112961
855927
858643
817065
800404
481846
39924
188759
820329
110366
229562
747418
523445
794869
519069
333182
57340
32083
376456
264969
735309
120362
571585
724391
876797
18184
880173
563146
684105
792252
761099
169806
856775
399372
108037
292415
349145
711988
96745
584961
912027
771427
578398
561408
63906
508905
105636
873071
527771
76153
993154
63023
885723
373164
185569
549685
395678
581109
508965
554566
458899
351578
297011
191486
531437
245041
2239
419101
698459
852798
828718
108439
258727
969220
638976
571124
503799
112036
108050
893369
923392
223850
327986
631288
772330
950472
438548
273445
340300
527937
958420
50198
358975
413845
646565
485562
340204
602214
654296
234706
838426
974224
450767
112152
818052
181627
512006
753091
358044
892825
462748
722137
909979
762362
256048
663379
306825
916809
850037
14832
990955
298017
454158
337214
473359
482214
303487
38697
237783
745869
465061
465975
304008
442017
872017
743836
52907
338206
322320
609928
246931
23038
100045
705874
738641
36957
335061
389160
161812
432708
211096
47605
546897
905517
442863
582976
334738
234308
757635
960521
200280
555849
644848
749629
743126
874355
967966
237918
968003
698494
406795
256439
691751
183678
24701
165972
271751
739552
135785
694533
382854
848500
651028
856245
314905
200071
152978
509593
833007
347597
291555
158215
222089
37770
389728
993215
217157
720946
866629
267691
258531
380085
785491
417667
786697
441635
980569
648375
173851
180334
537328
388588
335568
788701
121778
898692
560175
19424
552688
497621
13385
381217
718123
602830
762991
32613
847033
540222
285081
779861
474083
39430
268393
795689
467401
540272
199349
17614
878216
172320
470680
26065
405052
650495
85860
797453
912777
98244
475286
821582
260972
439259
493861
173574
421898
486676
484577
802062
437113
335059
744794
889953
449760
856862
465459
955176
292083
603484
64908
175109
895849
951047
621395
830283
165651
231288
681194
223567
707615
527842
894445
595005
304630
169957
281552
84503
31551
80192
895670
970982
391252
428834
576958
847429
503716
980918
173429
889747
839731
694831
17173
771820
184797
792599
91773
117283
363951
708889
77722
366814
74931
93053
753769
823517
141142
41524
352050
143505
979548
434171
355351
57044
567332
107351
48413
724941
250139
843084
313809
208133
253477
568004
515677
600977
713011
915984
224737
990535
340958
655106
863274
892904
998059
59070
897364
822648
263266
536574
626193
955707
497014
266344
889053
883755
343251
31174
488698
409133
707702
694979
920863
496748
932606
312431
769407
413845
835333
181209
161534
903909
452376
878490
515603
507727
285872
162833
917096
401725
871978
410901
107247
305973
497626
990161
616560
742098
62476
181043
647875
923518
848345
18983
89557
282729
150331
467889
505807
674309
732292
464086
219178
877984
318830
377993
957791
489922
903509
794863
207089
331359
601339
31168
248231
879917
376973
385738
297523
277102
723629
318015
632463
100748
19633
737419
41497
281593
62077
265146
482281
6820
535797
817839
7650
108963
725511
908661
158490
464799
770359
398798
922028
454522
233944
484005
875373
837092
221695
176572
764668
657944
477518
501795
475045
735189
43881
457506
958711
568126
82482
924744
513894
171299
769332
724926
756579
948022
58900
81540
440575
511286
578755
560136
455335
195381
313514
609628
124433
975859
140180
360236
427158
396229
522268
962486
106017
458284
603243
999980
163272
917871
543862
352305
227257
819054
910210
291207
781630
198384
203981
34009
528238
360048
335048
965850
278142
49766
942196
215903
869660
949374
433065
980163
939690
230432
837421
507472
939127
357229
156694
854795
123138
239123
600261
434241
319241
548194
882554
918053
650673
438965
139034
154779
101253
314929
971029
246831
531427
157941
695421
105986
23790
729127
938159
204082
274845
714754
662336
702422
909430
657314
785962
973715
781117
951160
144858
716672
259182
626864
274766
388172
526321
978859
672793
644952
349774
249517
642606
909767
38121
471642
412319
490400
16513
509572
252362
826313
22570
78098
287047
768292
933700
425121
457296
933251
131691
457897
5976
16062
219642
624734
209194
463645
40827
603294
215492
82282
562476
73268
45094
147577
654288
267542
188467
661330
186952
34756
101567
788804
180139
519632
139560
250104
529183
482682
522859
952901
661572
81835
860376
897409
844001
33312
559546
969702
167598
991573
227966
443861
798652
661265
813616
420646
121406
589765
216673
982810
209666
320977
161369
536227
610435
625173
724467
856819
786295
874450
763204
728680
869625
531247
422719
555510
12186
735445
85594
307183
17936
496114
692444
411379
810489
976205
722739
197968
973758
786879
294961
532163
77666
531489
328585
460582
183758
195064
724934
70743
179461
268328
987061
324905
574031
43166
504372
137111
88776
186473
872025
747503
328476
402663
374249
852514
867164
305771
41943
160780
475456
225366
453291
883008
771475
840094
722141
401204
418381
187329
935926
862136
565118
578840
473135
279656
459943
557198
55246
669132
811203
377142
338671
747268
282269
868530
709442
112450
389808
200864
736500
868629
473781
713222
746632
889600
260926
869452
977854
476620
879588
621465
272142
220415
822585
404571
332445
805182
264310
568888
37274
749092
799498
738927
716169
658538
340071
778650
474922
708341
734157
182808
920813
617046
30688
714016
38017
373
518860
841667
556561
953084
969367
763778
526902
217223
756518
689181
558583
18875
815576
519181
424445
181592
240646
159978
686369
832679
391094
579881
938547
318825
192359
243597
78574
322380
794361
6295
250625
953026
103297
903389
559953
656668
356467
232253
764037
832863
63093
347841
618591
13388
82627
356406
492557
507429
910729
889832
543227
925481
772438
389539
62803
638340
161173
322857
395956
445012
659333
293519
231619
446696
309268
752854
551589
616653
485206
313589
445929
697443
56590
737762
656437
881823
366546
180920
219563
488366
256382
487911
271531
808266
298220
832352
287091
485387
791469
991531
865667
292628
156103
977575
360259
443587
261652
734151
477065
401285
213436
740876
71380
544222
175372
365272
747060
661136
260461
172959
597118
690716
839841
75798
785707
465481
744034
781914
704299
855303
664871
300784
435587
694604
46717
951564
364550
186532
357248
247497
630769
807815
192810
780420
286560
929669
36646
535683
388879
836867
117106
933311
912341
245802
19378
909570
840792
44085
947571
482761
474216
194610
735307
925084
470785
542259
713088
299525
558340
488861
775971
435766
975883
418222
911627
604070
135019
689514
393263
184348
794794
533048
807984
363973
258320
778997
315550
989269
991296
367457
424117
338236
281045
303181
911741
718888
684164
146754
133667
918216
0
0
0
0
0
0
0
0
0
0
0
0
0
0
0
0
0
0
0
0
0
0
0
0
0
0
0
0
0
0
0
0
0
0
0
0
0
0
0
0
0
0
0
0
0
0
0
0
0
0
0
0
0
0
0
0
0
0
0
0
0
0
0
0
0
0
0
0
0
0
0
0
0
0
0
0
0
0
0
0
0
0
0
0
0
0
0
0
0
0
0
0
0
0
0
0
0
0
0
0
0
0
0
0
0
0
0
0
0
0
0
0
0
0
0
0
0
0
0
0
0
0
0
0
0
0
0
0
0
0
0
0
0
0
0
0
0
0
0
0
0
0
0
0
0
0
0
0
0
0
0
0
0
0
0
0
0
0
0
0
0
0
0
0
0
0
0
0
0
0
0
0
0
0
0
0
0
0
0
0
0
0
0
0
0
0
0
0
0
0
0
0
0
0
0
0
0
0
0
0
0
0
0
0
0
0
0
0
0
0
0
0
0
0
0
0
0
0
0
0
0
0
0
0
0
0
0
0
0
0
0
0
0
0
0
0
0
0
0
0
0
0
0
0
0
0
0
0
0
0
0
0
0
0
0
0
0
0
0
0
0
0
0
0
0
0
0
0
0
0
0
0
0
0
0
0
0
0
0
0
0
0
