10000 4108
801821
24443
570516
705247
36686
873847
94191
183065
388509
611907
697306
277658
601024
903526
583600
383622
545310
102384
355689
760142
646548
665514
70224
463038
758281
718814
417953
212848
892534
214834
933996
919880
46231
218848
30687
939503
496001
783830
706892
780047
912464
16528
733840
805501
165915
440754
548330
246362
533101
807251
908332
441089
101206
482669
297099
620599
102593
425378
48511
518072
539352
663829
484805
217294
682602
318146
419190
122136
249663
301508
451759
216590
194827
825706
553822
462480
303291
179279
544816
766771
132515
293341
790544
240323
104273
893906
813312
668594
380618
490022
713177
145590
422921
232447
533621
952538
839759
793442
486433
819430
876471
540707
196569
637632
219173
784302
684122
430631
257593
540894
266974
525589
77577
611864
58803
650338
950703
90
674423
250021
256086
747673
492941
221464
903818
618331
651248
811060
696031
419578
112903
392093
609018
54279
991694
390955
167100
440814
535531
577579
570678
687139
291983
5056
435825
654399
338304
324625
510878
363145
296134
459249
706890
345881
149321
889837
798102
751596
542342
745722
686842
289648
763087
969148
936732
92763
267616
197471
160025
429159
809150
220688
912506
642357
801248
174022
249909
210016
53658
484801
398758
367035
801097
992624
276058
685802
703667
914017
267910
324847
367523
473669
693807
609464
28180
853806
694820
669693
544324
582483
406349
828671
349336
527950
387030
415656
755526
65818
471071
94446
183419
283428
233014
786115
495721
74367
745723
13304
962118
251880
136657
915823
14898
535856
443870
419503
990612
621194
300096
587780
863672
794993
379824
424811
622604
850846
185189
691535
104894
850649
404091
663168
660143
834567
591854
353746
732899
200608
655921
188288
224152
707651
786793
969241
809943
600937
621869
694868
737165
21313
956975
703322
706035
288326
929146
188417
445035
677148
432057
779686
247639
824837
162908
256954
758689
890254
376821
486171
87225
732658
779523
349412
576933
974900
434336
242014
710787
665975
425842
446396
771435
438584
849525
159364
175583
351572
255376
187964
673241
905572
111331
110081
693766
663207
146143
657012
338189
695432
80852
58506
635339
597393
322027
309694
767930
748736
17329
676492
388152
401002
89463
534375
586334
749927
316483
253189
361731
850255
137587
808575
500918
96223
121699
69780
328420
385494
405479
65611
739446
268553
399695
602135
692908
476831
79956
757748
3012
83955
12719
484047
414013
610495
380785
182222
257178
479466
756891
257295
280110
240503
770108
462458
886682
234505
295555
25447
240515
865111
357978
874056
368373
526841
326936
314668
560253
351529
739225
289143
34191
86628
922552
141733
630156
249825
163249
133820
786065
392030
284415
663115
59521
360726
993111
401903
644605
975488
213014
972184
60788
92284
332454
732313
979652
440414
420503
980944
248552
140689
441028
696882
345670
39797
288868
171637
938394
123460
816066
899387
908377
588788
353885
150392
439820
21984
107108
718794
439831
574724
544206
980755
160957
971286
179444
235186
201399
41738
391218
190060
472984
214262
786193
674871
515222
464141
283706
417018
288457
83018
709244
849479
378966
368176
548629
799386
361575
240620
322895
144484
574926
208357
845380
703164
767318
408169
12562
747730
126238
209975
607543
476236
596183
158119
777588
584863
181638
862196
135053
25062
740291
763177
447127
462380
370667
424207
38819
837639
41060
456991
467564
323388
925362
140307
117590
998053
20687
228367
111630
879091
492799
896616
932418
360363
150131
327098
45636
660616
847571
596108
961917
478486
773165
979409
562697
569437
70216
435098
343193
743477
999756
746042
755015
645925
556399
442039
195866
266082
408936
651298
952884
880693
937373
958649
319021
426295
89686
51026
730056
537971
952229
335470
633171
281418
853168
239925
97137
606260
876432
644667
165561
510536
283628
379206
713656
813249
173393
547797
677292
780755
668199
674543
354373
196765
104491
334103
10629
395518
374534
200760
401532
622583
805815
985895
820256
788850
945707
880307
541307
630231
501055
725336
516880
100754
112463
438542
333148
7255
741495
690213
204046
192577
267635
982355
619321
672562
622007
721435
878287
134772
394085
62094
301228
371388
690852
541914
388911
514157
324027
352689
861740
220216
839915
171274
902138
151461
397327
513305
310347
327339
614296
952738
163113
612366
824371
564440
541875
321366
998076
437714
728342
326016
436252
769303
803169
555968
612154
539120
876067
532579
55688
459716
785889
330264
825005
421060
239331
164082
570302
862917
144633
581123
22492
308324
379505
44655
218691
153225
344229
290972
534384
169236
794364
244404
350037
419860
522786
968858
736144
47085
517023
247943
830070
99245
748537
881601
487420
707080
714197
963417
417562
653166
430817
344189
817883
465778
924286
964092
926787
615645
122445
828935
888765
342926
947948
888186
74762
369886
219799
957835
596129
2534
369621
349749
757214
318407
464970
241425
738059
499887
332309
815277
89612
520172
955769
508823
541994
286847
172141
476357
359044
316052
513721
384186
341952
773661
805439
55792
804985
566499
507807
611106
410809
419293
545606
260016
296940
720329
979960
193425
863196
289526
376902
200938
596692
975838
788611
535147
897250
383362
596237
208133
505142
974879
67921
1304
542653
651468
910193
450489
594214
135140
630498
685926
619576
692178
192399
20272
668056
818161
853494
252795
536871
376492
377862
94074
977686
648021
438165
164079
704897
70666
651945
946311
515400
776604
972729
9671
889443
915976
78765
58955
866581
450667
694388
566601
490860
274343
456215
7298
459435
728486
344408
959339
175603
420419
556433
984724
43387
187179
217916
720655
944620
709453
496958
368696
350073
249926
671153
558050
801987
140638
754820
705431
876880
337939
871527
833327
562741
260896
701626
396306
338213
667240
614814
472444
556781
446322
186187
772211
39860
300994
624680
71306
674052
149943
264373
550227
381055
317372
489469
664650
747434
978375
342759
474626
558251
375776
585240
710080
376863
614380
48238
639870
670791
711325
75283
466278
256687
638355
170064
854065
362357
312866
836081
784547
98573
144353
272105
941065
14570
835866
564418
156679
376418
250117
623887
879063
329338
827947
462484
814044
588217
955756
622817
66522
871472
218522
847955
1840
617230
676002
741743
153674
531968
385613
938241
340972
325007
449303
582519
353652
136174
767737
412371
778494
629804
929358
179579
903415
851732
147708
57494
959387
726605
965526
898048
515808
904673
78063
904279
674355
151481
673696
807362
260719
995044
229640
519227
698194
737107
665360
938328
181986
765926
987532
270196
3376
988605
856403
667687
697723
102589
381306
557265
326921
938928
523033
200115
476462
46132
119246
415363
548012
306791
893501
879187
878479
600968
398983
394417
940344
927686
38416
376542
506434
525097
330556
427197
641013
709817
447458
918477
892695
357520
422780
473782
381072
800054
325397
697720
770097
603768
322429
768154
739416
786824
933836
317110
435927
788658
13352
265748
794865
330381
18553
758343
784244
489197
982988
795830
670917
118050
818991
470751
957716
83971
895427
704393
986068
659036
812563
279480
762799
897282
42260
535560
963448
600752
485756
877547
191504
990769
78858
785411
811065
326673
94989
756212
353204
229613
60654
971377
583487
158769
938613
652437
874337
290333
773249
748815
591288
447176
271342
140410
151273
285014
153808
607396
323394
393759
855888
371817
376245
46286
223814
526909
218019
480598
511414
235936
692264
696617
289704
85291
360317
16149
842235
653075
746771
133197
457120
772766
744109
255265
367237
53738
521122
516504
548009
676999
394373
613937
757801
260614
321531
937398
511054
980350
853059
820528
282541
177137
515879
525551
567933
266882
629055
229848
761166
250483
584324
73210
242602
107555
113763
330182
810643
740974
119345
606192
969865
157421
204978
566342
3281
990441
936722
567722
980697
17874
956041
772884
95459
209065
954306
383772
824705
981471
685252
932465
726809
897436
689036
242310
497606
438125
19902
345861
701320
151565
57145
39435
109702
511035
307674
174354
602888
981027
315058
448860
568357
721490
104513
705991
848727
701186
584131
679210
822728
780743
506886
929813
435196
208877
940946
409579
458256
559660
241129
283281
506858
863170
449687
438526
547308
488916
535014
297741
872990
311865
176500
378630
486778
203996
303416
340909
977513
881573
73767
638407
8485
115120
885239
69336
508459
896720
953918
273774
943393
154056
583512
428876
358641
29739
487589
712341
637569
321102
266933
696423
286342
117278
768952
926660
917909
857126
646191
850857
853503
575174
62753
254899
255697
208786
169407
170959
469695
447133
299968
301202
79749
421461
804079
783566
465162
202037
581419
641985
30568
632020
586333
233926
33371
428727
809360
236302
838230
38512
326979
755580
413928
931372
272342
261555
287735
153189
295190
931882
572308
636208
629883
323077
917994
380554
467095
829706
948599
462891
131679
401993
429919
974825
870701
582071
728415
741622
428959
358603
646653
431992
482019
854356
717949
964207
487445
945511
100942
55754
630485
561110
273904
202740
170663
858363
428033
51935
390655
329614
461565
388221
171277
585439
900561
830270
536466
921111
790095
299471
403043
861023
807892
456272
986579
743729
433992
73577
229126
369776
831037
375784
962768
13406
416750
24487
317497
34244
379697
787488
241669
350279
933342
727578
546753
765178
391154
176994
379797
837046
467904
202541
945501
44487
360478
690843
868863
966012
399602
352049
829657
18514
624334
333002
966066
381370
173487
789370
53541
753746
255211
710669
749717
558222
714807
328785
252064
32188
224657
948497
202341
299739
4638
297677
896850
463608
44047
687564
557443
867439
819241
956069
811010
696758
185422
339096
798059
928173
145810
282739
664388
444063
853304
293821
545915
988551
938196
241507
537141
532913
530169
904018
385528
997395
804326
660791
235783
148632
691505
149856
345859
754016
511888
924228
389555
67628
449827
639509
402376
773749
754046
560584
822308
89323
143116
171901
389514
872719
657450
125022
533765
937611
814952
460893
42282
564797
446262
495861
886414
437504
372112
952206
75244
154593
285476
560645
61564
194254
619034
221153
765898
202089
389836
39394
751680
615012
726875
91192
920454
395160
723342
729676
656143
584475
158739
907053
690982
61775
890060
975896
274745
451958
521992
677916
241083
975215
450343
725280
361754
478392
638189
511715
357173
783693
254446
681292
55360
596204
308623
650555
221299
833311
253362
475249
955084
264017
617641
537623
604701
323527
920789
107926
572114
262104
951387
464474
412196
609520
629003
953377
784961
532700
151466
331373
291564
678739
248514
280952
77500
728079
122524
727129
239135
429565
280166
208591
124472
173801
306438
367992
646765
779788
958600
998562
254966
425182
18516
501376
665059
926324
237600
132628
298951
174611
222429
985316
461063
51742
421261
639328
960761
865613
797062
258990
185287
192850
211249
333810
659514
952429
591149
337871
224327
221841
598746
207742
537551
580011
42947
958572
723775
812087
109483
696447
746817
535806
150281
143984
768245
654690
503670
361766
585843
941276
12776
62906
154783
351197
816002
592680
702028
525655
4308
401746
398945
771600
953495
479183
600184
908993
392574
361698
259524
60299
993369
987586
75074
562893
829184
55649
980105
645034
648039
698275
599625
895115
857434
604838
160382
511585
310880
777703
736737
610747
723243
199163
702732
241452
953005
368099
883688
800493
915333
421625
820509
633352
425968
613316
147362
181397
127046
485307
119919
481401
273874
25330
859047
507636
432398
752739
21987
21453
23001
266023
269074
585287
855726
212411
476603
285369
26137
508737
419304
648282
558937
828323
843741
469440
294491
368449
63561
994771
887142
659903
697661
239139
960497
681137
429969
95609
316609
254913
680003
873881
633009
552778
601425
138440
553814
167446
436326
799066
711877
203889
786384
26900
469201
817447
97807
726650
506972
208099
863915
600757
930381
379360
103130
925427
451671
77460
42935
534930
302378
811570
221418
640029
15356
751057
258524
192275
38103
698174
284620
303763
355326
499226
129127
240686
141138
92662
820125
234993
258849
537344
49496
844332
178561
110338
298627
574029
940510
407162
80209
720957
202427
306833
516793
38342
999484
398113
424410
621027
13977
932940
561263
708717
236783
908918
786703
109540
837122
988964
562605
691400
206256
943539
822149
523110
973279
298230
659955
441107
422456
553006
224586
675208
201357
989398
336588
798666
794758
586339
169330
72813
498063
347988
585022
593325
628233
321571
787795
984572
384118
145014
245892
882399
780590
294991
107330
602391
560183
968097
314307
253187
976146
344383
419199
39109
337792
540150
920253
238638
359703
500241
182411
333244
217472
63979
320876
191004
602450
583553
308919
329886
725126
688730
703322
289306
225119
598830
258719
909245
573234
969429
251690
888903
197796
418084
340874
924062
671372
361953
399167
187836
633269
717016
274799
971337
961699
879712
868836
355220
776237
952295
950736
957979
344155
153630
627994
582434
130149
809737
993561
573154
631016
351594
678061
427266
471540
5700
766263
286618
797673
724214
534876
595029
968235
98088
301219
480686
347641
799017
651908
901345
538464
59471
680011
537920
885056
185918
837429
879078
33035
94607
177684
397557
562548
74237
468166
326944
366953
605522
431453
809904
776500
746813
104034
552329
293451
893474
288678
101313
241882
674221
396708
376436
87100
17705
590240
7739
814429
140234
60878
990439
816272
818833
632713
191033
235545
806109
112326
61952
694570
148526
449932
97129
400537
69344
811715
764994
812869
323480
7352
595446
931391
897365
419489
526043
903775
556686
34354
255611
560640
517891
98955
269482
924536
270540
940283
439284
315857
83416
999416
795275
125061
265872
384392
811017
257112
529746
740502
143298
426852
429473
799156
162112
840383
63481
202469
741626
998575
428289
469529
751546
968530
969905
855536
587156
899273
465595
384491
696412
108466
869496
244251
57102
664956
96083
463861
175655
791893
29294
197983
581968
617129
891497
402711
747495
566586
716482
309984
4500
367976
355689
919186
96328
420039
56335
147932
811871
749208
283964
586765
625881
561607
628280
479467
42823
344557
430147
310308
965392
204035
301350
982540
973231
178060
558738
720395
950207
788131
136115
751737
474606
364522
806765
510622
571035
244785
307140
762107
264381
325596
933245
413333
491312
45907
806135
14123
177070
191225
763391
560940
707241
655405
453147
404182
435803
127027
494381
815480
887854
886334
632076
605540
940940
167058
59687
502670
953922
891064
101380
893276
757435
985889
74870
746592
473888
395834
504804
344034
544281
508081
493401
659302
891696
446625
100969
356233
294934
505082
869221
494318
275781
313538
667567
139413
283115
607763
180283
514782
193576
196481
1925
535755
710123
17848
422538
376432
593522
219255
396501
15540
516938
94189
488345
580478
870278
74065
40806
806679
568410
437643
759262
517190
642534
24105
554649
147606
254883
306227
654225
271758
878098
706095
92958
338012
668777
734485
245511
463642
479935
921410
288415
557625
994366
947712
746727
594424
831545
319363
893572
854475
83370
274232
191774
924884
760805
920413
819179
134518
15707
860516
139479
554868
365726
881399
876815
408153
100938
590778
49966
733187
240866
784975
938203
125186
425227
34434
965118
54135
476415
484102
938664
66931
374548
408960
4926
447459
352125
164675
984414
294854
959982
183202
378517
511932
114424
583875
406389
791173
339248
318673
880836
921582
755781
602391
66681
392651
162434
407544
396257
7315
539567
439124
509663
73002
697907
473461
309447
496808
239385
19960
130041
928212
765718
390339
374341
643551
822589
141231
620759
782451
582947
860804
381014
558807
186532
681059
89475
174813
454555
310823
919453
727987
328399
329986
5877
201606
652403
365739
992443
732201
127748
376872
960838
661403
415289
253757
121551
514484
87918
493435
577332
248503
726259
87790
851474
103904
755411
9651
401952
896355
184060
273655
304445
123356
544082
395199
26391
746320
918853
928532
172388
20471
91697
117450
453454
185949
622361
314263
969093
643126
599459
242218
758155
378124
410214
197631
160149
617047
796355
920859
248081
546860
255348
62925
679679
811489
635875
434541
867851
251751
611100
216503
296120
590294
847053
37945
731809
882016
482897
538027
497940
520451
379518
180796
633702
437633
326937
114560
217510
612755
376478
93839
439717
505892
792048
309018
894317
785178
370322
959566
652747
53929
8118
352183
811796
333028
405038
736551
36287
378626
40658
405665
839299
153374
870823
786291
801340
584203
454866
375121
572593
87831
515711
508422
304581
46515
129888
813543
779883
189456
42461
92915
376426
469214
106234
265021
755082
535407
683197
899470
787996
276935
335740
639732
304574
469376
230116
94987
79330
847329
63878
33791
407692
94761
92216
885158
582348
403045
329773
200820
699349
834956
118855
893590
927876
644837
198287
990135
747968
162016
910622
853076
857961
14778
318983
765719
885713
406161
228751
920196
494675
328372
511172
163990
232824
912949
863007
342488
682911
383680
451641
636771
353590
420871
845541
836741
517068
283634
561737
181476
128214
653535
73077
132989
288545
184289
544467
731503
586509
405340
209653
659450
356452
938918
246582
930294
614972
321459
338742
645865
239425
230779
526410
664258
482978
890034
457947
17515
651178
797478
964530
205496
346527
201920
235307
742014
78648
905477
802194
996458
13033
544507
854297
179075
165487
177519
473159
670585
96272
519850
211573
537826
515514
714011
517688
588701
637266
358083
186434
240584
802224
663563
674834
212988
651368
169068
185671
611845
634547
457037
676603
812064
484348
358894
620181
738084
604691
524177
152420
845052
741382
232212
584037
52337
309692
848139
931946
236017
314782
827066
9772
793567
797321
249635
61331
600226
709099
954363
660218
475074
282385
329484
347245
963142
245479
946674
283828
79547
589188
19023
470503
77526
979074
18093
194417
272844
822609
443066
341811
544984
990054
625898
400090
199416
779257
483066
214054
984398
339448
503112
526753
624998
63718
468097
873830
977706
272828
26981
768684
918625
293921
674780
417111
244020
148646
178623
595930
468720
858083
270914
576031
915925
762696
728292
905039
110859
241180
441706
762975
95547
730454
526822
540503
368708
495261
938112
383488
376604
559372
350396
245196
992823
658239
371978
913450
59543
127602
531320
346183
566107
122058
614820
545703
469245
402629
783840
765835
333872
691356
445553
494606
928386
279827
513627
331761
247298
533385
47014
812218
40742
905056
981791
792073
297615
486820
11478
527344
911777
759928
404331
944335
769524
336762
498718
376096
395111
457968
618402
266698
777705
533538
139703
973482
866537
799333
33239
820120
269782
447103
438606
819070
874542
407125
815995
357518
625500
898805
355272
896795
383662
383571
790188
561034
235723
603028
120786
701747
963094
559007
790833
715098
427365
932147
246607
57547
155930
955780
550459
209137
658437
810546
487734
232244
365563
841646
73096
223451
958095
815473
196754
722239
598403
996475
443935
865008
822782
89746
192158
41134
744678
557524
956702
445296
235723
451564
879343
769712
962355
625049
66044
277216
8849
83265
301601
933436
451878
705418
729605
277199
746805
998319
467269
536851
984113
333057
567273
400714
966432
799847
928955
898913
496028
755165
342823
72937
925665
132791
652989
388310
265714
773895
606543
518566
486083
351957
292708
33877
916727
952537
133140
587320
309093
412585
389399
95043
20514
322663
588211
986299
369524
232387
91449
543311
948521
582242
140803
243848
986852
102939
865215
113515
201788
364786
49472
516296
800171
17222
666817
515226
404827
190832
792157
984629
979946
832652
630225
500636
121093
477639
304095
822833
499441
890775
377910
635768
525630
413248
782192
947935
452584
150548
982395
853221
41898
545413
123753
218368
561773
312068
116521
305364
494185
424278
659570
689533
228562
701824
312929
442072
855490
181227
17244
923832
596544
398500
218537
479183
305588
564360
906779
101617
441300
150917
862474
142648
812171
618685
714925
29820
736871
970321
500909
41519
268505
254306
412755
834334
666735
311157
411927
234661
101700
296968
797007
23086
751770
862977
599784
509
63532
582689
982632
336213
507905
801152
761897
202130
925192
715614
263242
804875
675191
333996
510660
120683
706109
887203
383656
259004
392633
953338
90029
984529
278712
540072
904760
615444
38506
376023
174862
872614
850919
657538
85445
1179
630439
471295
607309
882945
91314
164307
703471
115079
251589
50279
960037
408424
289547
747774
54143
297867
196324
302899
41890
998219
716448
585807
973598
546725
297710
789103
229588
868655
743908
35428
474756
489336
805118
9797
709290
847246
691653
603400
760225
684383
585311
110855
240795
960053
317327
394640
327842
382153
378486
981238
697039
792469
316415
208571
582576
153005
759136
342573
938370
103016
204014
943779
330190
461454
976298
580739
787705
499093
668074
176842
993972
100122
281355
325818
777038
32810
95720
297786
396543
588803
141414
434027
956907
982127
293722
697107
698420
559494
291722
333862
89653
750471
115846
164578
250230
796505
520463
403667
25461
233367
724455
135327
464831
781801
624538
570377
72251
323411
229595
677234
738575
976734
647654
816183
39297
164499
705407
656542
625242
428450
3302
969089
419565
927142
180586
200980
62980
85216
799936
810906
944244
325671
607122
494698
527478
89715
402878
948620
739767
891538
107211
257550
421411
965175
449594
132591
573205
788912
395516
428765
145953
617946
558127
90718
422947
36177
467825
429633
238965
344048
248238
491420
887763
325207
430430
115493
458117
454813
910015
753039
761882
678252
534498
212562
607753
641188
290379
349382
78086
370764
75679
375964
955230
411290
458522
317573
302463
593210
883243
770969
572105
520415
218256
849191
497678
869305
812644
841936
198603
433558
402539
156795
258205
421066
566605
566936
139503
877038
178787
846411
913579
289797
14925
501454
624841
804529
74357
398932
987376
243188
929902
631659
848654
405817
843196
412464
62693
350219
412524
33904
205007
604811
276933
990081
433176
378495
398309
467460
180708
644989
56124
259682
782513
194003
316615
657277
31412
657140
143169
348614
916562
740086
114745
188887
887470
422167
781162
695422
651691
984232
20509
526382
928792
184786
972596
626937
530637
707974
787126
563148
851399
875537
338235
134128
14507
768523
720719
472265
691589
909645
704977
530801
263403
412532
707315
26692
803646
246386
259089
170318
868117
241203
217951
815068
190687
604653
922484
541337
707961
7867
470505
878798
57286
785359
815028
544986
651935
75485
535732
848205
894849
993372
427866
239046
124049
719064
661933
852752
60669
545005
525184
880828
246936
334539
203126
471006
62200
729617
628713
78382
615998
232010
207711
918679
643211
548169
520729
323284
378455
450788
950755
491450
920611
348745
81336
610912
149593
942743
914231
478984
81729
708430
671428
199408
852461
635075
807455
169017
122822
171253
797207
448659
739648
517888
753495
533871
636274
881087
487256
644203
739702
294159
890972
317904
858683
510679
616366
509124
334889
393826
514326
331034
909993
434709
43600
95496
112533
749578
646854
468765
876640
436613
348147
338823
713008
799592
990340
291049
420426
15007
561982
889706
868122
645942
888903
776705
333609
360762
412675
886303
813301
928689
190977
222220
299227
516847
81949
636372
909308
41524
402352
78670
29145
762624
673482
743346
74879
858178
848772
622013
318644
246650
151707
961775
543024
241785
874881
174215
740977
788330
121859
705368
537090
859925
17920
655203
821591
233096
989248
78088
815160
560469
317032
390997
686943
152312
577754
707404
20533
179971
302286
619494
521880
814864
699486
489377
61473
580384
749563
366494
205587
591622
959272
907693
754245
693047
507505
658787
6827
29451
398748
548799
310342
792511
221273
984602
933757
948882
702518
977897
635109
341776
102309
839264
943316
879079
503738
932166
6698
922230
119903
613011
111193
328987
894010
8423
611102
506065
962726
654879
188537
700950
226726
711260
417917
568854
76131
141359
945749
342428
634408
624713
624760
682807
802708
722362
235722
993634
658207
144664
357749
10263
633722
485685
118066
554979
684201
872908
756277
303230
249591
143883
483966
612499
163559
508699
773909
638011
14505
955538
874504
772809
731644
194425
82576
733166
468058
939638
926726
65629
27584
313297
743274
223943
681279
559876
633804
795616
566696
789436
321050
612439
815130
794378
488403
517760
856588
126091
634285
988618
568260
639995
424087
224472
903254
698564
550686
160935
779569
235689
314969
993676
73835
605213
99770
145238
892279
372438
687464
493117
114884
270776
76631
847200
717864
807135
437171
5354
225105
476350
709043
411300
902147
783742
530531
343990
522838
899315
780036
375270
404476
559602
327258
962015
108649
926027
992713
832999
351395
414347
602825
111957
493662
150940
385197
910354
425991
552071
262754
567975
233584
137562
667925
201619
879789
523341
559195
878027
200871
672833
43034
995612
118
864842
860859
828293
882121
533809
126143
850096
566059
846690
579136
849453
770216
516123
685346
906592
297345
322039
986103
163112
501329
61376
897032
165243
734100
43529
880206
727520
485137
96946
747723
358878
316806
741878
74363
828006
641505
705392
295191
284877
520233
11347
815005
294085
591653
387011
260144
942812
827875
512784
306731
37697
886464
270095
892268
79280
876798
813875
670632
54010
809456
588563
379085
142700
924330
308022
482022
108393
613754
350549
335282
137402
782050
491937
686495
18169
719402
812561
340237
941345
446882
491234
843335
630620
283721
752893
166611
427687
245656
930017
947860
146880
407084
350616
324644
512323
567565
856162
123338
881435
60677
29344
277821
923609
547299
973238
674956
606567
231312
718669
319210
569878
819197
527075
615271
557833
843997
499468
338380
374036
469328
503563
355949
914829
589143
529723
844140
243539
588656
617996
936351
6475
771693
776870
964133
914817
165267
197030
498352
918138
895135
898075
508245
522993
463043
349204
624015
894733
48568
42675
607154
752376
843332
148116
528606
36012
436504
158794
123359
631624
804121
183129
235606
199859
143523
791710
720712
158178
569247
933327
463846
893845
900686
92209
198367
685493
548197
889472
619701
246898
697106
774339
689026
310895
90093
477289
14755
676152
876359
325753
220816
682213
263068
464379
415757
962600
977011
573123
409522
819299
427705
475785
843469
409952
317437
685091
295380
319965
834984
232397
644988
157057
489349
567905
856291
500286
62069
941472
469551
624588
671959
152232
925029
442184
898767
162930
182007
680516
538266
782948
132191
508042
882734
884474
375020
8987
794323
452968
841690
800284
87222
612186
503079
627551
981807
922167
408280
892362
861974
75992
821653
455702
763937
763961
192120
81908
341886
72050
381608
676935
127304
122908
121971
574199
56945
468310
703512
140719
561964
494783
137307
693056
39611
61477
856872
7455
600384
37141
998933
853337
621731
979817
280214
361369
182054
702130
609482
566664
966799
622498
238283
985546
875388
494776
635226
823037
181426
452498
865620
701521
932216
206036
37318
32755
859899
183617
30219
771397
981224
219759
789446
135681
845305
929815
406610
387481
77267
899181
172757
75974
396192
144217
121572
897967
491527
970351
504608
957265
284419
139642
149668
193103
700854
218187
269676
110267
607709
7130
390657
303267
411925
704617
444363
190085
540839
219019
813215
297305
648743
681934
878303
789558
360962
687663
824817
742616
247280
994863
598
787326
83755
603337
50259
801163
44303
537164
86278
935151
337186
956753
505540
68701
886092
919752
368127
579979
927934
618636
501552
540601
782529
555199
300046
536546
138155
503122
793579
339925
773660
875148
174556
311301
371217
189921
352477
114932
103604
263455
607263
60696
274869
415854
801172
601910
312475
129722
51967
180667
393453
283030
232910
305430
665668
214685
388524
967464
21405
953467
494111
762905
667605
890786
773822
892229
747163
879103
176465
897595
574218
57196
118816
571770
305403
675255
620372
252951
752324
939286
189053
416052
450156
722354
279054
953431
659775
424122
572731
147028
353565
565978
178848
390136
395079
403125
346835
131724
892884
976168
93580
740150
564221
709117
705924
528984
453903
223896
975398
112100
875314
68668
593143
794543
254217
15507
15499
347814
260555
619807
328870
862020
254118
785359
909785
384174
765878
363653
828074
256581
602187
285619
73318
680034
901072
728574
382892
94545
369468
190964
613199
577305
22321
29249
512756
625006
433493
780196
232797
390908
237593
434508
773071
881674
887162
43314
647062
695643
718414
636658
984429
769986
557633
730610
142023
886682
51008
163382
533444
908373
486903
421058
947338
392992
104679
359041
144692
756899
717577
757213
304452
299587
294135
629507
46072
772967
384044
853582
892028
199112
312474
999976
322402
410281
39351
584305
987040
311461
314742
143101
751913
816746
162880
643586
176741
200857
338365
734215
466953
432507
893632
935785
281679
987923
183766
724567
975682
169848
141664
215578
522540
394551
38281
214344
248304
127261
734069
930521
680857
597352
907176
91914
370942
705735
495244
883915
47169
326363
315120
240490
472594
49158
201534
298995
157430
641285
47317
624517
448598
327245
938513
560152
780245
777624
939976
888072
451536
909194
257308
440859
111913
535665
716025
325943
8566
853679
781176
440526
666816
108629
697401
147353
424185
622828
940395
455027
144009
236135
838274
112517
508215
184603
452259
302204
329658
458683
201400
567858
685248
532807
199413
711525
646284
808037
684827
586742
326153
84678
931202
286295
582087
538367
590161
645892
936139
41376
254908
881024
538990
436420
62405
148732
821579
393619
886860
535862
311536
974846
442778
882179
608175
123076
140754
31137
443323
661794
763
966983
165357
724780
837361
45270
781861
874655
256972
939392
507741
577288
228059
720343
317462
816541
95056
123674
959034
165007
339530
317720
640567
438063
171977
965294
529733
99407
544570
510297
54047
341907
961939
542076
621679
101884
222108
33493
376862
962517
598625
859777
337628
100502
176688
578912
401663
247538
79714
772346
861816
473039
881594
550215
641560
784212
697377
426556
63323
753701
481571
590392
431772
143467
205539
410545
295807
304934
827010
100937
514569
982730
881571
333621
372429
179764
942658
618033
615810
61253
3796
475029
469141
838596
554484
800334
666191
705613
259145
524877
108114
994441
50730
921043
469022
241245
960396
929084
350484
151805
196893
157088
271214
723922
276755
415606
741047
179051
600529
556966
129644
890822
949359
907643
257918
115776
680843
238231
823351
676331
218803
361453
892794
521621
925413
379143
660492
194164
648135
482201
134356
351973
448668
227462
242552
118819
785759
894191
256331
217604
987620
140579
208271
816
911131
573488
564444
851371
738374
790352
349380
187373
810965
391312
918786
345686
762183
337591
999735
342550
797543
934207
815603
155325
988222
619532
903070
367573
683299
999110
705022
707035
328457
145764
342596
681123
511606
465833
484711
143598
715501
634387
382253
376175
427814
669809
487986
555667
227364
577405
764578
72136
981222
770258
605485
367717
746917
639770
464323
482301
825952
899534
332701
784324
388160
596436
433417
16723
683792
825094
905061
621807
330312
521968
961432
248752
405638
460091
56377
754349
301830
820025
623170
435025
156761
482100
25156
238107
695647
372380
936386
986229
419815
451193
838830
627735
812355
624351
275551
89323
692297
370700
741641
576676
512390
123359
730737
63421
92596
830332
230127
566043
632256
855025
528047
632064
220369
704136
196361
263668
488778
812166
834212
67618
707426
701718
394369
174943
333976
561395
688502
31588
310163
601381
436261
924511
316349
388870
354347
911576
686051
469344
119088
769156
774169
897965
70964
727502
795648
727948
267723
805927
323548
548166
534975
766611
470320
206822
456593
162405
371753
973438
553045
972979
448630
515448
629303
225533
565914
708516
708405
28275
597888
973717
857082
595049
267061
289803
919835
58540
578735
338108
547848
379785
695966
173259
68150
982409
913130
848764
244044
156685
157933
556603
471927
204796
558631
110637
158434
534737
618598
24815
558313
989177
615006
922249
128731
71210
707899
262401
294047
241149
56848
206947
649693
859636
589554
308466
896124
439119
726358
163184
860137
132881
56458
351372
546993
844553
107825
330200
290340
843359
590549
789225
215550
176117
269592
739486
832153
715692
105504
619676
380928
942470
656427
875557
91770
119060
183207
12422
754220
940398
26808
577654
287174
252002
244712
291814
395837
954093
259916
163903
536722
214032
39048
216553
224023
335279
48874
979712
27578
164969
815421
597481
111353
152209
198906
584657
886669
849221
691923
197554
536195
782578
837404
943969
729178
250140
585923
814611
546888
120419
244271
465136
993021
434405
394023
250417
891229
251774
41876
228962
509583
514501
253223
29881
994657
91739
277989
211298
465048
990771
392752
487227
63914
523915
168409
233806
273896
701986
318424
33690
391412
88863
286122
169251
984503
938169
888170
354198
321292
708140
443430
621308
627263
636767
826058
548067
354798
813812
166952
93253
616261
525439
136944
924344
325169
813613
628123
859091
755488
351443
990897
369989
625617
57392
364344
594394
280001
525600
559189
485370
706795
191122
799110
735510
509497
705663
261156
120465
579484
442879
975044
305093
992627
210168
341829
595784
777935
981752
229532
544680
582960
443268
330263
385176
75841
481950
186541
996861
498239
498558
58844
330059
19799
29910
124447
657682
614959
721225
922970
435331
657531
127489
77120
404505
535877
997879
755182
364
710215
193711
655746
672153
50639
629407
915236
602361
115688
832280
497236
275694
479937
896472
543600
370576
845535
705375
493560
558284
114987
780532
810502
197801
623696
389769
956500
18500
424571
721414
141957
179731
816050
68563
199951
225461
979193
82290
855197
33189
365885
445342
441646
398175
841465
685236
310447
646833
94121
26172
264838
199580
60919
672255
102771
923709
180765
793445
802253
901865
746007
433949
640139
802158
298006
115328
450362
892256
254515
136495
200335
742750
401173
148219
93923
700857
399938
166014
669417
745788
692308
395878
336986
781566
938665
736664
68297
611746
475211
245780
151006
207571
548013
756534
497703
622242
682581
676439
985361
196550
491080
998288
651786
360081
11245
655453
64716
330845
13867
271062
367261
816624
361899
266581
508259
255230
638993
771017
178715
300521
902520
294358
898613
386848
387213
54759
807054
60036
903741
837624
500751
789901
134093
802361
405692
328328
841460
437292
823864
362893
156981
315595
988899
572725
232356
784957
519762
133223
583215
92054
746623
442887
27009
770622
908200
833072
147440
19419
365715
62326
977606
707647
211043
998282
956047
998176
103844
539103
549393
300684
219013
530089
250898
689246
732405
903545
498557
840349
517519
657700
290592
329166
451481
40404
105949
416703
32319
476615
780338
63550
413394
250952
251076
776445
891154
63547
295638
590620
906314
937913
898714
607617
535253
696656
123102
186690
530472
573260
199271
403136
903611
365759
679677
419438
434132
577430
568886
686159
526309
81693
420276
347889
2275
358768
135693
928810
761604
439641
644673
909234
970499
601222
326653
81922
219700
705336
742313
349756
799463
564043
55676
688929
45817
321204
438157
603141
187748
614154
415429
626832
39249
587097
482879
80001
844885
689537
346011
551921
496832
98159
344612
757721
627147
41013
385182
512498
863320
400636
156902
453241
823341
69828
744075
798337
563814
864334
52575
7255
895476
418890
215731
644650
221871
141517
834735
891244
120408
152280
787777
94342
231228
682557
892122
589853
936806
689837
39661
266958
371718
27134
631571
103456
30780
977446
213894
863261
56973
139268
532427
920754
887846
375209
442846
60472
827871
568930
875530
267340
650186
614055
926216
985659
559242
562239
615214
389884
291582
370468
219599
171681
680583
763460
314115
321321
412278
107782
591579
370038
417348
182245
994531
295330
412291
518734
789650
129814
634372
769248
822821
988672
27958
820779
383045
406221
394938
181432
802175
853693
172709
681298
238258
747988
386002
537222
916267
112000
227514
960174
318217
703076
400391
971874
563259
564251
855286
589820
893754
411885
893875
15517
91743
927747
538572
744213
158115
560082
547582
753938
684129
410701
976458
964083
825166
585570
457791
643178
103296
3920
656581
764419
71534
845487
637403
504075
129516
872443
809192
123908
598078
901793
592342
468452
766321
397370
835324
397750
841864
421248
3857
718848
231313
87141
834705
635266
763114
879679
573890
356287
943657
802278
96611
634476
8662
418727
62711
516675
556519
970927
142155
258880
932860
686991
731045
438442
405235
734324
773799
240225
634803
949435
832800
319782
828775
482057
40022
869170
535391
51076
50769
663570
332643
655763
746988
703660
390778
999191
535691
542891
671974
786714
887690
792483
416194
166551
454251
773955
852707
496877
401302
653712
979683
183266
369799
281344
871451
815451
63727
77312
664233
81205
736004
649619
558914
884651
885657
253323
457090
706299
482485
699593
772325
809504
377463
898912
891694
310804
613942
87378
973072
22289
908743
29130
206902
861474
50457
319408
963579
665099
656587
548728
458108
599373
626146
411710
246379
601563
983875
71068
196687
111994
84248
645650
213289
576008
989516
524457
595258
1270
217935
592988
723058
300595
773032
563648
86923
124532
597455
887136
496656
341937
483934
562823
983458
304353
638240
794415
837842
207823
307593
814620
864166
593262
25696
882663
147515
963246
297356
854071
975076
141058
995349
145850
751507
898678
855092
257953
729759
965505
756350
265497
589079
125630
124220
64225
545202
830335
754243
325887
981255
126681
884262
31792
901734
594902
368790
141498
529444
998415
472937
512336
235790
768393
328239
494023
606241
805528
180561
480246
218846
104047
474195
183768
726501
100989
129064
267131
176546
563097
111735
405294
21454
31510
497414
608232
681535
806130
359404
614192
404477
581463
895693
14708
668052
833447
666312
888606
370354
463799
310665
361245
722947
240792
268714
780572
505084
785486
790635
791178
758271
235656
808245
562692
288243
392049
553678
499255
637172
209301
813703
79978
806912
818269
478702
149256
772726
305238
897897
556071
128065
979977
445631
524096
668460
635083
610513
586008
330172
204108
952248
592706
304179
31208
759150
657851
876290
635550
486141
478191
161797
411994
303041
448004
583053
684065
826364
207926
704704
771569
930556
709839
372956
473759
504940
984531
411533
327623
739293
399064
663233
166592
903577
78431
137716
431889
557107
398760
965222
502066
982048
706700
260275
441002
931707
869999
548802
802438
673836
61522
512119
939561
49816
435670
139402
510266
850833
137372
926116
11799
249628
488623
154922
189338
191471
652359
100074
14082
698725
180262
487769
662840
614115
198271
791903
266990
889161
287388
430550
883145
939018
887577
490250
788676
843156
324310
237946
340682
814968
2279
467947
349108
763060
269038
619670
455184
817456
453049
937357
693872
523736
249000
293782
951927
851182
985511
881515
766462
241507
495550
916261
335950
845103
857730
390187
710637
111047
175146
252488
631405
861649
351715
426419
619348
404132
708738
215206
876854
656480
84136
196038
466846
315990
604546
410715
727118
867463
261915
393419
734016
306225
76568
715899
897013
976719
60476
393132
920398
944073
778925
630275
775202
362083
243102
669961
140916
648137
747742
445359
449358
604288
644112
485034
176129
313766
696302
830215
333500
739958
508658
230986
623859
87818
263643
797305
675764
541132
606404
991728
488054
672418
175077
588159
429816
320986
789868
14110
197470
621260
659633
928219
362616
993448
979734
26867
742177
494874
704890
345060
303975
396067
805408
983021
994736
810492
409627
711757
192672
782423
564661
274113
174105
466604
135225
829029
231483
497244
868305
142578
979628
245254
946038
375877
551302
214924
296801
112789
773710
568395
329516
638988
206318
519190
861177
710534
188074
265185
286284
819159
259345
872060
725773
157364
370303
876724
493450
528867
185267
340779
852423
470456
215972
535548
776346
621581
948767
654313
180395
83960
583922
641185
640585
795829
540425
923235
18883
882232
958651
430744
35032
983413
370822
421084
67382
553137
890171
82813
944370
897767
755380
586168
799289
444681
157936
529373
6540
769869
595127
476184
350508
573322
512859
101792
606250
776508
959242
126005
240344
155534
572376
82967
425933
297988
496323
480562
305771
506001
793221
967201
236231
120852
746297
581299
113066
54046
86584
271580
523165
827743
88682
737218
123688
850911
623789
492463
32815
741098
659450
709990
583796
870141
165720
452532
73558
119333
385973
951552
81577
342981
811788
274204
836435
194216
293747
149447
918520
223925
87430
745420
687715
119964
829368
480371
260302
691878
146236
129288
885935
576055
706509
752643
991988
427294
852431
687986
602524
787612
455022
280256
904302
355405
89222
938767
24772
940446
897137
363895
312576
157060
291079
193444
772939
47055
428291
776113
638061
681670
29322
844783
847103
112941
686328
518117
386068
882852
973063
398615
887645
209130
440725
147141
686502
215431
299125
76476
733551
63776
673037
741328
990187
431611
658560
243432
326190
447475
293075
374575
905199
153604
974678
773141
12122
515540
845057
629544
776539
474752
202739
161769
837733
654003
512877
477517
163205
361997
122364
401412
529419
696188
880451
234221
528395
263509
373958
199047
285327
335264
432625
358032
98997
390156
982495
645833
525059
617968
189038
634438
582295
342623
18970
743716
996972
410108
847557
870605
846979
29642
521111
90665
754201
733742
286146
689999
86721
825476
28864
291010
446804
374048
259031
761651
268837
156061
583888
190493
737583
949997
934234
876382
725752
670585
535883
716292
328875
284595
116315
591910
290344
307369
716949
712383
781226
627606
459007
160262
107739
247998
862087
422496
861662
797594
718857
386665
200072
630826
326914
567971
619488
200712
627524
659434
697325
567056
431360
440041
190299
891203
312937
437936
322099
956736
212223
54179
615206
85302
45584
772781
606903
4870
685177
637219
491574
361207
361342
581109
343953
632605
435982
100934
495601
953567
707369
681429
122451
992179
740125
752720
253811
597111
690669
789294
392957
962686
667320
92667
504090
641036
237675
515149
669559
2689
47896
198311
797627
93105
796414
330973
117814
22238
202367
852074
111241
933284
195217
780389
312559
885060
481883
881091
51243
411338
777738
952011
192879
828983
728847
356644
940157
26612
527444
958091
575707
867518
556843
147758
535180
87967
163609
251756
675558
897268
362481
825179
56121
857019
756632
437464
297141
428797
81655
325722
253227
96156
785976
570529
403282
464999
817398
905156
141726
335407
449483
546457
468741
219515
633493
961175
748318
220461
250783
243659
50842
255673
458421
213634
349551
948258
399198
535495
867001
589964
359258
156842
841845
516362
5863
293306
30165
154785
680883
944134
152633
47937
432534
653155
588765
385261
468532
558013
77222
948712
189315
297980
389887
363979
973220
941885
426539
503734
145249
904782
268996
252502
65243
690753
867226
342286
289466
734611
877350
114907
160704
638107
316322
124981
156263
628165
530948
156561
846511
99899
60824
993836
299295
537692
47104
528256
852181
93901
940969
850394
585474
105645
488998
115795
902566
837710
23269
57168
590257
787381
775507
336137
747509
701459
376708
498240
307541
430168
677496
646779
921975
610662
890263
912229
327335
992578
602087
508588
410255
266809
60950
919086
706496
860928
630819
232688
791055
774030
551837
636964
858540
438854
591124
205597
522161
860851
84615
483047
880430
102711
710643
91482
43735
265021
576149
50759
466318
709269
322623
934601
469582
65145
451729
685967
526179
768097
65679
632033
116359
761922
89294
319689
933933
724756
514932
10329
780444
448604
300832
781945
496541
401281
582080
706614
434439
793534
622694
39899
713164
680225
863550
676943
722673
629625
7739
512816
148668
860162
455149
829385
925156
935187
608523
440875
746720
993564
401694
783766
887142
916274
249194
214359
570373
857097
262081
375486
625309
601575
11905
355436
78997
603672
892893
570422
821040
581478
498091
700364
129844
771536
509945
891259
597789
782615
304526
795070
679929
6263
98996
931067
363349
489884
150455
736873
233408
114916
835549
703596
753484
613313
71583
783039
573723
757394
524312
761348
394691
501398
621998
884548
128424
433345
466498
417383
365732
480624
602852
84380
435564
647099
717063
11148
158408
239599
701014
291995
448833
492883
178553
269920
879202
122726
783867
640541
999912
894999
52630
303888
905076
716928
616314
363711
745051
727006
771483
716178
54529
127253
254145
814902
981765
567302
57215
197868
594399
228477
579389
598050
657412
247205
834141
609029
511882
808016
729892
751718
871686
390245
556805
386744
170352
192568
796591
348595
249267
863071
72622
694745
582692
514761
53876
817007
897224
483717
752055
997237
713985
797610
655551
267772
637200
248407
974504
566187
23055
849330
857394
165238
575810
705264
157464
185113
703852
18571
641620
592881
492708
973105
82233
498669
418094
801020
124417
803088
71250
148441
169650
742568
807061
138954
45911
507570
114156
284659
216528
587809
863508
929135
953748
261778
938509
795142
698467
884482
414326
779358
773687
180017
355177
413153
807220
112062
273883
379480
955929
634278
28378
20265
636931
492118
125797
826999
728107
407778
324882
852728
380193
755057
60245
215620
956854
863932
924623
316199
698906
34914
625777
287129
62510
419826
669804
590245
749656
535687
522901
836300
185020
706444
250300
207840
989970
448888
441817
228987
272595
644669
944400
766133
117771
965074
940809
310338
894821
258856
406760
436650
106086
857883
809824
229268
287747
855312
402819
490706
146055
263209
68822
545075
143806
122722
357728
90798
419308
420180
65561
836513
214707
16196
698081
578463
117437
125938
979696
146464
332181
496480
922612
47257
725133
921872
304381
146173
647343
38277
971087
380150
462721
604522
686178
338598
773592
301713
912595
495579
381434
844196
257691
35511
58642
81307
140209
282704
804591
28741
932595
310153
565816
606958
504666
32165
932026
756923
57338
200313
43811
885588
7094
190245
712880
237337
506987
80106
871995
421759
160498
375430
453939
177218
751936
930841
189771
691495
168224
335731
672586
415269
731787
8625
117989
847738
111143
484280
215955
617423
8429
697997
663658
226032
715969
340652
911232
820147
329410
325640
575280
136443
768022
599561
176608
669800
188760
942093
865138
708119
65301
185592
36245
867211
923473
235977
597878
52837
682258
107371
401604
213832
31967
91347
161460
758230
285759
634162
988764
244711
722683
139318
974986
831628
172676
679113
26870
995601
362727
602367
384224
421151
198585
473786
340883
16418
160606
630997
606190
180493
31756
351390
330254
826781
710899
29638
175951
241692
977491
247291
765560
570629
484114
123543
160792
729890
586894
191085
398520
351254
985675
895
6927
235061
261158
437030
116075
788661
998805
945204
560789
861778
753715
819696
849299
810417
961064
433019
113288
259335
783500
465851
513413
119713
649260
98709
757043
406934
521548
66742
810973
855506
272609
59471
841708
32893
904690
425181
200046
80381
237893
356835
38287
568954
952341
872616
766240
646307
738485
447740
616306
986204
290479
313929
896369
160077
163282
366161
236423
909301
551946
719633
881068
952996
61665
856923
458230
651143
763775
361701
887587
850166
379289
589220
196272
216448
163359
464009
560043
562653
980233
341947
826866
228652
43393
364053
526983
430128
706068
565204
75434
885555
531973
440554
116851
325825
321041
140994
954956
70839
931609
304629
641917
508154
882650
710832
975549
266906
696712
277475
384758
651579
50373
148261
770939
160975
667919
465390
577593
26328
780444
128422
490394
239477
920793
814761
427082
949911
438611
743912
255211
611348
308390
268603
409232
789428
415112
684328
864624
556095
626516
478895
214427
461965
718473
549166
491665
963172
197890
279510
503290
747104
269324
504249
286979
917859
999871
920960
387131
377067
591282
356961
888494
747113
265681
426856
629124
698631
324272
882503
560830
41995
154172
308091
60818
380240
789633
81130
836321
504835
503456
44861
737438
529233
679671
886942
30709
552182
771978
310030
199622
142869
467925
952699
429209
261016
103977
844707
118772
284290
713609
590619
795702
551329
248053
510754
563253
541851
720324
426538
385008
412419
600661
443107
762140
620357
641325
172819
384110
268562
145120
187670
154068
688866
163594
623190
18242
276071
44465
730684
644482
735935
971382
403929
429801
993648
114987
341988
217164
412166
718334
820141
31795
933855
271725
235617
786543
476195
529548
683274
945529
61445
94967
207441
795928
694596
90207
542770
471727
135069
930921
960196
382581
347031
874805
199942
284654
838912
826043
725262
503793
670267
113483
292238
39376
374808
621845
451923
126337
36878
21780
273947
25168
137197
68596
210449
137349
454540
385603
903774
600568
739213
449339
551346
440802
357398
869065
927408
274962
732061
370947
648972
820985
963142
983928
188257
476255
876627
708485
501399
730480
651594
704431
748777
877974
547569
422120
654280
822314
804777
780655
983488
379737
873766
280215
604762
542067
826927
429201
735393
510390
60692
876628
812117
937488
273115
378856
919512
432950
238584
720374
509296
411954
857237
527483
837880
706513
559382
822739
365544
551324
264723
639268
335521
724662
545779
104074
479140
341628
760674
380491
82684
468975
358675
334685
713017
986893
250856
528215
581770
846686
833470
350753
877525
743544
258149
984640
396327
500859
100702
799430
444767
45053
37556
825666
460658
37170
85793
792737
673348
138004
106847
25902
601500
658846
11082
80503
908151
516617
163984
699647
340981
903157
570159
607124
465806
760691
821568
300209
59386
421377
272953
780686
115260
460544
130900
278732
72174
175134
120782
814224
75473
246709
260946
733029
736316
48246
597235
143174
481942
499893
409317
683370
246492
250737
396254
55487
468713
521246
285927
277682
85103
156445
915851
821096
609531
427573
268381
39833
38955
949380
239162
434427
49702
29471
519858
13893
763388
890581
308633
687612
725914
414299
57385
431391
205771
679435
629521
590801
902653
880692
886802
977941
712883
282720
967566
780164
987972
536365
228097
222934
652938
939817
663571
408480
511827
837730
684561
230918
609703
808262
296252
269027
530311
138517
688784
248049
56793
164990
413332
822562
265832
491614
977407
397618
487922
639392
664316
215275
196639
234445
653702
870305
292139
795416
722337
96819
974860
442544
299622
803576
683347
4277
612087
46002
779564
800092
70584
685401
994756
528470
114208
896667
849892
834009
545803
684141
205659
615855
981374
896026
161447
73498
899173
162017
563421
466467
796319
144083
22028
471077
306093
141267
11987
145684
713863
172439
40105
351441
982325
527890
225858
865572
592821
145586
654776
299047
12224
317333
20383
682228
967837
558396
92680
313520
376342
109696
999476
768592
877376
987369
462437
347846
972419
733336
242267
816700
170419
610046
751196
344482
110319
759796
10220
843617
141171
619578
370334
871804
358142
297639
773819
508781
635575
982326
80214
206936
140691
686333
271553
802543
561117
556575
785245
562463
696936
67142
897804
5003
372742
902075
802721
267300
515633
727716
698095
174568
439318
403778
480551
893100
486264
946152
623344
237874
930534
922830
710402
127503
566286
587295
662564
133088
978151
865176
32101
183321
156610
523687
795110
915447
183628
565545
37005
41663
219097
927461
187175
998435
960252
141900
59062
846976
83298
162225
173985
681285
423150
336084
710913
271499
453992
892268
320882
52919
108653
600805
534177
488189
510867
290934
602395
893103
438045
498376
58914
7631
85137
982265
164909
802689
960608
17535
636318
380699
266370
940794
794263
72501
898492
674387
496780
638281
476645
758233
550619
866478
961368
544756
452703
650303
234001
809445
52145
924115
489222
393841
39159
80112
432725
36611
680130
115469
546221
958603
845361
527138
93139
606731
701471
857621
92501
197988
729702
497544
620459
782132
465992
396409
458716
85789
283138
738599
178584
185384
402725
413801
918695
983411
475686
206596
789540
706521
256368
594099
388697
107753
702305
97501
550537
471762
633281
98741
649221
61160
203963
399962
580785
940324
314855
717713
794373
393245
365076
483207
904310
339914
955625
304004
164018
829585
948471
716105
975705
566333
904544
373611
851686
571203
347711
720869
972416
286284
270192
467818
204033
147494
66427
350682
48443
80855
823427
402325
673506
228165
408052
77008
843971
690802
962023
444630
610394
383099
972262
580696
415851
80486
455311
788299
298600
286096
309497
687912
337392
568760
866638
4690
82263
252122
895517
229947
973528
621804
86915
803600
586935
653166
800447
902457
336611
754677
128634
524873
32132
133944
890311
714842
954307
503619
591897
128863
990213
410418
553661
598947
872688
158305
437054
894282
723363
178311
692157
721437
46712
457287
149737
135913
929159
366221
862585
757360
428660
189772
168220
354729
262456
462184
234355
942095
63354
7114
775653
739310
231608
383544
265912
694736
104084
200617
455938
414611
920974
644217
372074
331241
923694
784671
327658
477553
226587
259516
306594
576257
709117
77732
855074
682119
360668
294848
416899
104240
939783
97199
356838
36689
669172
407047
882170
137228
988878
627165
167276
907670
340076
629732
90329
927418
193166
755680
83194
410091
824930
651730
791680
94380
760212
693371
371788
214698
637372
71386
532449
102272
758494
191419
115615
317306
605629
637468
540867
232995
251193
824687
409474
825060
493570
66869
506916
910467
4089
46728
442303
434280
837658
684055
352112
308492
204010
3821
330948
827866
104280
833572
484887
414341
852429
554767
923077
424612
116520
134110
465026
866057
498385
281152
187491
991586
807268
102931
197392
672288
539739
664457
482840
406367
165682
276097
431825
45092
548314
412830
74381
316591
125195
767623
581237
274272
629004
820072
824629
826626
924738
996588
837954
797865
427970
542523
641284
626661
340089
254044
473201
213967
607385
340905
676597
466380
357778
795253
836659
80012
349806
320073
995753
784541
103690
879328
290750
203600
322696
217011
380247
604025
138801
219423
782931
265298
677688
433753
989513
909326
304295
723223
346291
532025
663297
872363
700427
887356
879077
121284
636397
517906
141601
457439
871453
172605
693151
510076
508390
322789
532320
535343
662569
442539
115425
548698
270194
482726
249833
760093
757408
812162
547692
145315
149081
348493
86297
123519
293775
413310
858718
952256
295990
93306
52745
328024
802607
591818
321770
569741
115295
578540
278493
838487
524093
87771
389794
148285
605712
343183
317400
735289
975874
858953
163081
490807
144791
338566
78798
92978
526066
537637
265012
896721
832657
828549
212704
694499
545051
30489
160551
163268
357981
270354
661767
241486
709630
204649
308202
533344
970072
464469
598280
707015
369009
406778
327052
18203
499301
413801
857879
144752
654550
377706
267987
766247
423903
569869
750111
842889
228117
893962
526435
268629
633456
744251
880764
75899
89594
721766
100121
22424
392374
707582
160370
640688
152246
624020
153872
579160
18470
21366
712867
666734
612763
555280
954807
941862
97419
311922
893531
956397
386803
858108
707723
29471
443606
415872
326368
412271
235628
690505
731227
749982
842645
946175
320598
788410
649101
300627
42614
155573
46833
386323
167857
712003
883565
692840
150539
313755
379368
890735
814860
997389
125522
775414
380524
371529
839675
665233
421626
262379
552708
606212
257489
202701
564157
8121
743272
844589
729997
163705
887848
873796
301941
370185
872343
593763
970902
808552
357863
871223
371173
826382
374179
653272
190990
206212
77848
308922
89645
772773
67389
690576
544987
34424
962628
650479
536890
221569
345354
313579
229323
723655
589951
111203
969861
974510
399457
507880
131886
331599
796781
471311
966406
978959
789466
788712
133173
625606
409302
636300
529065
468825
521400
261353
874978
356080
425700
476839
52901
588640
489802
700006
710431
237937
594439
541740
706643
170067
61264
301262
187041
437819
289306
902926
453694
228088
593520
834991
419769
302395
20097
738706
608940
914057
144822
430349
568412
730243
333137
520085
14017
319117
94666
933411
87825
141355
655273
105060
236824
850774
998979
246971
288695
250649
114553
434178
521118
38924
72262
245595
249220
777003
214416
317382
386603
645807
134569
678926
675090
61645
770188
53648
371238
521207
634023
6649
692144
746669
708596
62815
177290
637623
638567
752258
516114
133001
317002
687848
834328
578578
456591
16942
196473
194446
752728
376081
822122
279274
158637
528166
72995
694813
918735
716787
192873
782116
944311
511519
734202
864929
334764
903402
170015
760356
873499
375984
102057
19405
51499
112724
519656
772422
210319
371460
752025
80468
131639
322999
427128
766185
478217
662660
460818
293567
29413
294297
406843
921341
465105
125986
76442
258584
419512
455834
313543
670239
707455
166470
385622
904633
196176
573908
10133
238724
484963
210777
351182
763908
349117
184061
182621
891587
22800
282816
552419
718446
402217
840849
758748
979205
574086
788241
340787
355209
470005
533039
508330
558721
751447
45799
654815
30173
358676
49155
726111
862608
553141
968943
649759
594496
104736
524159
268071
165584
570466
683106
166566
424121
276221
637281
648987
666005
404579
869272
384015
563219
717050
221420
941195
507091
744395
215292
976320
940416
563483
856532
434171
671248
703823
86313
137533
461564
479303
700062
304977
85535
822115
406449
80837
266465
138670
593536
13812
171590
920756
61170
326655
947160
911922
238115
728338
482314
828221
16204
114305
184643
463177
307598
515994
416040
362654
447720
79733
606279
777341
788116
628463
947763
24977
599364
953788
186612
151561
985959
712048
19513
319222
183437
901305
835422
85711
826948
254250
18628
0
0
0
0
0
0
0
0
0
0
0
0
0
0
0
0
0
0
0
0
0
0
0
0
0
0
0
0
0
0
0
0
0
0
0
0
0
0
0
0
0
0
0
0
0
0
0
0
0
0
0
0
0
0
0
0
0
0
0
0
0
0
0
0
0
0
0
0
0
0
0
0
0
0
0
0
0
0
0
0
0
0
0
0
0
0
0
0
0
0
0
0
0
0
0
0
0
0
0
0
0
0
0
0
0
0
0
0
0
0
0
0
0
0
0
0
0
0
0
0
0
0
0
0
0
0
0
0
0
0
0
0
0
0
0
0
0
0
0
0
0
0
0
0
0
0
0
0
0
0
0
0
0
0
0
0
0
0
0
0
0
0
0
0
0
0
0
0
0
0
0
0
0
0
0
0
0
0
0
0
0
0
0
0
0
0
0
0
0
0
0
0
0
0
0
0
0
0
0
0
0
0
0
0
0
0
0
0
0
0
0
0
0
0
0
0
0
0
0
0
0
0
0
0
0
0
0
0
0
0
0
0
0
0
0
0
0
0
0
0
0
0
0
0
0
0
0
0
0
0
0
0
0
0
0
0
0
0
0
0
0
0
0
0
0
0
0
0
0
0
0
0
0
0
0
0
0
0
0
0
0
0
0
0
0
0
0
0
0
0
0
0
0
0
0
0
0
0
0
0
0
0
0
0
0
0
0
0
0
0
0
0
0
0
0
0
0
0
0
0
0
0
0
0
0
0
0
0
0
0
0
0
0
0
0
0
0
0
0
0
0
0
0
0
0
0
0
0
0
0
0
0
0
0
0
0
0
0
0
0
0
0
0
0
0
0
0
0
0
0
0
0
0
0
0
0
0
0
0
0
0
0
0
0
0
0
0
0
0
0
0
0
0
0
0
0
0
0
0
0
0
0
0
0
0
0
0
0
0
0
0
0
0
0
0
0
0
0
0
0
0
0
0
0
0
0
0
0
0
0
0
0
0
0
0
0
0
0
0
0
0
0
0
0
0
0
0
0
0
0
0
0
0
0
0
0
0
0
0
0
0
0
0
0
0
0
0
0
0
0
0
0
0
0
0
0
0
0
0
0
0
0
0
0
0
0
0
0
0
0
0
0
0
0
0
0
0
0
0
0
0
0
0
0
0
0
0
0
0
0
0
0
0
0
0
0
0
0
0
0
0
0
0
0
0
0
0
0
0
0
0
0
0
0
0
0
0
0
0
0
0
0
0
0
0
0
0
0
0
0
0
0
0
0
0
0
0
0
0
0
0
0
0
0
0
0
0
0
0
0
0
0
0
0
0
0
0
0
0
0
0
0
0
0
0
0
0
0
0
0
0
0
0
0
0
0
0
0
0
0
0
0
0
0
0
0
0
0
0
0
0
0
0
0
0
0
0
0
0
0
0
0
0
0
0
0
0
0
0
0
0
0
0
0
0
0
0
0
0
0
0
0
0
0
0
0
0
0
0
0
0
0
0
0
0
0
0
0
0
0
0
0
0
0
0
0
0
0
0
0
0
0
0
0
0
0
0
0
0
0
0
0
0
0
0
0
0
0
0
0
0
0
0
0
0
0
0
0
0
0
0
0
0
0
0
0
0
0
0
0
0
0
0
0
0
0
0
0
0
0
0
0
0
0
0
0
0
0
0
0
0
0
0
0
0
0
0
0
0
0
0
0
0
0
0
0
0
0
0
0
0
0
0
0
0
0
0
0
0
0
0
0
0
0
0
0
0
0
0
0
0
0
0
0
0
0
0
0
0
0
0
0
0
0
0
0
0
0
0
0
0
0
0
0
0
0
0
0
0
0
0
0
0
0
0
0
0
0
0
0
0
0
0
0
0
0
0
0
0
0
0
0
0
0
0
0
0
0
0
0
0
0
0
0
0
0
0
0
0
0
0
0
0
0
0
0
0
0
0
0
0
0
0
0
0
0
0
0
0
0
0
0
0
0
0
0
0
0
0
0
0
0
0
0
0
0
0
0
0
0
0
0
0
0
0
0
0
0
0
0
0
0
0
0
0
0
0
0
0
0
0
0
0
0
0
0
0
0
0
0
0
0
0
0
0
0
0
0
0
0
0
0
0
0
0
0
0
0
0
0
0
0
0
0
0
0
0
0
0
0
0
0
0
0
0
0
0
0
0
0
0
0
0
0
0
0
0
0
0
0
0
0
0
0
0
0
0
0
0
0
0
0
0
0
0
0
0
0
0
0
0
0
0
0
0
0
0
0
0
0
0
0
0
0
0
0
0
0
0
0
0
0
0
0
0
0
0
0
0
0
0
0
0
0
0
0
0
0
0
0
0
0
0
0
0
0
0
0
0
0
0
0
0
0
0
0
0
0
0
0
0
0
0
0
0
0
0
0
0
0
0
0
0
0
0
0
0
0
0
0
0
0
0
0
0
0
0
0
0
0
0
0
0
0
0
0
0
0
0
0
0
0
0
0
0
0
0
0
0
0
0
0
0
0
0
0
0
0
0
0
0
0
0
0
0
0
0
0
0
0
0
0
0
0
0
0
0
0
0
0
0
0
0
0
0
0
0
0
0
0
0
0
0
0
0
0
0
0
0
0
0
0
0
0
0
0
0
0
0
0
0
0
0
0
0
0
0
0
0
0
0
0
0
0
0
0
0
0
0
0
0
0
0
0
0
0
0
0
0
0
0
0
0
0
0
0
0
0
0
0
0
0
0
0
0
0
0
0
0
0
0
0
0
0
0
0
0
0
0
0
0
0
0
0
0
0
0
0
0
0
0
0
0
0
0
0
0
0
0
0
0
0
0
0
0
0
0
0
0
0
0
0
0
0
0
0
0
0
0
0
0
0
0
0
0
0
0
0
0
0
0
0
0
0
0
0
0
0
0
0
0
0
0
0
0
0
0
0
0
0
0
0
0
0
0
0
0
0
0
0
0
0
0
0
0
0
0
0
0
0
0
0
0
0
0
0
0
0
0
0
0
0
0
0
0
0
0
0
0
0
0
0
0
0
0
0
0
0
0
0
0
0
0
0
0
0
0
0
0
0
0
0
0
0
0
0
0
0
0
0
0
0
0
0
0
0
0
0
0
0
0
0
0
0
0
0
0
0
0
0
0
0
0
0
0
0
0
0
0
0
0
0
0
0
0
0
0
0
0
0
0
0
0
0
0
0
0
0
0
0
0
0
0
0
0
0
0
0
0
0
0
0
0
0
0
0
0
0
0
0
0
0
0
0
0
0
0
0
0
0
0
0
0
0
0
0
0
0
0
0
0
0
0
0
0
0
0
0
0
0
0
0
0
0
0
0
0
0
0
0
0
0
0
0
0
0
0
0
0
0
0
0
0
0
0
0
0
0
0
0
0
0
0
0
0
0
0
0
0
0
0
0
0
0
0
0
0
0
0
0
0
0
0
0
0
0
0
0
0
0
0
0
0
0
0
0
0
0
0
0
0
0
0
0
0
0
0
0
0
0
0
0
0
0
0
0
0
0
0
0
0
0
0
0
0
0
0
0
0
0
0
0
0
0
0
0
0
0
0
0
0
0
0
0
0
0
0
0
0
0
0
0
0
0
0
0
0
0
0
0
0
0
0
0
0
0
0
0
0
0
0
0
0
0
0
0
0
0
0
0
0
0
0
0
0
0
0
0
0
0
0
0
0
0
0
0
0
0
0
0
0
0
0
0
0
0
0
0
0
0
0
0
0
0
0
0
0
0
0
0
0
0
0
0
0
0
0
0
0
0
0
0
0
0
0
0
0
0
0
0
0
0
0
0
0
0
0
0
0
0
0
0
0
0
0
0
0
0
0
0
0
0
0
0
0
0
0
0
0
0
0
0
0
0
0
0
0
0
0
