0
1
3
7
15
31
63
127
255
511
1023
2047
4095
8191
16383
32767
65535
131071
262143
524287
1048575
2097151
4194303
8388607
16777215
33554431
67108863
134217727
268435455
536870911
1073741823
2147483647
4294967295
8589934591
17179869183
34359738367
68719476735
137438953471
274877906943
549755813887
1099511627775
2199023255551
4398046511103
8796093022207
17592186044415
35184372088831
70368744177663
140737488355327
281474976710655
562949953421311
1125899906842623
2251799813685247
4503599627370495
9007199254740991
18014398509481983
36028797018963967
72057594037927935
144115188075855871
288230376151711743
576460752303423487
1152921504606846975
1
0
2
6
14
30
62
126
254
510
1022
2046
4094
8190
16382
32766
65534
131070
262142
524286
1048574
2097150
4194302
8388606
16777214
33554430
67108862
134217726
268435454
536870910
1073741822
2147483646
4294967294
8589934590
17179869182
34359738366
68719476734
137438953470
274877906942
549755813886
1099511627774
2199023255550
4398046511102
8796093022206
17592186044414
35184372088830
70368744177662
140737488355326
281474976710654
562949953421310
1125899906842622
2251799813685246
4503599627370494
9007199254740990
18014398509481982
36028797018963966
72057594037927934
144115188075855870
288230376151711742
576460752303423486
1152921504606846974
3
2
0
4
12
28
60
124
252
508
1020
2044
4092
8188
16380
32764
65532
131068
262140
524284
1048572
2097148
4194300
8388604
16777212
33554428
67108860
134217724
268435452
536870908
1073741820
2147483644
4294967292
8589934588
17179869180
34359738364
68719476732
137438953468
274877906940
549755813884
1099511627772
2199023255548
4398046511100
8796093022204
17592186044412
35184372088828
70368744177660
140737488355324
281474976710652
562949953421308
1125899906842620
2251799813685244
4503599627370492
9007199254740988
18014398509481980
36028797018963964
72057594037927932
144115188075855868
288230376151711740
576460752303423484
1152921504606846972
7
6
4
0
8
24
56
120
248
504
1016
2040
4088
8184
16376
32760
65528
131064
262136
524280
1048568
2097144
4194296
8388600
16777208
33554424
67108856
134217720
268435448
536870904
1073741816
2147483640
4294967288
8589934584
17179869176
34359738360
68719476728
137438953464
274877906936
549755813880
1099511627768
2199023255544
4398046511096
8796093022200
17592186044408
35184372088824
70368744177656
140737488355320
281474976710648
562949953421304
1125899906842616
2251799813685240
4503599627370488
9007199254740984
18014398509481976
36028797018963960
72057594037927928
144115188075855864
288230376151711736
576460752303423480
1152921504606846968
15
14
12
8
0
16
48
112
240
496
1008
2032
4080
8176
16368
32752
65520
131056
262128
524272
1048560
2097136
4194288
8388592
16777200
33554416
67108848
134217712
268435440
536870896
1073741808
2147483632
4294967280
8589934576
17179869168
34359738352
68719476720
137438953456
274877906928
549755813872
1099511627760
2199023255536
4398046511088
8796093022192
17592186044400
35184372088816
70368744177648
140737488355312
281474976710640
562949953421296
1125899906842608
2251799813685232
4503599627370480
9007199254740976
18014398509481968
36028797018963952
72057594037927920
144115188075855856
288230376151711728
576460752303423472
1152921504606846960
31
30
28
24
16
0
32
96
224
480
992
2016
4064
8160
16352
32736
65504
131040
262112
524256
1048544
2097120
4194272
8388576
16777184
33554400
67108832
134217696
268435424
536870880
1073741792
2147483616
4294967264
8589934560
17179869152
34359738336
68719476704
137438953440
274877906912
549755813856
1099511627744
2199023255520
4398046511072
8796093022176
17592186044384
35184372088800
70368744177632
140737488355296
281474976710624
562949953421280
1125899906842592
2251799813685216
4503599627370464
9007199254740960
18014398509481952
36028797018963936
72057594037927904
144115188075855840
288230376151711712
576460752303423456
1152921504606846944
63
62
60
56
48
32
0
64
192
448
960
1984
4032
8128
16320
32704
65472
131008
262080
524224
1048512
2097088
4194240
8388544
16777152
33554368
67108800
134217664
268435392
536870848
1073741760
2147483584
4294967232
8589934528
17179869120
34359738304
68719476672
137438953408
274877906880
549755813824
1099511627712
2199023255488
4398046511040
8796093022144
17592186044352
35184372088768
70368744177600
140737488355264
281474976710592
562949953421248
1125899906842560
2251799813685184
4503599627370432
9007199254740928
18014398509481920
36028797018963904
72057594037927872
144115188075855808
288230376151711680
576460752303423424
1152921504606846912
127
126
124
120
112
96
64
0
128
384
896
1920
3968
8064
16256
32640
65408
130944
262016
524160
1048448
2097024
4194176
8388480
16777088
33554304
67108736
134217600
268435328
536870784
1073741696
2147483520
4294967168
8589934464
17179869056
34359738240
68719476608
137438953344
274877906816
549755813760
1099511627648
2199023255424
4398046510976
8796093022080
17592186044288
35184372088704
70368744177536
140737488355200
281474976710528
562949953421184
1125899906842496
2251799813685120
4503599627370368
9007199254740864
18014398509481856
36028797018963840
72057594037927808
144115188075855744
288230376151711616
576460752303423360
1152921504606846848
255
254
252
248
240
224
192
128
0
256
768
1792
3840
7936
16128
32512
65280
130816
261888
524032
1048320
2096896
4194048
8388352
16776960
33554176
67108608
134217472
268435200
536870656
1073741568
2147483392
4294967040
8589934336
17179868928
34359738112
68719476480
137438953216
274877906688
549755813632
1099511627520
2199023255296
4398046510848
8796093021952
17592186044160
35184372088576
70368744177408
140737488355072
281474976710400
562949953421056
1125899906842368
2251799813684992
4503599627370240
9007199254740736
18014398509481728
36028797018963712
72057594037927680
144115188075855616
288230376151711488
576460752303423232
1152921504606846720
511
510
508
504
496
480
448
384
256
0
512
1536
3584
7680
15872
32256
65024
130560
261632
523776
1048064
2096640
4193792
8388096
16776704
33553920
67108352
134217216
268434944
536870400
1073741312
2147483136
4294966784
8589934080
17179868672
34359737856
68719476224
137438952960
274877906432
549755813376
1099511627264
2199023255040
4398046510592
8796093021696
17592186043904
35184372088320
70368744177152
140737488354816
281474976710144
562949953420800
1125899906842112
2251799813684736
4503599627369984
9007199254740480
18014398509481472
36028797018963456
72057594037927424
144115188075855360
288230376151711232
576460752303422976
1152921504606846464
1023
1022
1020
1016
1008
992
960
896
768
512
0
1024
3072
7168
15360
31744
64512
130048
261120
523264
1047552
2096128
4193280
8387584
16776192
33553408
67107840
134216704
268434432
536869888
1073740800
2147482624
4294966272
8589933568
17179868160
34359737344
68719475712
137438952448
274877905920
549755812864
1099511626752
2199023254528
4398046510080
8796093021184
17592186043392
35184372087808
70368744176640
140737488354304
281474976709632
562949953420288
1125899906841600
2251799813684224
4503599627369472
9007199254739968
18014398509480960
36028797018962944
72057594037926912
144115188075854848
288230376151710720
576460752303422464
1152921504606845952
2047
2046
2044
2040
2032
2016
1984
1920
1792
1536
1024
0
2048
6144
14336
30720
63488
129024
260096
522240
1046528
2095104
4192256
8386560
16775168
33552384
67106816
134215680
268433408
536868864
1073739776
2147481600
4294965248
8589932544
17179867136
34359736320
68719474688
137438951424
274877904896
549755811840
1099511625728
2199023253504
4398046509056
8796093020160
17592186042368
35184372086784
70368744175616
140737488353280
281474976708608
562949953419264
1125899906840576
2251799813683200
4503599627368448
9007199254738944
18014398509479936
36028797018961920
72057594037925888
144115188075853824
288230376151709696
576460752303421440
1152921504606844928
4095
4094
4092
4088
4080
4064
4032
3968
3840
3584
3072
2048
0
4096
12288
28672
61440
126976
258048
520192
1044480
2093056
4190208
8384512
16773120
33550336
67104768
134213632
268431360
536866816
1073737728
2147479552
4294963200
8589930496
17179865088
34359734272
68719472640
137438949376
274877902848
549755809792
1099511623680
2199023251456
4398046507008
8796093018112
17592186040320
35184372084736
70368744173568
140737488351232
281474976706560
562949953417216
1125899906838528
2251799813681152
4503599627366400
9007199254736896
18014398509477888
36028797018959872
72057594037923840
144115188075851776
288230376151707648
576460752303419392
1152921504606842880
8191
8190
8188
8184
8176
8160
8128
8064
7936
7680
7168
6144
4096
0
8192
24576
57344
122880
253952
516096
1040384
2088960
4186112
8380416
16769024
33546240
67100672
134209536
268427264
536862720
1073733632
2147475456
4294959104
8589926400
17179860992
34359730176
68719468544
137438945280
274877898752
549755805696
1099511619584
2199023247360
4398046502912
8796093014016
17592186036224
35184372080640
70368744169472
140737488347136
281474976702464
562949953413120
1125899906834432
2251799813677056
4503599627362304
9007199254732800
18014398509473792
36028797018955776
72057594037919744
144115188075847680
288230376151703552
576460752303415296
1152921504606838784
16383
16382
16380
16376
16368
16352
16320
16256
16128
15872
15360
14336
12288
8192
0
16384
49152
114688
245760
507904
1032192
2080768
4177920
8372224
16760832
33538048
67092480
134201344
268419072
536854528
1073725440
2147467264
4294950912
8589918208
17179852800
34359721984
68719460352
137438937088
274877890560
549755797504
1099511611392
2199023239168
4398046494720
8796093005824
17592186028032
35184372072448
70368744161280
140737488338944
281474976694272
562949953404928
1125899906826240
2251799813668864
4503599627354112
9007199254724608
18014398509465600
36028797018947584
72057594037911552
144115188075839488
288230376151695360
576460752303407104
1152921504606830592
32767
32766
32764
32760
32752
32736
32704
32640
32512
32256
31744
30720
28672
24576
16384
0
32768
98304
229376
491520
1015808
2064384
4161536
8355840
16744448
33521664
67076096
134184960
268402688
536838144
1073709056
2147450880
4294934528
8589901824
17179836416
34359705600
68719443968
137438920704
274877874176
549755781120
1099511595008
2199023222784
4398046478336
8796092989440
17592186011648
35184372056064
70368744144896
140737488322560
281474976677888
562949953388544
1125899906809856
2251799813652480
4503599627337728
9007199254708224
18014398509449216
36028797018931200
72057594037895168
144115188075823104
288230376151678976
576460752303390720
1152921504606814208
65535
65534
65532
65528
65520
65504
65472
65408
65280
65024
64512
63488
61440
57344
49152
32768
0
65536
196608
458752
983040
2031616
4128768
8323072
16711680
33488896
67043328
134152192
268369920
536805376
1073676288
2147418112
4294901760
8589869056
17179803648
34359672832
68719411200
137438887936
274877841408
549755748352
1099511562240
2199023190016
4398046445568
8796092956672
17592185978880
35184372023296
70368744112128
140737488289792
281474976645120
562949953355776
1125899906777088
2251799813619712
4503599627304960
9007199254675456
18014398509416448
36028797018898432
72057594037862400
144115188075790336
288230376151646208
576460752303357952
1152921504606781440
131071
131070
131068
131064
131056
131040
131008
130944
130816
130560
130048
129024
126976
122880
114688
98304
65536
0
131072
393216
917504
1966080
4063232
8257536
16646144
33423360
66977792
134086656
268304384
536739840
1073610752
2147352576
4294836224
8589803520
17179738112
34359607296
68719345664
137438822400
274877775872
549755682816
1099511496704
2199023124480
4398046380032
8796092891136
17592185913344
35184371957760
70368744046592
140737488224256
281474976579584
562949953290240
1125899906711552
2251799813554176
4503599627239424
9007199254609920
18014398509350912
36028797018832896
72057594037796864
144115188075724800
288230376151580672
576460752303292416
1152921504606715904
262143
262142
262140
262136
262128
262112
262080
262016
261888
261632
261120
260096
258048
253952
245760
229376
196608
131072
0
262144
786432
1835008
3932160
8126464
16515072
33292288
66846720
133955584
268173312
536608768
1073479680
2147221504
4294705152
8589672448
17179607040
34359476224
68719214592
137438691328
274877644800
549755551744
1099511365632
2199022993408
4398046248960
8796092760064
17592185782272
35184371826688
70368743915520
140737488093184
281474976448512
562949953159168
1125899906580480
2251799813423104
4503599627108352
9007199254478848
18014398509219840
36028797018701824
72057594037665792
144115188075593728
288230376151449600
576460752303161344
1152921504606584832
524287
524286
524284
524280
524272
524256
524224
524160
524032
523776
523264
522240
520192
516096
507904
491520
458752
393216
262144
0
524288
1572864
3670016
7864320
16252928
33030144
66584576
133693440
267911168
536346624
1073217536
2146959360
4294443008
8589410304
17179344896
34359214080
68718952448
137438429184
274877382656
549755289600
1099511103488
2199022731264
4398045986816
8796092497920
17592185520128
35184371564544
70368743653376
140737487831040
281474976186368
562949952897024
1125899906318336
2251799813160960
4503599626846208
9007199254216704
18014398508957696
36028797018439680
72057594037403648
144115188075331584
288230376151187456
576460752302899200
1152921504606322688
1048575
1048574
1048572
1048568
1048560
1048544
1048512
1048448
1048320
1048064
1047552
1046528
1044480
1040384
1032192
1015808
983040
917504
786432
524288
0
1048576
3145728
7340032
15728640
32505856
66060288
133169152
267386880
535822336
1072693248
2146435072
4293918720
8588886016
17178820608
34358689792
68718428160
137437904896
274876858368
549754765312
1099510579200
2199022206976
4398045462528
8796091973632
17592184995840
35184371040256
70368743129088
140737487306752
281474975662080
562949952372736
1125899905794048
2251799812636672
4503599626321920
9007199253692416
18014398508433408
36028797017915392
72057594036879360
144115188074807296
288230376150663168
576460752302374912
1152921504605798400
2097151
2097150
2097148
2097144
2097136
2097120
2097088
2097024
2096896
2096640
2096128
2095104
2093056
2088960
2080768
2064384
2031616
1966080
1835008
1572864
1048576
0
2097152
6291456
14680064
31457280
65011712
132120576
266338304
534773760
1071644672
2145386496
4292870144
8587837440
17177772032
34357641216
68717379584
137436856320
274875809792
549753716736
1099509530624
2199021158400
4398044413952
8796090925056
17592183947264
35184369991680
70368742080512
140737486258176
281474974613504
562949951324160
1125899904745472
2251799811588096
4503599625273344
9007199252643840
18014398507384832
36028797016866816
72057594035830784
144115188073758720
288230376149614592
576460752301326336
1152921504604749824
4194303
4194302
4194300
4194296
4194288
4194272
4194240
4194176
4194048
4193792
4193280
4192256
4190208
4186112
4177920
4161536
4128768
4063232
3932160
3670016
3145728
2097152
0
4194304
12582912
29360128
62914560
130023424
264241152
532676608
1069547520
2143289344
4290772992
8585740288
17175674880
34355544064
68715282432
137434759168
274873712640
549751619584
1099507433472
2199019061248
4398042316800
8796088827904
17592181850112
35184367894528
70368739983360
140737484161024
281474972516352
562949949227008
1125899902648320
2251799809490944
4503599623176192
9007199250546688
18014398505287680
36028797014769664
72057594033733632
144115188071661568
288230376147517440
576460752299229184
1152921504602652672
8388607
8388606
8388604
8388600
8388592
8388576
8388544
8388480
8388352
8388096
8387584
8386560
8384512
8380416
8372224
8355840
8323072
8257536
8126464
7864320
7340032
6291456
4194304
0
8388608
25165824
58720256
125829120
260046848
528482304
1065353216
2139095040
4286578688
8581545984
17171480576
34351349760
68711088128
137430564864
274869518336
549747425280
1099503239168
2199014866944
4398038122496
8796084633600
17592177655808
35184363700224
70368735789056
140737479966720
281474968322048
562949945032704
1125899898454016
2251799805296640
4503599618981888
9007199246352384
18014398501093376
36028797010575360
72057594029539328
144115188067467264
288230376143323136
576460752295034880
1152921504598458368
16777215
16777214
16777212
16777208
16777200
16777184
16777152
16777088
16776960
16776704
16776192
16775168
16773120
16769024
16760832
16744448
16711680
16646144
16515072
16252928
15728640
14680064
12582912
8388608
0
16777216
50331648
117440512
251658240
520093696
1056964608
2130706432
4278190080
8573157376
17163091968
34342961152
68702699520
137422176256
274861129728
549739036672
1099494850560
2199006478336
4398029733888
8796076244992
17592169267200
35184355311616
70368727400448
140737471578112
281474959933440
562949936644096
1125899890065408
2251799796908032
4503599610593280
9007199237963776
18014398492704768
36028797002186752
72057594021150720
144115188059078656
288230376134934528
576460752286646272
1152921504590069760
33554431
33554430
33554428
33554424
33554416
33554400
33554368
33554304
33554176
33553920
33553408
33552384
33550336
33546240
33538048
33521664
33488896
33423360
33292288
33030144
32505856
31457280
29360128
25165824
16777216
0
33554432
100663296
234881024
503316480
1040187392
2113929216
4261412864
8556380160
17146314752
34326183936
68685922304
137405399040
274844352512
549722259456
1099478073344
2198989701120
4398012956672
8796059467776
17592152489984
35184338534400
70368710623232
140737454800896
281474943156224
562949919866880
1125899873288192
2251799780130816
4503599593816064
9007199221186560
18014398475927552
36028796985409536
72057594004373504
144115188042301440
288230376118157312
576460752269869056
1152921504573292544
67108863
67108862
67108860
67108856
67108848
67108832
67108800
67108736
67108608
67108352
67107840
67106816
67104768
67100672
67092480
67076096
67043328
66977792
66846720
66584576
66060288
65011712
62914560
58720256
50331648
33554432
0
67108864
201326592
469762048
1006632960
2080374784
4227858432
8522825728
17112760320
34292629504
68652367872
137371844608
274810798080
549688705024
1099444518912
2198956146688
4397979402240
8796025913344
17592118935552
35184304979968
70368677068800
140737421246464
281474909601792
562949886312448
1125899839733760
2251799746576384
4503599560261632
9007199187632128
18014398442373120
36028796951855104
72057593970819072
144115188008747008
288230376084602880
576460752236314624
1152921504539738112
134217727
134217726
134217724
134217720
134217712
134217696
134217664
134217600
134217472
134217216
134216704
134215680
134213632
134209536
134201344
134184960
134152192
134086656
133955584
133693440
133169152
132120576
130023424
125829120
117440512
100663296
67108864
0
134217728
402653184
939524096
2013265920
4160749568
8455716864
17045651456
34225520640
68585259008
137304735744
274743689216
549621596160
1099377410048
2198889037824
4397912293376
8795958804480
17592051826688
35184237871104
70368609959936
140737354137600
281474842492928
562949819203584
1125899772624896
2251799679467520
4503599493152768
9007199120523264
18014398375264256
36028796884746240
72057593903710208
144115187941638144
288230376017494016
576460752169205760
1152921504472629248
268435455
268435454
268435452
268435448
268435440
268435424
268435392
268435328
268435200
268434944
268434432
268433408
268431360
268427264
268419072
268402688
268369920
268304384
268173312
267911168
267386880
266338304
264241152
260046848
251658240
234881024
201326592
134217728
0
268435456
805306368
1879048192
4026531840
8321499136
16911433728
34091302912
68451041280
137170518016
274609471488
549487378432
1099243192320
2198754820096
4397778075648
8795824586752
17591917608960
35184103653376
70368475742208
140737219919872
281474708275200
562949684985856
1125899638407168
2251799545249792
4503599358935040
9007198986305536
18014398241046528
36028796750528512
72057593769492480
144115187807420416
288230375883276288
576460752034988032
1152921504338411520
536870911
536870910
536870908
536870904
536870896
536870880
536870848
536870784
536870656
536870400
536869888
536868864
536866816
536862720
536854528
536838144
536805376
536739840
536608768
536346624
535822336
534773760
532676608
528482304
520093696
503316480
469762048
402653184
268435456
0
536870912
1610612736
3758096384
8053063680
16642998272
33822867456
68182605824
136902082560
274341036032
549218942976
1098974756864
2198486384640
4397509640192
8795556151296
17591649173504
35183835217920
70368207306752
140736951484416
281474439839744
562949416550400
1125899369971712
2251799276814336
4503599090499584
9007198717870080
18014397972611072
36028796482093056
72057593501057024
144115187538984960
288230375614840832
576460751766552576
1152921504069976064
1073741823
1073741822
1073741820
1073741816
1073741808
1073741792
1073741760
1073741696
1073741568
1073741312
1073740800
1073739776
1073737728
1073733632
1073725440
1073709056
1073676288
1073610752
1073479680
1073217536
1072693248
1071644672
1069547520
1065353216
1056964608
1040187392
1006632960
939524096
805306368
536870912
0
1073741824
3221225472
7516192768
16106127360
33285996544
67645734912
136365211648
273804165120
548682072064
1098437885952
2197949513728
4396972769280
8795019280384
17591112302592
35183298347008
70367670435840
140736414613504
281473902968832
562948879679488
1125898833100800
2251798739943424
4503598553628672
9007198180999168
18014397435740160
36028795945222144
72057592964186112
144115187002114048
288230375077969920
576460751229681664
1152921503533105152
2147483647
2147483646
2147483644
2147483640
2147483632
2147483616
2147483584
2147483520
2147483392
2147483136
2147482624
2147481600
2147479552
2147475456
2147467264
2147450880
2147418112
2147352576
2147221504
2146959360
2146435072
2145386496
2143289344
2139095040
2130706432
2113929216
2080374784
2013265920
1879048192
1610612736
1073741824
0
2147483648
6442450944
15032385536
32212254720
66571993088
135291469824
272730423296
547608330240
1097364144128
2196875771904
4395899027456
8793945538560
17590038560768
35182224605184
70366596694016
140735340871680
281472829227008
562947805937664
1125897759358976
2251797666201600
4503597479886848
9007197107257344
18014396361998336
36028794871480320
72057591890444288
144115185928372224
288230374004228096
576460750155939840
1152921502459363328
4294967295
4294967294
4294967292
4294967288
4294967280
4294967264
4294967232
4294967168
4294967040
4294966784
4294966272
4294965248
4294963200
4294959104
4294950912
4294934528
4294901760
4294836224
4294705152
4294443008
4293918720
4292870144
4290772992
4286578688
4278190080
4261412864
4227858432
4160749568
4026531840
3758096384
3221225472
2147483648
0
4294967296
12884901888
30064771072
64424509440
133143986176
270582939648
545460846592
1095216660480
2194728288256
4393751543808
8791798054912
17587891077120
35180077121536
70364449210368
140733193388032
281470681743360
562945658454016
1125895611875328
2251795518717952
4503595332403200
9007194959773696
18014394214514688
36028792723996672
72057589742960640
144115183780888576
288230371856744448
576460748008456192
1152921500311879680
8589934591
8589934590
8589934588
8589934584
8589934576
8589934560
8589934528
8589934464
8589934336
8589934080
8589933568
8589932544
8589930496
8589926400
8589918208
8589901824
8589869056
8589803520
8589672448
8589410304
8588886016
8587837440
8585740288
8581545984
8573157376
8556380160
8522825728
8455716864
8321499136
8053063680
7516192768
6442450944
4294967296
0
8589934592
25769803776
60129542144
128849018880
266287972352
541165879296
1090921693184
2190433320960
4389456576512
8787503087616
17583596109824
35175782154240
70360154243072
140728898420736
281466386776064
562941363486720
1125891316908032
2251791223750656
4503591037435904
9007190664806400
18014389919547392
36028788429029376
72057585447993344
144115179485921280
288230367561777152
576460743713488896
1152921496016912384
17179869183
17179869182
17179869180
17179869176
17179869168
17179869152
17179869120
17179869056
17179868928
17179868672
17179868160
17179867136
17179865088
17179860992
17179852800
17179836416
17179803648
17179738112
17179607040
17179344896
17178820608
17177772032
17175674880
17171480576
17163091968
17146314752
17112760320
17045651456
16911433728
16642998272
16106127360
15032385536
12884901888
8589934592
0
17179869184
51539607552
120259084288
257698037760
532575944704
1082331758592
2181843386368
4380866641920
8778913153024
17575006175232
35167192219648
70351564308480
140720308486144
281457796841472
562932773552128
1125882726973440
2251782633816064
4503582447501312
9007182074871808
18014381329612800
36028779839094784
72057576858058752
144115170895986688
288230358971842560
576460735123554304
1152921487426977792
34359738367
34359738366
34359738364
34359738360
34359738352
34359738336
34359738304
34359738240
34359738112
34359737856
34359737344
34359736320
34359734272
34359730176
34359721984
34359705600
34359672832
34359607296
34359476224
34359214080
34358689792
34357641216
34355544064
34351349760
34342961152
34326183936
34292629504
34225520640
34091302912
33822867456
33285996544
32212254720
30064771072
25769803776
17179869184
0
34359738368
103079215104
240518168576
515396075520
1065151889408
2164663517184
4363686772736
8761733283840
17557826306048
35150012350464
70334384439296
140703128616960
281440616972288
562915593682944
1125865547104256
2251765453946880
4503565267632128
9007164895002624
18014364149743616
36028762659225600
72057559678189568
144115153716117504
288230341791973376
576460717943685120
1152921470247108608
68719476735
68719476734
68719476732
68719476728
68719476720
68719476704
68719476672
68719476608
68719476480
68719476224
68719475712
68719474688
68719472640
68719468544
68719460352
68719443968
68719411200
68719345664
68719214592
68718952448
68718428160
68717379584
68715282432
68711088128
68702699520
68685922304
68652367872
68585259008
68451041280
68182605824
67645734912
66571993088
64424509440
60129542144
51539607552
34359738368
0
68719476736
206158430208
481036337152
1030792151040
2130303778816
4329327034368
8727373545472
17523466567680
35115652612096
70300024700928
140668768878592
281406257233920
562881233944576
1125831187365888
2251731094208512
4503530907893760
9007130535264256
18014329790005248
36028728299487232
72057525318451200
144115119356379136
288230307432235008
576460683583946752
1152921435887370240
137438953471
137438953470
137438953468
137438953464
137438953456
137438953440
137438953408
137438953344
137438953216
137438952960
137438952448
137438951424
137438949376
137438945280
137438937088
137438920704
137438887936
137438822400
137438691328
137438429184
137437904896
137436856320
137434759168
137430564864
137422176256
137405399040
137371844608
137304735744
137170518016
136902082560
136365211648
135291469824
133143986176
128849018880
120259084288
103079215104
68719476736
0
137438953472
412316860416
962072674304
2061584302080
4260607557632
8658654068736
17454747090944
35046933135360
70231305224192
140600049401856
281337537757184
562812514467840
1125762467889152
2251662374731776
4503462188417024
9007061815787520
18014261070528512
36028659580010496
72057456598974464
144115050636902400
288230238712758272
576460614864470016
1152921367167893504
274877906943
274877906942
274877906940
274877906936
274877906928
274877906912
274877906880
274877906816
274877906688
274877906432
274877905920
274877904896
274877902848
274877898752
274877890560
274877874176
274877841408
274877775872
274877644800
274877382656
274876858368
274875809792
274873712640
274869518336
274861129728
274844352512
274810798080
274743689216
274609471488
274341036032
273804165120
272730423296
270582939648
266287972352
257698037760
240518168576
206158430208
137438953472
0
274877906944
824633720832
1924145348608
4123168604160
8521215115264
17317308137472
34909494181888
70093866270720
140462610448384
281200098803712
562675075514368
1125625028935680
2251524935778304
4503324749463552
9006924376834048
18014123631575040
36028522141057024
72057319160020992
144114913197948928
288230101273804800
576460477425516544
1152921229728940032
549755813887
549755813886
549755813884
549755813880
549755813872
549755813856
549755813824
549755813760
549755813632
549755813376
549755812864
549755811840
549755809792
549755805696
549755797504
549755781120
549755748352
549755682816
549755551744
549755289600
549754765312
549753716736
549751619584
549747425280
549739036672
549722259456
549688705024
549621596160
549487378432
549218942976
548682072064
547608330240
545460846592
541165879296
532575944704
515396075520
481036337152
412316860416
274877906944
0
549755813888
1649267441664
3848290697216
8246337208320
17042430230528
34634616274944
69818988363776
140187732541440
280925220896768
562400197607424
1125350151028736
2251250057871360
4503049871556608
9006649498927104
18013848753668096
36028247263150080
72057044282114048
144114638320041984
288229826395897856
576460202547609600
1152920954851033088
1099511627775
1099511627774
1099511627772
1099511627768
1099511627760
1099511627744
1099511627712
1099511627648
1099511627520
1099511627264
1099511626752
1099511625728
1099511623680
1099511619584
1099511611392
1099511595008
1099511562240
1099511496704
1099511365632
1099511103488
1099510579200
1099509530624
1099507433472
1099503239168
1099494850560
1099478073344
1099444518912
1099377410048
1099243192320
1098974756864
1098437885952
1097364144128
1095216660480
1090921693184
1082331758592
1065151889408
1030792151040
962072674304
824633720832
549755813888
0
1099511627776
3298534883328
7696581394432
16492674416640
34084860461056
69269232549888
139637976727552
280375465082880
561850441793536
1124800395214848
2250700302057472
4502500115742720
9006099743113216
18013298997854208
36027697507336192
72056494526300160
144114088564228096
288229276640083968
576459652791795712
1152920405095219200
2199023255551
2199023255550
2199023255548
2199023255544
2199023255536
2199023255520
2199023255488
2199023255424
2199023255296
2199023255040
2199023254528
2199023253504
2199023251456
2199023247360
2199023239168
2199023222784
2199023190016
2199023124480
2199022993408
2199022731264
2199022206976
2199021158400
2199019061248
2199014866944
2199006478336
2198989701120
2198956146688
2198889037824
2198754820096
2198486384640
2197949513728
2196875771904
2194728288256
2190433320960
2181843386368
2164663517184
2130303778816
2061584302080
1924145348608
1649267441664
1099511627776
0
2199023255552
6597069766656
15393162788864
32985348833280
68169720922112
138538465099776
279275953455104
560750930165760
1123700883587072
2249600790429696
4501400604114944
9005000231485440
18012199486226432
36026597995708416
72055395014672384
144112989052600320
288228177128456192
576458553280167936
1152919305583591424
4398046511103
4398046511102
4398046511100
4398046511096
4398046511088
4398046511072
4398046511040
4398046510976
4398046510848
4398046510592
4398046510080
4398046509056
4398046507008
4398046502912
4398046494720
4398046478336
4398046445568
4398046380032
4398046248960
4398045986816
4398045462528
4398044413952
4398042316800
4398038122496
4398029733888
4398012956672
4397979402240
4397912293376
4397778075648
4397509640192
4396972769280
4395899027456
4393751543808
4389456576512
4380866641920
4363686772736
4329327034368
4260607557632
4123168604160
3848290697216
3298534883328
2199023255552
0
4398046511104
13194139533312
30786325577728
65970697666560
136339441844224
277076930199552
558551906910208
1121501860331520
2247401767174144
4499201580859392
9002801208229888
18010000462970880
36024398972452864
72053195991416832
144110790029344768
288225978105200640
576456354256912384
1152917106560335872
8796093022207
8796093022206
8796093022204
8796093022200
8796093022192
8796093022176
8796093022144
8796093022080
8796093021952
8796093021696
8796093021184
8796093020160
8796093018112
8796093014016
8796093005824
8796092989440
8796092956672
8796092891136
8796092760064
8796092497920
8796091973632
8796090925056
8796088827904
8796084633600
8796076244992
8796059467776
8796025913344
8795958804480
8795824586752
8795556151296
8795019280384
8793945538560
8791798054912
8787503087616
8778913153024
8761733283840
8727373545472
8658654068736
8521215115264
8246337208320
7696581394432
6597069766656
4398046511104
0
8796093022208
26388279066624
61572651155456
131941395333120
272678883688448
554153860399104
1117103813820416
2243003720663040
4494803534348288
8998403161718784
18005602416459776
36020000925941760
72048797944905728
144106391982833664
288221580058689536
576451956210401280
1152912708513824768
17592186044415
17592186044414
17592186044412
17592186044408
17592186044400
17592186044384
17592186044352
17592186044288
17592186044160
17592186043904
17592186043392
17592186042368
17592186040320
17592186036224
17592186028032
17592186011648
17592185978880
17592185913344
17592185782272
17592185520128
17592184995840
17592183947264
17592181850112
17592177655808
17592169267200
17592152489984
17592118935552
17592051826688
17591917608960
17591649173504
17591112302592
17590038560768
17587891077120
17583596109824
17575006175232
17557826306048
17523466567680
17454747090944
17317308137472
17042430230528
16492674416640
15393162788864
13194139533312
8796093022208
0
17592186044416
52776558133248
123145302310912
263882790666240
545357767376896
1108307720798208
2234207627640832
4486007441326080
8989607068696576
17996806323437568
36011204832919552
72040001851883520
144097595889811456
288212783965667328
576443160117379072
1152903912420802560
35184372088831
35184372088830
35184372088828
35184372088824
35184372088816
35184372088800
35184372088768
35184372088704
35184372088576
35184372088320
35184372087808
35184372086784
35184372084736
35184372080640
35184372072448
35184372056064
35184372023296
35184371957760
35184371826688
35184371564544
35184371040256
35184369991680
35184367894528
35184363700224
35184355311616
35184338534400
35184304979968
35184237871104
35184103653376
35183835217920
35183298347008
35182224605184
35180077121536
35175782154240
35167192219648
35150012350464
35115652612096
35046933135360
34909494181888
34634616274944
34084860461056
32985348833280
30786325577728
26388279066624
17592186044416
0
35184372088832
105553116266496
246290604621824
527765581332480
1090715534753792
2216615441596416
4468415255281664
8972014882652160
17979214137393152
35993612646875136
72022409665839104
144080003703767040
288195191779622912
576425567931334656
1152886320234758144
70368744177663
70368744177662
70368744177660
70368744177656
70368744177648
70368744177632
70368744177600
70368744177536
70368744177408
70368744177152
70368744176640
70368744175616
70368744173568
70368744169472
70368744161280
70368744144896
70368744112128
70368744046592
70368743915520
70368743653376
70368743129088
70368742080512
70368739983360
70368735789056
70368727400448
70368710623232
70368677068800
70368609959936
70368475742208
70368207306752
70367670435840
70366596694016
70364449210368
70360154243072
70351564308480
70334384439296
70300024700928
70231305224192
70093866270720
69818988363776
69269232549888
68169720922112
65970697666560
61572651155456
52776558133248
35184372088832
0
70368744177664
211106232532992
492581209243648
1055531162664960
2181431069507584
4433230883192832
8936830510563328
17944029765304320
35958428274786304
71987225293750272
144044819331678208
288160007407534080
576390383559245824
1152851135862669312
140737488355327
140737488355326
140737488355324
140737488355320
140737488355312
140737488355296
140737488355264
140737488355200
140737488355072
140737488354816
140737488354304
140737488353280
140737488351232
140737488347136
140737488338944
140737488322560
140737488289792
140737488224256
140737488093184
140737487831040
140737487306752
140737486258176
140737484161024
140737479966720
140737471578112
140737454800896
140737421246464
140737354137600
140737219919872
140736951484416
140736414613504
140735340871680
140733193388032
140728898420736
140720308486144
140703128616960
140668768878592
140600049401856
140462610448384
140187732541440
139637976727552
138538465099776
136339441844224
131941395333120
123145302310912
105553116266496
70368744177664
0
140737488355328
422212465065984
985162418487296
2111062325329920
4362862139015168
8866461766385664
17873661021126656
35888059530608640
71916856549572608
143974450587500544
288089638663356416
576320014815068160
1152780767118491648
281474976710655
281474976710654
281474976710652
281474976710648
281474976710640
281474976710624
281474976710592
281474976710528
281474976710400
281474976710144
281474976709632
281474976708608
281474976706560
281474976702464
281474976694272
281474976677888
281474976645120
281474976579584
281474976448512
281474976186368
281474975662080
281474974613504
281474972516352
281474968322048
281474959933440
281474943156224
281474909601792
281474842492928
281474708275200
281474439839744
281473902968832
281472829227008
281470681743360
281466386776064
281457796841472
281440616972288
281406257233920
281337537757184
281200098803712
280925220896768
280375465082880
279275953455104
277076930199552
272678883688448
263882790666240
246290604621824
211106232532992
140737488355328
0
281474976710656
844424930131968
1970324836974592
4222124650659840
8725724278030336
17732923532771328
35747322042253312
71776119061217280
143833713099145216
287948901175001088
576179277326712832
1152640029630136320
562949953421311
562949953421310
562949953421308
562949953421304
562949953421296
562949953421280
562949953421248
562949953421184
562949953421056
562949953420800
562949953420288
562949953419264
562949953417216
562949953413120
562949953404928
562949953388544
562949953355776
562949953290240
562949953159168
562949952897024
562949952372736
562949951324160
562949949227008
562949945032704
562949936644096
562949919866880
562949886312448
562949819203584
562949684985856
562949416550400
562948879679488
562947805937664
562945658454016
562941363486720
562932773552128
562915593682944
562881233944576
562812514467840
562675075514368
562400197607424
561850441793536
560750930165760
558551906910208
554153860399104
545357767376896
527765581332480
492581209243648
422212465065984
281474976710656
0
562949953421312
1688849860263936
3940649673949184
8444249301319680
17451448556060672
35465847065542656
71494644084506624
143552238122434560
287667426198290432
575897802350002176
1152358554653425664
1125899906842623
1125899906842622
1125899906842620
1125899906842616
1125899906842608
1125899906842592
1125899906842560
1125899906842496
1125899906842368
1125899906842112
1125899906841600
1125899906840576
1125899906838528
1125899906834432
1125899906826240
1125899906809856
1125899906777088
1125899906711552
1125899906580480
1125899906318336
1125899905794048
1125899904745472
1125899902648320
1125899898454016
1125899890065408
1125899873288192
1125899839733760
1125899772624896
1125899638407168
1125899369971712
1125898833100800
1125897759358976
1125895611875328
1125891316908032
1125882726973440
1125865547104256
1125831187365888
1125762467889152
1125625028935680
1125350151028736
1124800395214848
1123700883587072
1121501860331520
1117103813820416
1108307720798208
1090715534753792
1055531162664960
985162418487296
844424930131968
562949953421312
0
1125899906842624
3377699720527872
7881299347898368
16888498602639360
34902897112121344
70931694131085312
142989288169013248
287104476244869120
575334852396580864
1151795604700004352
2251799813685247
2251799813685246
2251799813685244
2251799813685240
2251799813685232
2251799813685216
2251799813685184
2251799813685120
2251799813684992
2251799813684736
2251799813684224
2251799813683200
2251799813681152
2251799813677056
2251799813668864
2251799813652480
2251799813619712
2251799813554176
2251799813423104
2251799813160960
2251799812636672
2251799811588096
2251799809490944
2251799805296640
2251799796908032
2251799780130816
2251799746576384
2251799679467520
2251799545249792
2251799276814336
2251798739943424
2251797666201600
2251795518717952
2251791223750656
2251782633816064
2251765453946880
2251731094208512
2251662374731776
2251524935778304
2251250057871360
2250700302057472
2249600790429696
2247401767174144
2243003720663040
2234207627640832
2216615441596416
2181431069507584
2111062325329920
1970324836974592
1688849860263936
1125899906842624
0
2251799813685248
6755399441055744
15762598695796736
33776997205278720
69805794224242688
141863388262170624
285978576338026496
574208952489738240
1150669704793161728
4503599627370495
4503599627370494
4503599627370492
4503599627370488
4503599627370480
4503599627370464
4503599627370432
4503599627370368
4503599627370240
4503599627369984
4503599627369472
4503599627368448
4503599627366400
4503599627362304
4503599627354112
4503599627337728
4503599627304960
4503599627239424
4503599627108352
4503599626846208
4503599626321920
4503599625273344
4503599623176192
4503599618981888
4503599610593280
4503599593816064
4503599560261632
4503599493152768
4503599358935040
4503599090499584
4503598553628672
4503597479886848
4503595332403200
4503591037435904
4503582447501312
4503565267632128
4503530907893760
4503462188417024
4503324749463552
4503049871556608
4502500115742720
4501400604114944
4499201580859392
4494803534348288
4486007441326080
4468415255281664
4433230883192832
4362862139015168
4222124650659840
3940649673949184
3377699720527872
2251799813685248
0
4503599627370496
13510798882111488
31525197391593472
67553994410557440
139611588448485376
283726776524341248
571957152676052992
1148417904979476480
9007199254740991
9007199254740990
9007199254740988
9007199254740984
9007199254740976
9007199254740960
9007199254740928
9007199254740864
9007199254740736
9007199254740480
9007199254739968
9007199254738944
9007199254736896
9007199254732800
9007199254724608
9007199254708224
9007199254675456
9007199254609920
9007199254478848
9007199254216704
9007199253692416
9007199252643840
9007199250546688
9007199246352384
9007199237963776
9007199221186560
9007199187632128
9007199120523264
9007198986305536
9007198717870080
9007198180999168
9007197107257344
9007194959773696
9007190664806400
9007182074871808
9007164895002624
9007130535264256
9007061815787520
9006924376834048
9006649498927104
9006099743113216
9005000231485440
9002801208229888
8998403161718784
8989607068696576
8972014882652160
8936830510563328
8866461766385664
8725724278030336
8444249301319680
7881299347898368
6755399441055744
4503599627370496
0
9007199254740992
27021597764222976
63050394783186944
135107988821114880
279223176896970752
567453553048682496
1143914305352105984
18014398509481983
18014398509481982
18014398509481980
18014398509481976
18014398509481968
18014398509481952
18014398509481920
18014398509481856
18014398509481728
18014398509481472
18014398509480960
18014398509479936
18014398509477888
18014398509473792
18014398509465600
18014398509449216
18014398509416448
18014398509350912
18014398509219840
18014398508957696
18014398508433408
18014398507384832
18014398505287680
18014398501093376
18014398492704768
18014398475927552
18014398442373120
18014398375264256
18014398241046528
18014397972611072
18014397435740160
18014396361998336
18014394214514688
18014389919547392
18014381329612800
18014364149743616
18014329790005248
18014261070528512
18014123631575040
18013848753668096
18013298997854208
18012199486226432
18010000462970880
18005602416459776
17996806323437568
17979214137393152
17944029765304320
17873661021126656
17732923532771328
17451448556060672
16888498602639360
15762598695796736
13510798882111488
9007199254740992
0
18014398509481984
54043195528445952
126100789566373888
270215977642229760
558446353793941504
1134907106097364992
36028797018963967
36028797018963966
36028797018963964
36028797018963960
36028797018963952
36028797018963936
36028797018963904
36028797018963840
36028797018963712
36028797018963456
36028797018962944
36028797018961920
36028797018959872
36028797018955776
36028797018947584
36028797018931200
36028797018898432
36028797018832896
36028797018701824
36028797018439680
36028797017915392
36028797016866816
36028797014769664
36028797010575360
36028797002186752
36028796985409536
36028796951855104
36028796884746240
36028796750528512
36028796482093056
36028795945222144
36028794871480320
36028792723996672
36028788429029376
36028779839094784
36028762659225600
36028728299487232
36028659580010496
36028522141057024
36028247263150080
36027697507336192
36026597995708416
36024398972452864
36020000925941760
36011204832919552
35993612646875136
35958428274786304
35888059530608640
35747322042253312
35465847065542656
34902897112121344
33776997205278720
31525197391593472
27021597764222976
18014398509481984
0
36028797018963968
108086391056891904
252201579132747776
540431955284459520
1116892707587883008
72057594037927935
72057594037927934
72057594037927932
72057594037927928
72057594037927920
72057594037927904
72057594037927872
72057594037927808
72057594037927680
72057594037927424
72057594037926912
72057594037925888
72057594037923840
72057594037919744
72057594037911552
72057594037895168
72057594037862400
72057594037796864
72057594037665792
72057594037403648
72057594036879360
72057594035830784
72057594033733632
72057594029539328
72057594021150720
72057594004373504
72057593970819072
72057593903710208
72057593769492480
72057593501057024
72057592964186112
72057591890444288
72057589742960640
72057585447993344
72057576858058752
72057559678189568
72057525318451200
72057456598974464
72057319160020992
72057044282114048
72056494526300160
72055395014672384
72053195991416832
72048797944905728
72040001851883520
72022409665839104
71987225293750272
71916856549572608
71776119061217280
71494644084506624
70931694131085312
69805794224242688
67553994410557440
63050394783186944
54043195528445952
36028797018963968
0
72057594037927936
216172782113783808
504403158265495552
1080863910568919040
144115188075855871
144115188075855870
144115188075855868
144115188075855864
144115188075855856
144115188075855840
144115188075855808
144115188075855744
144115188075855616
144115188075855360
144115188075854848
144115188075853824
144115188075851776
144115188075847680
144115188075839488
144115188075823104
144115188075790336
144115188075724800
144115188075593728
144115188075331584
144115188074807296
144115188073758720
144115188071661568
144115188067467264
144115188059078656
144115188042301440
144115188008747008
144115187941638144
144115187807420416
144115187538984960
144115187002114048
144115185928372224
144115183780888576
144115179485921280
144115170895986688
144115153716117504
144115119356379136
144115050636902400
144114913197948928
144114638320041984
144114088564228096
144112989052600320
144110790029344768
144106391982833664
144097595889811456
144080003703767040
144044819331678208
143974450587500544
143833713099145216
143552238122434560
142989288169013248
141863388262170624
139611588448485376
135107988821114880
126100789566373888
108086391056891904
72057594037927936
0
144115188075855872
432345564227567616
1008806316530991104
288230376151711743
288230376151711742
288230376151711740
288230376151711736
288230376151711728
288230376151711712
288230376151711680
288230376151711616
288230376151711488
288230376151711232
288230376151710720
288230376151709696
288230376151707648
288230376151703552
288230376151695360
288230376151678976
288230376151646208
288230376151580672
288230376151449600
288230376151187456
288230376150663168
288230376149614592
288230376147517440
288230376143323136
288230376134934528
288230376118157312
288230376084602880
288230376017494016
288230375883276288
288230375614840832
288230375077969920
288230374004228096
288230371856744448
288230367561777152
288230358971842560
288230341791973376
288230307432235008
288230238712758272
288230101273804800
288229826395897856
288229276640083968
288228177128456192
288225978105200640
288221580058689536
288212783965667328
288195191779622912
288160007407534080
288089638663356416
287948901175001088
287667426198290432
287104476244869120
285978576338026496
283726776524341248
279223176896970752
270215977642229760
252201579132747776
216172782113783808
144115188075855872
0
288230376151711744
864691128455135232
576460752303423487
576460752303423486
576460752303423484
576460752303423480
576460752303423472
576460752303423456
576460752303423424
576460752303423360
576460752303423232
576460752303422976
576460752303422464
576460752303421440
576460752303419392
576460752303415296
576460752303407104
576460752303390720
576460752303357952
576460752303292416
576460752303161344
576460752302899200
576460752302374912
576460752301326336
576460752299229184
576460752295034880
576460752286646272
576460752269869056
576460752236314624
576460752169205760
576460752034988032
576460751766552576
576460751229681664
576460750155939840
576460748008456192
576460743713488896
576460735123554304
576460717943685120
576460683583946752
576460614864470016
576460477425516544
576460202547609600
576459652791795712
576458553280167936
576456354256912384
576451956210401280
576443160117379072
576425567931334656
576390383559245824
576320014815068160
576179277326712832
575897802350002176
575334852396580864
574208952489738240
571957152676052992
567453553048682496
558446353793941504
540431955284459520
504403158265495552
432345564227567616
288230376151711744
0
576460752303423488
1152921504606846975
1152921504606846974
1152921504606846972
1152921504606846968
1152921504606846960
1152921504606846944
1152921504606846912
1152921504606846848
1152921504606846720
1152921504606846464
1152921504606845952
1152921504606844928
1152921504606842880
1152921504606838784
1152921504606830592
1152921504606814208
1152921504606781440
1152921504606715904
1152921504606584832
1152921504606322688
1152921504605798400
1152921504604749824
1152921504602652672
1152921504598458368
1152921504590069760
1152921504573292544
1152921504539738112
1152921504472629248
1152921504338411520
1152921504069976064
1152921503533105152
1152921502459363328
1152921500311879680
1152921496016912384
1152921487426977792
1152921470247108608
1152921435887370240
1152921367167893504
1152921229728940032
1152920954851033088
1152920405095219200
1152919305583591424
1152917106560335872
1152912708513824768
1152903912420802560
1152886320234758144
1152851135862669312
1152780767118491648
1152640029630136320
1152358554653425664
1151795604700004352
1150669704793161728
1148417904979476480
1143914305352105984
1134907106097364992
1116892707587883008
1080863910568919040
1008806316530991104
864691128455135232
576460752303423488
0
