118 175 1
1 2 288230376151711744
1 3 694638340815405580
3 4 432345564227567616
4 1 694638340815405580
1 5 820139053026026968
5 6 216172782113783808
6 1 820139053026026968
1 7 499046115118231170
7 8 108086391056891904
8 1 499046115118231170
1 9 276697635505463386
9 10 54043195528445952
10 1 276697635505463386
1 11 729678164469992091
11 12 27021597764222976
12 1 729678164469992091
1 13 598694629531032609
13 14 13510798882111488
14 1 598694629531032609
1 15 267437849111932486
15 16 6755399441055744
16 1 267437849111932486
1 17 470112591422602408
17 18 3377699720527872
18 1 470112591422602408
1 19 407362557408455820
19 20 1688849860263936
20 1 407362557408455820
1 21 299624303871926320
21 22 844424930131968
22 1 299624303871926320
1 23 568033169990313999
23 24 422212465065984
24 1 568033169990313999
1 25 46485835202778782
25 26 211106232532992
26 1 46485835202778782
1 27 727907962382540987
27 28 105553116266496
28 1 727907962382540987
1 29 252284348200012780
29 30 52776558133248
30 1 252284348200012780
1 31 640691172979958166
31 32 26388279066624
32 1 640691172979958166
1 33 235626839135880295
33 34 13194139533312
34 1 235626839135880295
1 35 65871445210695513
35 36 6597069766656
36 1 65871445210695513
1 37 667631266488041272
37 38 3298534883328
38 1 667631266488041272
1 39 53243861745062058
39 40 1649267441664
40 1 53243861745062058
1 41 894686938032219352
41 42 824633720832
42 1 894686938032219352
1 43 394737524906042224
43 44 412316860416
44 1 394737524906042224
1 45 272711977033651022
45 46 206158430208
46 1 272711977033651022
1 47 79933306902580740
47 48 103079215104
48 1 79933306902580740
1 49 786064701965192740
49 50 51539607552
50 1 786064701965192740
1 51 944150609048881643
51 52 25769803776
52 1 944150609048881643
1 53 152607883110540080
53 54 12884901888
54 1 152607883110540080
1 55 733102484860899112
55 56 6442450944
56 1 733102484860899112
1 57 447725883735231515
57 58 3221225472
58 1 447725883735231515
1 59 541718005841964988
59 60 1610612736
60 1 541718005841964988
1 61 695681337409620468
61 62 805306368
62 1 695681337409620468
1 63 650165626773179409
63 64 402653184
64 1 650165626773179409
1 65 355841834576652367
65 66 201326592
66 1 355841834576652367
1 67 769954488090034872
67 68 100663296
68 1 769954488090034872
1 69 118217467250271667
69 70 50331648
70 1 118217467250271667
1 71 927895244565906653
71 72 25165824
72 1 927895244565906653
1 73 134275007454805285
73 74 12582912
74 1 134275007454805285
1 75 183665396635297092
75 76 6291456
76 1 183665396635297092
1 77 90528554627674888
77 78 3145728
78 1 90528554627674888
1 79 191105397909107634
79 80 1572864
80 1 191105397909107634
1 81 79300133427256474
81 82 786432
82 1 79300133427256474
1 83 461991101614318274
83 84 393216
84 1 461991101614318274
1 85 495461523066090851
85 86 196608
86 1 495461523066090851
1 87 277160838494586876
87 88 98304
88 1 277160838494586876
1 89 185689720531022841
89 90 49152
90 1 185689720531022841
1 91 917083138255361895
91 92 24576
92 1 917083138255361895
1 93 14019641160251392
93 94 12288
94 1 14019641160251392
1 95 860587394456877509
95 96 6144
96 1 860587394456877509
1 97 379371707805936834
97 98 3072
98 1 379371707805936834
1 99 16457117140443775
99 100 1536
100 1 16457117140443775
1 101 373196869518246595
101 102 768
102 1 373196869518246595
1 103 664412953432554205
103 104 384
104 1 664412953432554205
1 105 873224628590565120
105 106 192
106 1 873224628590565120
1 107 14431213090011385
107 108 96
108 1 14431213090011385
1 109 620679514681411570
109 110 48
110 1 620679514681411570
1 111 789301424945029749
111 112 24
112 1 789301424945029749
1 113 136259127684690817
113 114 12
114 1 136259127684690817
1 115 892645512616533736
115 116 6
116 1 892645512616533736
1 117 384811653514923560
117 118 3
118 1 384811653514923560
1 2
