42 61 1
1 2 1048576
1 3 112975661028499096
3 4 1572864
4 1 112975661028499096
1 5 500585112346315942
5 6 786432
6 1 500585112346315942
1 7 857125438957885079
7 8 393216
8 1 857125438957885079
1 9 893089428615776288
9 10 196608
10 1 893089428615776288
1 11 119583402315685043
11 12 98304
12 1 119583402315685043
1 13 662209549674690162
13 14 49152
14 1 662209549674690162
1 15 648216314428154621
15 16 24576
16 1 648216314428154621
1 17 646108081332729087
17 18 12288
18 1 646108081332729087
1 19 658929312503063934
19 20 6144
20 1 658929312503063934
1 21 654543777592142452
21 22 3072
22 1 654543777592142452
1 23 817717394307013413
23 24 1536
24 1 817717394307013413
1 25 213935409905786429
25 26 768
26 1 213935409905786429
1 27 81121398143067249
27 28 384
28 1 81121398143067249
1 29 17208166516194465
29 30 192
30 1 17208166516194465
1 31 554659725199374351
31 32 96
32 1 554659725199374351
1 33 740449630981080551
33 34 48
34 1 740449630981080551
1 35 927898231943954901
35 36 24
36 1 927898231943954901
1 37 127182057594250736
37 38 12
38 1 127182057594250736
1 39 405116174122379985
39 40 6
40 1 405116174122379985
1 41 544492576083131516
41 42 3
42 1 544492576083131516
1 2
