82 121 1
1 2 1099511627776
1 3 639989175320256304
3 4 1649267441664
4 1 639989175320256304
1 5 276460697324009764
5 6 824633720832
6 1 276460697324009764
1 7 182431325180738185
7 8 412316860416
8 1 182431325180738185
1 9 552127006504542916
9 10 206158430208
10 1 552127006504542916
1 11 254448345942389349
11 12 103079215104
12 1 254448345942389349
1 13 762134863573624550
13 14 51539607552
14 1 762134863573624550
1 15 374977364498084203
15 16 25769803776
16 1 374977364498084203
1 17 995185451737883109
17 18 12884901888
18 1 995185451737883109
1 19 40844204572847095
19 20 6442450944
20 1 40844204572847095
1 21 51007477950368941
21 22 3221225472
22 1 51007477950368941
1 23 676275491825275702
23 24 1610612736
24 1 676275491825275702
1 25 577656625499734703
25 26 805306368
26 1 577656625499734703
1 27 791731077373042698
27 28 402653184
28 1 791731077373042698
1 29 73780859425090737
29 30 201326592
30 1 73780859425090737
1 31 109285473134112266
31 32 100663296
32 1 109285473134112266
1 33 887017179075262473
33 34 50331648
34 1 887017179075262473
1 35 305471890375553807
35 36 25165824
36 1 305471890375553807
1 37 94538556840984386
37 38 12582912
38 1 94538556840984386
1 39 888534615221152706
39 40 6291456
40 1 888534615221152706
1 41 758766124106019814
41 42 3145728
42 1 758766124106019814
1 43 644463292812455383
43 44 1572864
44 1 644463292812455383
1 45 112547294661938931
45 46 786432
46 1 112547294661938931
1 47 535053012511001161
47 48 393216
48 1 535053012511001161
1 49 296338204296882768
49 50 196608
50 1 296338204296882768
1 51 210877702391350042
51 52 98304
52 1 210877702391350042
1 53 468463469018148783
53 54 49152
54 1 468463469018148783
1 55 696066200257930169
55 56 24576
56 1 696066200257930169
1 57 705513789582501657
57 58 12288
58 1 705513789582501657
1 59 560775981639566179
59 60 6144
60 1 560775981639566179
1 61 592954695754017565
61 62 3072
62 1 592954695754017565
1 63 188424326832075800
63 64 1536
64 1 188424326832075800
1 65 928433103654616187
65 66 768
66 1 928433103654616187
1 67 905315407160763548
67 68 384
68 1 905315407160763548
1 69 447614914598990854
69 70 192
70 1 447614914598990854
1 71 597141495032733241
71 72 96
72 1 597141495032733241
1 73 320553232933320149
73 74 48
74 1 320553232933320149
1 75 986120140606770717
75 76 24
76 1 986120140606770717
1 77 673805427505827425
77 78 12
78 1 673805427505827425
1 79 30325202254281812
79 80 6
80 1 30325202254281812
1 81 363178318242356400
81 82 3
82 1 363178318242356400
1 2
