1000 999 100 100
7 507 7 310 279 339 844 699 492 266 247 487 1 885 26 876 836 638 679 891 638 400 98 183 455 283 444 103 37 198 221 762 762 399 705 316 596 314 990 940 126 479 620 840 201 398 155 173 290 520 720 681 229 290 526 511 788 852 690 41 157 740 898 865 867 463 136 270 10 1000 418 944 613 404 41 678 51 817 768 541 382 790 802 232 26 844 728 73 886 563 884 376 952 609 286 447 660 959 314 811
133 395 735
808 517 170
769 544 594
959 310 60
189 899 748
680 190 338
204 738 494
486 345 809
769 980 97
62 59 475
527 393 872
36 666 673
488 111 820
891 597 197
564 470 468
704 614 144
280 166 180
309 266 678
809 104 685
558 169 499
122 999 183
209 513 780
826 292 17
845 584 154
764 849 998
163 738 481
576 639 766
790 78 417
633 245 575
542 884 843
604 428 588
5 737 788
333 264 195
240 140 812
328 543 976
292 55 898
720 52 52
252 781 772
40 428 324
575 813 204
816 749 959
677 474 684
435 894 222
962 85 84
729 381 742
43 465 110
315 996 591
307 551 186
444 364 667
648 398 645
84 168 461
296 392 365
948 132 261
710 659 257
680 471 947
954 325 500
795 283 133
930 233 341
367 297 839
216 447 103
125 61 94
97 391 746
126 639 702
419 181 857
66 26 211
734 955 623
877 571 315
867 59 786
860 970 401
298 882 150
338 354 163
21 982 356
28 473 591
442 724 180
478 314 156
178 391 69
296 513 770
570 500 953
529 305 424
203 266 70
628 659 520
682 370 957
660 105 231
179 322 226
85 616 920
184 976 341
870 706 320
672 333 708
513 499 709
450 192 811
880 256 814
353 165 53
783 75 452
450 341 628
168 189 665
543 401 439
6 780 277
918 81 398
555 275 931
902 713 73
856 584 234
674 128 780
171 161 890
191 668 273
170 532 6
609 993 72
961 658 369
106 761 633
635 170 160
911 978 904
678 660 999
222 961 330
919 966 477
562 68 657
973 676 191
632 829 196
103 495 299
96 224 84
616 103 724
699 661 112
74 183 424
145 313 379
482 922 994
837 98 533
529 18 157
642 503 125
608 304 562
499 974 836
942 114 870
674 685 224
143 2 141
943 61 988
875 124 623
396 722 260
189 850 528
408 662 939
315 337 681
927 764 308
244 808 235
912 333 593
792 201 785
777 716 713
677 847 119
507 288 331
212 791 131
888 113 582
646 747 216
238 530 966
230 334 689
915 958 180
938 956 710
183 384 140
52 788 514
584 797 556
267 460 301
73 247 226
716 347 154
927 994 586
194 873 28
137 65 276
196 80 671
220 692 932
2 57 701
104 385 49
481 251 636
548 472 797
672 493 767
487 770 70
928 855 938
197 72 876
284 421 907
425 117 522
527 48 95
120 620 171
599 731 748
346 97 921
905 673 904
52 912 156
522 96 742
365 507 209
702 705 773
429 277 962
745 999 439
199 696 843
418 578 828
671 383 318
265 273 66
126 248 159
476 776 12
405 303 149
207 962 876
219 564 550
929 705 974
138 683 416
231 36 276
169 617 797
598 698 92
638 39 671
669 705 266
520 871 372
270 591 949
519 714 795
483 284 950
494 726 45
757 184 178
622 504 14
708 164 787
330 129 479
653 776 610
779 332 357
694 819 778
717 570 21
698 854 578
840 617 683
650 192 480
837 394 232
426 867 178
719 561 744
697 235 767
857 162 894
336 43 228
1 423 66
517 890 1000
946 51 407
281 269 147
84 450 516
31 995 437
945 74 284
293 876 957
234 634 8
114 5 858
261 402 45
763 694 877
678 619 151
466 390 18
407 598 981
583 908 306
818 120 404
327 703 519
97 172 833
70 88 653
523 55 954
584 984 644
345 865 156
479 546 482
522 557 594
592 235 448
988 146 383
906 497 789
460 739 443
960 463 824
548 580 313
149 328 973
747 542 651
338 13 198
727 200 214
408 738 982
166 501 2
503 375 746
377 494 50
277 344 625
598 989 76
115 985 337
19 294 946
565 211 921
674 885 368
281 621 386
258 531 19
762 27 2
304 935 209
591 272 613
964 533 794
904 680 965
216 289 244
814 853 640
513 695 8
973 285 233
805 629 433
535 5 676
959 1 411
399 868 613
49 147 448
175 663 842
332 456 311
805 487 933
581 72 107
952 31 440
739 589 245
123 360 354
76 293 578
468 579 268
530 114 204
441 560 663
660 773 762
570 815 962
255 455 786
478 997 248
140 256 932
457 916 553
64 232 392
202 214 750
403 477 469
650 921 144
451 142 47
758 135 626
365 724 753
326 92 451
282 751 917
33 703 957
820 337 716
420 769 57
19 373 424
606 429 922
438 982 18
817 546 811
25 873 491
935 859 77
31 747 275
705 861 465
228 546 28
872 746 123
670 684 552
393 8 882
145 631 296
212 92 770
489 406 786
88 38 962
41 343 263
665 174 428
343 325 876
341 411 322
556 590 588
127 642 16
302 50 874
981 835 548
647 259 267
689 990 905
464 554 760
913 661 972
673 238 318
679 511 179
166 640 295
806 468 913
611 777 598
851 72 790
512 178 34
24 165 560
683 160 436
586 320 651
626 496 741
847 486 907
65 915 46
396 64 155
700 591 298
350 878 929
636 896 969
106 807 986
902 813 478
26 249 277
102 16 100
403 106 62
342 97 220
870 426 863
90 872 92
106 308 799
675 157 670
7 328 159
76 788 337
14 455 932
615 524 729
349 823 162
74 827 142
967 445 702
318 134 64
782 647 928
561 920 692
331 348 695
441 601 230
618 78 204
309 801 196
445 217 884
982 148 273
869 834 452
870 164 907
571 136 764
665 987 265
486 934 115
94 604 844
310 561 616
968 130 220
623 618 87
971 778 498
941 336 747
569 728 37
180 129 679
72 211 964
469 154 962
369 446 930
568 17 42
711 745 630
771 590 680
101 916 476
983 921 475
585 735 484
205 49 220
91 278 185
135 214 921
535 753 778
595 572 245
665 522 508
218 140 681
129 208 173
87 80 610
726 32 31
95 75 669
153 480 472
691 906 579
990 871 109
72 58 602
601 755 365
592 353 235
616 506 639
86 762 910
794 491 471
707 210 277
147 931 571
519 727 366
312 968 756
145 971 296
681 741 467
822 598 143
384 610 291
46 139 847
462 731 58
263 157 191
44 412 495
895 74 393
944 345 371
476 603 118
898 177 585
924 890 656
109 239 3
348 657 910
982 363 117
105 893 941
957 485 22
216 436 888
352 482 561
309 29 686
735 830 42
304 321 903
509 428 858
314 778 76
64 110 815
484 537 482
563 501 957
924 972 191
379 700 760
378 188 306
940 842 919
461 885 979
344 115 128
188 266 936
365 753 618
623 863 678
614 767 999
389 299 336
491 217 523
452 255 367
51 276 95
524 130 659
777 235 338
99 894 91
835 560 727
221 317 574
685 9 824
186 72 138
352 229 532
301 170 193
93 644 775
745 710 545
263 508 215
601 28 685
657 146 394
919 717 510
536 464 816
657 152 15
752 636 591
461 897 856
67 555 741
294 326 257
321 151 212
119 857 309
291 192 196
910 161 991
110 26 36
431 508 323
194 344 426
737 573 631
111 844 533
366 804 798
734 55 819
82 252 882
774 460 397
377 691 718
881 351 765
41 977 830
896 748 918
463 364 357
480 964 578
548 93 817
725 128 315
733 245 464
386 231 958
502 905 990
952 193 246
888 334 6
347 568 138
215 774 87
134 124 297
889 886 538
490 741 563
757 459 268
510 593 1
42 475 299
787 47 256
993 12 203
689 498 697
900 815 761
448 543 527
533 615 29
996 140 22
254 355 284
786 13 236
430 883 984
440 852 121
371 605 750
569 414 967
547 751 256
227 161 680
208 928 5
190 612 205
380 62 280
802 809 352
935 496 364
151 534 826
317 112 338
643 359 699
9 525 646
200 959 229
424 759 318
731 679 595
543 253 247
308 409 121
407 723 642
863 128 935
134 358 810
145 319 346
359 423 595
196 286 541
287 47 200
689 933 723
155 323 546
416 587 252
622 967 611
422 458 77
882 481 252
2 919 282
515 316 221
284 879 1000
768 230 913
516 800 334
223 518 951
584 218 698
522 427 452
759 620 765
727 419 970
505 750 631
156 753 491
593 179 997
257 887 549
437 626 518
27 914 658
117 398 594
918 187 800
784 789 446
629 74 743
165 107 517
216 787 17
840 467 946
638 949 708
203 175 286
828 491 68
936 602 552
387 385 317
38 118 988
624 434 545
729 990 292
7 939 920
832 800 359
154 945 615
607 290 31
248 468 624
565 588 728
861 446 492
226 10 843
337 136 593
410 306 204
102 349 357
159 386 737
428 304 287
250 327 679
831 197 729
438 918 912
133 531 796
777 970 120
681 368 308
610 898 940
423 476 985
886 89 587
1000 151 587
438 582 162
624 207 30
903 734 406
43 846 501
150 693 579
573 457 117
374 943 96
399 768 660
142 243 979
518 754 25
485 225 376
523 324 52
294 261 586
555 17 992
388 605 912
847 561 522
69 572 989
384 533 648
70 858 147
241 292 637
594 744 595
862 528 328
630 76 635
5 655 765
600 66 365
291 800 66
129 946 434
735 701 708
769 785 861
873 714 128
399 454 678
360 929 372
783 265 630
521 601 703
121 723 406
130 230 410
836 282 809
299 627 79
351 158 468
799 387 780
319 641 42
725 400 386
713 793 621
882 162 670
324 704 848
260 409 489
220 244 932
747 352 707
848 376 623
541 575 242
454 214 227
667 315 177
672 869 221
914 893 532
81 437 849
713 898 574
987 824 762
236 101 884
148 268 951
982 712 159
536 785 306
923 497 609
413 42 724
891 357 364
449 684 309
668 844 201
470 245 42
522 44 397
253 577 354
775 207 917
936 178 249
733 538 147
552 104 735
840 793 875
53 649 533
925 923 405
320 687 91
811 432 765
512 465 297
234 654 360
8 602 762
147 469 103
329 393 146
493 607 383
62 721 638
59 213 293
538 627 958
951 939 356
783 446 364
79 59 202
372 598 726
72 810 454
290 613 794
882 870 990
900 105 668
229 489 386
823 827 160
106 95 173
269 109 848
116 850 103
743 484 533
750 279 299
596 538 325
799 492 192
752 844 445
935 646 243
277 173 354
230 30 634
674 506 906
550 783 554
694 626 657
194 806 173
267 88 898
474 456 509
634 962 342
652 424 226
123 336 613
941 357 120
383 168 752
99 271 179
237 998 346
494 546 315
892 782 649
37 814 102
200 70 584
299 453 836
712 843 943
315 248 333
772 168 535
730 241 108
789 279 682
522 408 272
179 483 189
95 645 296
396 463 18
536 986 12
382 403 267
796 522 628
155 866 999
436 859 394
269 831 24
957 528 578
825 926 342
627 526 928
384 651 546
654 3 199
195 967 749
63 461 449
989 542 872
637 931 466
721 321 369
862 300 491
275 63 980
545 75 204
182 740 984
139 119 268
35 558 240
484 279 546
751 615 192
54 732 617
742 675 136
77 899 40
390 179 890
248 362 316
733 20 311
23 617 149
416 184 793
574 192 378
826 886 696
69 374 402
794 39 539
259 226 826
492 795 308
301 723 620
392 297 760
551 57 846
785 291 858
988 311 122
379 548 413
462 147 746
947 919 899
780 536 637
937 912 693
77 915 450
444 999 418
42 689 295
556 536 116
105 135 161
968 158 733
339 871 176
624 749 500
827 909 238
302 5 106
760 435 592
567 530 813
868 894 609
590 754 836
676 482 295
950 17 81
442 15 656
991 959 802
864 738 473
939 953 660
518 34 49
319 187 886
397 953 321
490 930 172
639 439 798
530 56 576
109 559 232
280 198 338
551 212 554
500 887 565
904 664 207
796 797 172
100 577 540
510 747 90
540 175 463
76 745 640
362 45 497
609 696 57
506 531 269
863 917 460
368 776 943
583 417 962
191 811 653
61 732 574
992 76 274
736 758 3
298 539 475
37 308 71
104 969 364
548 358 930
529 903 721
126 370 956
752 117 186
60 814 537
303 25 426
176 1000 556
231 630 563
274 373 646
553 938 438
922 22 723
649 628 570
255 663 615
852 351 613
769 549 132
314 749 343
781 387 154
370 715 290
839 640 880
965 979 38
719 335 452
603 911 767
81 683 952
490 998 147
883 11 973
234 131 820
927 365 606
185 222 41
716 7 62
12 168 444
371 684 460
327 926 680
293 367 354
661 40 511
581 988 122
391 186 707
538 68 47
533 366 385
141 770 357
256 39 599
115 908 119
688 757 618
319 841 367
417 514 472
516 757 91
686 737 524
962 904 27
868 566 308
658 277 276
167 362 867
719 963 949
866 45 969
693 76 862
306 133 736
625 744 794
338 569 429
605 948 878
345 4 866
512 625 8
595 917 757
823 765 767
404 976 373
206 144 250
180 443 942
340 534 539
637 718 146
277 91 581
433 692 565
792 518 505
855 688 171
218 954 692
990 833 374
759 93 54
299 60 329
415 95 837
89 707 760
803 262 424
396 803 746
49 690 954
121 93 932
238 812 543
381 769 510
907 989 874
874 531 871
242 792 943
43 356 762
129 108 910
450 246 933
821 238 163
112 614 410
373 83 143
295 834 852
872 463 105
350 822 103
247 405 448
297 292 595
429 376 709
812 431 910
414 546 267
578 242 863
637 64 874
782 222 722
586 440 407
805 910 278
182 424 450
789 705 174
40 920 709
422 791 16
318 979 895
455 887 685
563 706 710
933 576 709
656 352 468
756 520 192
178 432 917
449 378 693
839 414 847
932 686 713
272 830 852
888 838 729
545 71 243
916 640 108
938 243 208
709 626 730
375 285 175
425 741 620
196 667 550
908 144 985
23 809 168
220 880 923
811 254 986
690 829 961
300 223 645
901 418 139
958 825 647
361 354 33
755 618 509
11 749 131
842 126 871
142 420 116
798 799 114
213 766 354
449 20 30
394 195 284
942 515 242
975 998 976
