1000 999 100 100
256 230 58 526 754 353 707 620 250 625 967 679 742 465 41 849 333 194 651 65 495 629 111 13 54 941 890 453 749 249 758 469 759 924 760 579 188 906 669 428 658 392 515 337 565 162 631 383 127 25 595 39 275 741 877 498 109 507 621 76 24 225 873 415 508 184 902 607 768 707 699 172 418 762 65 717 868 687 880 118 800 381 314 884 707 790 291 748 173 35 33 10 823 818 629 378 947 402 38 444
654 600 63
544 295 17
537 382 83
389 630 30
714 321 27
25 551 13
966 272 47
649 95 68
903 242 81
847 497 90
670 503 11
412 677 54
396 24 91
820 775 13
255 409 65
15 445 25
764 874 61
888 646 32
45 989 76
375 317 56
457 302 3
495 185 81
813 983 87
693 657 42
649 689 27
254 98 46
997 404 80
13 604 80
917 226 22
51 876 27
841 973 95
204 891 23
85 148 71
152 194 10
933 527 80
949 714 89
155 458 79
228 552 58
382 523 25
734 28 44
233 390 58
39 524 14
10 248 59
752 497 35
322 151 25
717 465 94
564 692 55
661 630 48
830 521 61
768 98 82
730 186 52
32 170 80
187 541 15
488 282 33
329 271 81
281 237 100
822 655 8
330 665 2
704 755 36
180 892 63
707 131 100
761 628 88
950 163 73
72 878 61
613 747 100
384 696 33
911 551 67
988 643 25
270 659 12
74 953 42
22 408 8
879 667 20
527 199 25
962 806 76
757 161 1
780 361 31
805 210 10
569 789 77
538 517 46
341 261 78
641 60 51
213 345 81
919 427 52
488 951 60
868 94 55
147 465 29
470 127 72
876 120 97
141 175 79
309 342 63
656 509 92
547 87 23
881 350 34
826 193 27
808 88 21
866 149 81
449 42 46
569 490 86
331 917 19
625 289 51
741 128 23
916 220 82
662 1 5
109 65 96
993 93 13
484 441 62
547 30 93
475 137 49
339 444 16
472 836 22
126 894 69
112 211 72
278 692 22
683 274 95
840 510 81
77 695 77
144 965 90
446 182 40
231 92 5
439 610 84
897 390 6
493 988 71
798 727 19
404 238 29
609 962 21
393 96 52
430 310 55
609 469 96
393 300 81
468 596 19
93 779 63
730 131 24
660 789 21
542 405 58
982 537 12
907 999 95
783 146 39
468 716 32
375 591 18
903 560 75
148 5 54
824 169 99
622 648 56
886 209 59
298 1 55
47 992 1
789 372 48
800 45 48
710 238 33
427 473 84
423 861 55
961 731 18
788 604 70
311 956 53
888 861 53
167 785 70
852 788 50
797 984 37
207 511 51
456 274 83
873 549 29
354 899 99
123 914 97
974 558 51
319 863 78
464 23 65
281 493 69
900 316 58
997 364 44
440 409 92
840 603 75
851 264 100
574 428 72
884 119 80
801 524 50
69 170 48
644 785 31
309 380 25
582 730 13
113 231 53
101 381 59
936 348 27
776 545 81
185 37 46
245 283 78
505 317 56
589 893 53
931 678 40
14 870 53
659 281 40
730 292 64
413 524 25
290 979 65
798 160 84
80 718 24
676 902 1
743 233 75
462 728 73
361 602 72
197 459 87
941 745 55
580 814 67
166 266 1
474 342 38
894 576 55
78 725 65
314 796 79
304 383 4
843 694 2
106 59 21
105 531 49
784 194 37
604 466 69
426 687 81
819 781 57
662 302 53
416 125 59
463 59 54
913 546 91
167 142 100
776 57 72
198 543 86
913 993 18
787 520 52
432 30 61
367 565 88
820 770 66
565 362 85
421 44 30
28 668 89
227 54 31
140 287 90
975 898 96
534 133 3
54 405 100
204 454 7
636 956 43
223 804 40
548 38 10
442 915 16
225 378 47
814 511 31
598 699 16
841 586 66
5 635 66
222 39 93
703 562 61
571 382 26
816 58 52
898 386 15
82 529 32
877 405 2
669 14 39
351 62 30
799 46 39
600 816 2
583 342 100
817 572 75
483 500 13
841 48 53
623 122 26
682 114 73
762 18 39
683 620 63
741 178 9
407 593 49
722 651 92
514 381 3
627 514 23
65 524 41
278 12 92
987 294 27
57 742 40
986 235 56
643 875 33
296 896 1
603 89 14
135 3 13
303 685 29
576 227 36
333 683 46
645 365 10
928 385 43
515 715 80
264 353 30
287 704 52
534 830 86
591 240 83
614 321 100
301 355 4
949 482 55
647 281 83
345 977 44
345 284 16
61 369 85
723 884 38
980 926 17
835 675 69
150 307 91
166 507 4
828 260 7
674 904 82
374 748 99
970 223 52
925 407 64
705 836 2
45 880 94
12 140 97
400 326 45
404 504 35
189 664 98
548 419 68
514 987 74
46 21 90
530 396 30
782 716 51
59 666 24
147 638 58
252 981 90
665 16 6
543 580 89
365 25 66
907 525 57
327 544 26
117 484 90
533 441 58
557 216 88
527 467 27
552 498 21
259 746 91
42 648 43
827 271 76
132 864 61
709 504 30
117 80 98
230 434 79
995 378 58
688 26 47
410 481 86
286 105 8
653 21 14
889 695 56
540 188 68
180 485 29
767 299 100
761 477 19
100 34 3
425 760 30
526 892 63
158 475 28
937 132 43
106 121 62
379 7 31
629 21 26
625 845 55
945 635 90
482 883 50
508 473 68
925 912 85
733 173 65
928 384 22
700 896 38
208 346 91
719 871 78
602 567 97
114 143 87
539 523 36
191 745 54
642 163 26
414 690 95
331 899 53
162 705 28
831 865 50
225 918 88
890 187 30
855 972 37
86 90 54
19 635 31
706 470 64
906 676 61
806 786 15
63 584 70
955 769 29
663 316 69
302 263 36
225 7 28
491 100 97
360 306 61
650 494 25
903 712 47
55 121 26
314 170 41
698 573 43
196 204 48
45 576 7
787 416 66
412 984 28
667 782 87
239 897 5
461 806 80
693 347 32
889 257 41
644 22 30
708 57 84
183 761 1
492 162 35
275 301 84
11 345 12
113 489 90
549 655 80
687 982 16
64 650 97
971 384 93
195 191 41
125 332 29
592 57 5
886 122 65
202 961 56
246 406 59
343 856 67
154 72 62
686 916 32
935 746 86
543 934 1
534 369 78
887 56 100
2 618 25
744 704 11
345 975 78
953 59 25
427 570 35
237 439 93
164 915 2
95 188 34
725 626 48
199 811 79
973 882 14
632 197 13
551 760 64
390 320 35
209 588 63
153 424 73
315 880 78
358 482 82
86 698 45
670 631 86
893 804 2
585 236 67
751 961 95
752 84 95
969 282 68
558 112 68
681 285 91
954 339 74
720 473 95
297 267 26
432 461 5
834 704 18
125 123 18
916 104 18
817 637 27
882 107 28
261 229 97
882 184 67
910 110 99
728 936 33
411 168 97
417 889 16
143 502 20
554 359 78
822 746 48
618 388 73
241 23 67
617 318 77
867 308 84
781 947 18
36 662 80
89 337 26
155 226 10
237 963 91
62 184 95
988 703 14
415 594 52
532 558 60
214 367 69
996 135 6
991 910 17
212 98 24
293 789 9
874 821 1
616 712 48
967 809 74
921 744 62
577 746 35
807 714 15
501 623 64
590 750 11
487 207 89
206 718 89
842 974 55
763 182 79
968 747 2
765 323 22
615 490 60
260 421 26
259 857 70
216 975 74
889 395 15
102 28 21
362 650 50
399 195 53
612 730 56
642 735 6
587 716 85
880 1000 56
105 710 59
491 187 34
889 509 28
615 459 38
982 771 92
689 723 9
927 371 2
17 267 49
221 643 75
901 984 37
734 7 4
676 907 80
525 134 6
208 684 16
335 376 12
376 456 48
406 418 32
896 665 72
670 629 5
983 961 43
2 786 2
173 761 13
985 795 54
564 607 50
520 619 57
835 261 95
977 278 70
306 652 33
79 750 18
300 338 12
437 644 99
796 219 54
585 543 63
229 400 51
823 234 35
431 774 29
559 532 86
588 637 7
415 111 5
242 978 13
157 234 13
460 855 77
415 927 8
116 391 93
441 943 49
432 846 33
282 401 67
978 854 96
626 135 63
37 207 83
609 870 78
149 63 5
452 321 46
778 885 91
26 48 69
745 831 88
40 328 97
811 437 68
113 690 43
70 938 92
83 206 87
256 438 16
787 528 69
836 177 35
781 601 88
295 965 51
351 723 62
858 217 76
993 374 7
421 153 42
617 722 65
999 555 86
575 518 76
715 699 21
418 867 64
832 288 68
848 592 77
721 651 13
346 872 97
568 285 45
474 373 56
496 38 39
850 443 37
107 568 19
521 58 56
538 772 37
147 373 13
772 128 63
820 398 79
650 448 35
290 172 89
40 139 85
390 944 39
725 258 58
391 593 36
146 790 72
915 484 41
53 296 1
576 508 100
363 136 51
790 616 72
644 228 42
924 809 26
844 585 100
847 435 66
914 859 82
484 368 17
245 382 32
524 794 75
163 180 45
252 432 80
869 367 79
555 850 74
237 815 73
324 938 7
167 545 42
631 399 66
201 392 22
835 957 13
529 729 76
723 825 77
331 10 85
803 96 5
829 559 65
674 847 57
954 389 12
346 815 88
513 468 76
499 591 71
986 279 49
145 853 14
8 200 14
144 382 12
868 351 62
423 32 72
239 693 49
512 143 12
88 346 90
581 31 5
374 433 100
471 900 50
177 334 54
503 392 40
46 8 24
306 697 96
554 402 5
98 836 37
629 394 37
407 442 22
598 897 74
194 976 1
338 952 56
16 788 84
59 483 84
678 319 36
995 634 97
19 18 81
602 566 55
282 479 71
914 438 2
952 816 70
579 343 41
784 908 63
178 216 28
274 358 52
407 50 95
553 255 15
895 76 46
829 420 62
402 56 73
317 922 6
444 711 33
917 60 86
333 129 41
897 243 2
80 967 14
572 575 90
597 444 7
859 38 53
322 190 27
486 655 59
855 990 13
370 634 40
53 486 56
73 574 49
388 633 66
932 217 10
661 679 72
507 446 95
171 967 82
713 601 26
445 85 66
120 196 22
775 839 69
429 406 82
397 58 36
505 352 42
360 749 32
917 871 26
85 387 19
756 803 45
145 457 61
979 740 62
210 176 67
776 108 43
957 579 3
752 401 73
697 517 90
953 606 51
289 26 100
522 17 64
303 607 80
63 311 89
92 777 52
224 920 83
577 608 78
622 249 73
781 103 83
698 302 97
149 554 34
979 33 7
812 468 25
414 261 7
791 275 51
356 195 93
912 431 68
276 504 96
752 427 75
67 203 32
481 348 69
588 271 100
280 701 32
483 511 16
621 856 8
188 836 9
245 646 18
923 658 100
164 706 96
980 808 4
352 66 81
656 754 52
220 623 7
820 536 74
217 988 30
794 68 7
872 605 41
433 189 94
739 224 45
207 376 79
553 374 29
253 100 11
979 874 23
797 22 20
807 843 84
173 672 11
850 23 16
862 444 14
91 6 35
312 824 18
739 640 27
181 540 71
849 420 74
310 492 26
307 273 41
858 451 26
133 750 31
135 889 17
406 948 31
159 791 98
99 524 63
810 260 62
818 596 43
355 938 78
572 550 39
455 590 23
793 548 47
974 19 49
624 727 30
174 816 56
475 629 61
164 728 64
837 717 35
10 23 73
4 425 34
958 510 75
519 542 82
758 349 82
579 34 7
880 138 66
269 986 84
267 344 40
910 508 13
29 91 9
961 97 49
9 766 84
294 668 68
502 124 81
267 624 17
594 169 17
247 434 37
538 480 72
786 819 98
468 695 52
556 921 2
141 96 12
531 909 81
611 554 34
376 864 27
449 482 54
860 156 50
738 994 95
563 863 79
793 998 4
991 165 47
751 81 45
626 476 80
582 788 32
447 789 69
769 428 68
250 904 39
823 420 56
396 411 64
49 830 65
960 52 100
305 671 57
648 636 89
349 961 95
823 968 29
729 923 5
380 262 12
724 736 27
218 760 14
64 436 96
484 881 81
824 818 17
971 678 33
739 52 42
773 411 64
838 127 68
247 300 27
611 778 5
789 963 4
225 118 19
365 215 49
31 630 94
995 898 35
291 840 92
265 894 98
173 344 87
671 139 37
275 193 67
577 284 18
389 342 88
599 227 40
973 496 90
232 172 16
205 752 65
776 842 49
764 98 5
453 780 50
542 325 68
180 124 86
929 905 4
839 966 76
894 992 59
706 411 63
27 822 68
785 403 30
16 893 44
139 58 78
671 302 40
165 560 76
224 399 61
858 805 60
487 539 72
44 313 35
506 54 63
35 731 57
765 367 55
204 584 34
330 184 50
283 450 95
631 268 70
939 89 68
366 991 1
531 639 33
855 897 63
958 989 14
180 829 97
110 696 90
217 273 63
946 239 69
71 821 46
259 75 81
826 772 21
58 76 79
775 115 88
985 31 85
754 940 42
964 374 61
471 186 12
251 793 48
594 994 95
422 634 59
805 802 99
181 930 82
694 593 87
265 574 17
832 744 47
880 522 52
898 20 11
192 759 28
446 833 87
139 340 73
398 661 42
601 701 16
764 377 55
851 253 99
161 928 60
680 942 13
930 29 75
67 798 72
219 767 53
357 229 61
861 962 1
561 182 65
269 460 82
354 43 82
189 726 59
221 753 96
621 896 56
792 855 43
25 194 93
523 535 93
600 555 48
760 749 12
340 959 63
983 749 94
988 179 7
736 581 12
977 277 79
782 653 99
595 676 73
708 215 41
578 12 20
280 860 33
478 879 33
942 192 73
928 817 68
88 878 56
483 313 11
667 322 59
383 267 29
325 192 91
45 748 15
644 929 41
702 169 7
67 76 47
32 658 9
707 516 66
99 469 15
450 361 84
418 250 60
737 700 29
244 466 78
937 660 12
130 57 88
430 833 56
986 433 88
732 137 71
630 708 34
154 811 37
959 136 89
506 336 39
190 92 69
615 317 87
105 696 71
900 766 97
651 128 87
691 401 63
775 993 77
41 960 27
765 903 96
673 348 79
