1000 999 100 100
695 784 12 517 767 783 571 167 191 222 749 91 152 621 131 247 284 447 534 715 198 205 455 656 38 876 411 58 317 492 418 541 912 172 444 833 857 85 465 949 397 42 391 386 432 824 498 112 723 786 578 624 120 787 491 798 854 733 414 970 794 562 559 196 65 51 229 215 939 976 707 45 575 166 269 297 132 788 468 78 730 352 198 117 696 943 715 480 866 988 472 545 208 40 263 207 772 212 916 489
697 951 6424
53 965 7331
443 437 7990
886 189 1841
809 482 9738
180 392 4208
48 321 2283
316 694 4012
264 170 4922
288 572 1865
46 682 6401
161 330 6592
441 348 6676
150 523 4239
561 430 4996
361 32 2233
769 475 3115
228 538 5311
584 657 8375
249 2 4684
908 286 7815
432 799 7352
75 515 9948
610 293 9127
156 99 2048
64 703 1957
550 930 7639
696 360 9736
679 156 4895
521 97 4875
728 898 2695
284 296 4685
815 48 8192
865 262 2584
743 209 9265
788 706 7787
208 461 8575
787 78 5593
363 295 9271
608 152 4446
149 953 8594
828 256 7108
702 160 5249
660 872 1970
409 584 1670
136 612 6602
924 977 4129
59 987 2664
605 836 7397
457 665 1930
150 284 4656
590 742 2985
150 126 1455
718 848 2480
973 735 5893
174 677 6129
698 27 5471
207 323 4574
454 937 1153
364 354 9708
884 2 8526
383 655 7187
570 696 6201
721 642 7662
864 58 8873
157 467 1924
569 646 6758
310 688 6804
358 172 7801
499 255 1314
824 960 1885
594 499 3543
437 951 3176
717 793 4666
597 428 3286
784 7 8251
594 647 4171
599 684 4787
71 415 7012
14 867 4291
170 320 8151
992 833 3270
693 472 9495
620 160 3398
514 777 4035
338 570 3654
891 804 3539
422 626 4110
656 990 8064
290 731 2096
546 962 3832
882 288 5602
56 341 4167
679 234 7581
353 404 5109
225 530 6077
341 134 6788
718 317 4636
709 63 8439
913 210 9052
13 865 1624
776 94 3436
461 953 5321
981 6 6556
969 285 7687
571 791 1580
152 957 1195
180 736 3915
825 174 6052
525 328 2058
588 916 5784
370 983 9969
522 101 9297
402 555 9858
354 259 2048
122 165 9567
152 67 2512
73 80 2479
148 722 9855
425 957 7354
128 157 3238
943 677 8656
912 127 5161
818 547 2816
22 720 3587
601 980 6015
611 119 2788
973 424 7186
545 143 3178
468 318 3921
506 873 4545
493 997 6076
195 108 4468
331 40 6416
611 129 9575
24 109 9974
934 374 7808
698 734 5993
684 774 8657
862 679 4230
183 20 9469
431 906 2159
512 101 3240
131 68 9387
135 449 6413
362 930 8477
924 332 8102
347 970 3186
419 431 1008
841 61 6156
468 154 5244
904 985 4510
475 482 3129
291 263 5222
898 133 5040
300 651 7844
173 861 4173
628 221 9857
405 554 2832
452 260 4366
693 797 5017
263 955 5182
705 185 4060
92 639 8072
349 297 4271
765 380 5159
87 106 1765
747 432 4817
276 88 7744
293 847 4637
351 542 5976
600 463 2611
459 608 4795
252 357 5528
533 903 5130
718 340 6257
507 842 9513
917 490 5089
381 294 8940
750 625 2044
554 50 1274
816 117 2487
952 384 9886
184 652 8036
796 243 5323
724 524 9154
845 241 2316
21 784 8588
94 681 8901
856 740 4597
721 825 7876
548 806 9486
762 960 8052
882 167 8056
648 428 8497
641 88 3723
920 877 4809
945 510 1556
986 825 8626
37 479 8985
716 291 9561
817 540 5681
884 438 4984
363 138 9957
141 858 2789
697 493 5232
414 203 8727
984 727 4086
35 322 8339
62 234 7121
544 825 3311
367 20 7967
428 115 8645
692 923 8062
844 688 2481
714 31 8327
563 703 1019
433 579 7486
683 594 5782
916 935 4558
963 594 6512
857 53 9429
883 592 7865
23 127 1684
868 774 3131
35 47 3388
783 987 6584
140 792 8448
394 622 5348
447 181 6489
503 779 8887
301 236 5449
78 537 6762
808 38 8874
898 456 4789
755 910 3770
632 746 3474
182 687 9428
266 549 1392
483 272 4800
593 352 2763
436 643 7196
899 640 8378
990 800 6403
297 589 7296
757 262 1044
608 417 3155
103 165 8553
982 9 3363
772 614 9172
301 651 5851
968 631 2937
116 602 7697
280 451 1747
800 771 7271
168 160 9757
581 43 2777
901 196 8672
343 388 1671
758 991 4007
282 986 8953
393 820 3724
230 445 6336
336 900 9618
905 456 2178
460 8 3328
344 674 4031
118 368 3771
369 26 8227
383 399 7481
308 737 3538
558 552 3151
821 759 1334
439 55 2248
750 725 4561
416 130 2880
840 819 2736
254 929 6504
278 615 7058
44 724 7302
335 91 9676
711 432 1388
342 872 9530
239 616 4851
607 181 2755
630 502 3879
35 852 3592
966 265 2468
36 28 2545
151 991 6430
408 745 8897
228 142 8283
736 535 7950
941 824 5606
976 513 8723
152 15 2857
538 766 2103
775 466 3940
267 563 8877
624 15 8454
84 133 1730
758 855 5227
473 723 8478
726 848 6109
979 136 4826
613 659 5324
655 920 9427
970 930 3770
997 25 9506
884 236 3528
3 18 2376
179 448 8644
220 305 2663
182 793 9449
41 994 1894
941 763 2818
712 163 3032
732 990 3961
401 709 8057
373 239 6937
437 357 6470
568 525 4491
158 185 7213
715 591 7453
87 139 1964
328 844 9553
832 66 9292
302 17 8450
877 53 8772
800 840 4449
777 479 5545
925 236 2445
974 933 5642
12 311 1263
635 685 2574
385 93 2347
908 583 4004
529 854 1620
509 106 9500
879 455 4094
424 81 1999
970 422 1364
502 289 9986
794 75 8514
889 874 7912
293 505 3624
941 6 2026
201 49 1538
939 699 8576
440 854 5564
741 713 7596
751 952 2988
238 33 8222
683 4 4882
340 296 1992
295 506 7290
275 526 2752
267 853 7072
815 947 4992
145 95 4047
857 799 4706
302 574 2568
669 518 2009
617 693 8829
263 730 3903
64 719 6536
798 603 7852
306 1000 8303
759 429 4241
680 184 1042
893 401 2836
529 19 6027
733 839 6982
403 5 9767
888 532 5597
952 287 7940
813 316 4142
219 636 1504
940 763 3547
433 420 2853
55 803 6385
989 98 8281
876 198 4677
330 551 5414
936 546 7218
113 881 2340
502 228 4385
966 395 9520
197 385 3263
96 900 6568
695 274 2073
398 29 2016
755 683 4298
223 305 7552
875 590 4586
683 462 8726
636 662 3339
422 484 4269
489 826 9671
496 538 6477
163 533 8246
494 561 9975
939 312 8391
356 96 4237
456 80 6910
954 497 4512
272 526 2815
403 277 2403
457 250 7031
526 739 6727
895 456 6536
56 911 7275
951 299 3753
819 217 5951
191 535 4393
71 387 7680
261 471 3613
326 123 5666
842 66 3509
60 556 2892
580 107 4450
217 708 2777
607 729 9322
842 380 5280
611 220 7546
806 454 2501
226 841 9693
528 423 9065
41 10 1007
382 803 5747
131 408 6194
921 491 4862
233 114 6984
968 616 5346
979 78 7261
706 826 1535
597 546 1471
307 276 4457
598 843 5759
390 826 5948
97 812 9735
8 580 2059
469 379 9827
976 171 1523
156 666 8598
541 849 5630
689 605 9151
519 355 7876
84 488 3804
69 38 8799
607 541 5425
193 76 5413
551 945 9913
599 520 5167
197 592 9221
621 736 6335
732 977 6494
248 641 3413
294 135 2335
500 948 1145
995 629 2790
313 913 5284
104 276 4633
802 353 6295
290 134 5664
544 372 5958
978 824 9986
501 268 4961
640 153 4554
929 62 5183
770 492 4164
376 561 2911
848 53 3627
998 280 9586
560 386 8088
34 938 8668
664 569 9531
196 623 4608
279 813 5856
110 940 9921
836 812 6200
996 19 9957
942 453 2532
123 93 7980
351 19 1559
398 304 7601
582 950 1522
283 213 9154
760 786 5963
927 946 5709
950 410 4415
18 872 4800
962 813 6212
335 890 6382
292 360 8395
810 628 2671
994 350 1564
949 453 4731
419 132 2503
790 850 8257
772 791 8535
66 235 6712
713 495 7481
476 371 7787
786 535 3953
400 645 7388
754 889 3091
504 843 3787
154 738 7526
746 878 1293
309 323 5828
324 511 4651
859 764 2866
484 345 9498
49 922 9003
477 633 3131
578 856 2620
939 671 4199
468 337 1048
700 751 7773
483 309 4635
882 752 7725
599 867 2496
128 462 7023
597 956 5571
665 412 3397
137 279 3584
704 476 2308
24 103 3891
758 393 7710
119 984 9135
593 524 5006
105 418 2902
493 486 3371
565 266 1874
159 147 9762
668 235 5832
993 980 8463
498 961 8306
90 156 3661
187 667 1314
798 118 3150
112 841 1960
880 694 8161
15 237 8426
263 365 7007
387 586 9460
861 742 5771
69 793 1098
482 682 9070
142 720 8225
650 749 8087
622 39 3975
109 769 5252
42 793 3672
280 376 4195
723 283 4474
402 606 1685
661 293 3418
100 623 1713
460 866 6418
170 70 1187
66 562 5342
802 944 9336
565 256 1316
101 382 6585
540 906 6043
317 635 3609
933 250 8832
83 838 9185
423 367 4165
246 864 9815
11 185 1486
531 538 5962
782 676 5962
476 33 8452
798 596 8082
559 963 3283
120 455 8381
669 89 2368
838 696 9125
969 462 4056
810 222 5321
378 408 8897
710 413 5751
541 626 9142
117 830 6048
913 230 1692
165 224 3996
159 970 4004
211 224 2656
900 806 5094
396 867 4411
131 757 7760
809 563 7872
843 349 6853
707 435 8608
20 498 4439
225 114 1962
445 791 1997
776 326 1433
402 907 6144
325 906 1723
120 3 7272
639 879 2487
983 147 9998
910 481 2497
707 265 4037
567 787 2797
338 663 8456
63 285 6186
833 520 6362
179 695 4221
214 966 2793
179 705 3585
637 705 9141
766 667 9538
41 406 6118
298 49 8961
535 391 2127
856 588 2095
919 694 4173
575 505 9822
350 928 7854
768 458 7456
500 856 8008
269 422 3181
938 612 7370
69 566 4554
229 716 7150
314 868 8762
528 701 2825
206 618 7366
774 346 4196
397 139 4354
72 970 3723
219 750 7642
148 555 1892
657 923 3945
887 68 3617
932 511 6004
672 897 7402
127 951 7151
531 402 5089
947 319 6141
458 516 6633
243 939 3005
783 525 4651
503 442 7956
909 208 7236
775 240 4069
933 280 7519
40 941 9824
637 201 8261
776 792 2168
161 896 6976
72 134 1841
338 1 9040
242 989 6004
283 477 5032
964 900 3826
517 921 6102
737 802 6447
975 495 8008
430 788 7247
627 511 9377
527 179 9815
538 85 6376
180 846 3392
450 957 4684
474 629 6243
768 673 5810
212 843 2761
295 300 5395
43 153 7390
708 604 6221
95 719 4286
703 386 4316
678 206 6511
5 512 5134
780 25 9695
971 2 2514
416 674 3948
129 744 9734
377 157 1725
847 246 4900
884 871 4070
418 585 8248
373 242 9976
297 303 4429
947 790 8987
253 556 1602
381 773 8826
855 555 9856
985 959 7296
539 53 6203
278 599 6915
620 485 2327
45 10 7577
31 912 9422
782 320 1637
821 508 8105
778 627 1907
90 811 5874
260 778 1632
594 50 1082
506 670 9173
834 665 3454
228 54 8028
306 263 4182
603 490 1322
200 183 7152
44 366 9278
999 421 2845
334 548 2565
576 410 6101
191 738 4191
343 196 4522
924 602 7165
240 253 1500
983 789 6319
870 928 8636
553 339 9018
336 716 8086
517 585 6251
753 333 6172
876 903 9859
974 492 8596
643 146 5486
596 929 8865
102 75 3505
645 883 3382
357 719 4463
630 33 1285
426 978 7450
618 325 2716
325 501 5660
673 811 7480
62 75 1032
503 205 9021
464 786 9969
886 153 2821
894 221 2259
315 380 5115
269 298 5856
674 967 3517
407 357 9704
892 971 5774
169 302 7204
699 589 9644
455 86 1939
604 596 5163
805 265 3244
874 479 3422
855 218 7409
73 372 3713
712 572 2205
593 810 5207
158 967 6158
881 649 6267
125 831 7445
51 247 3458
172 863 3793
302 972 9929
233 388 1956
688 232 3512
912 125 7076
487 271 1870
82 67 9523
377 549 1091
137 469 2609
938 26 5455
697 375 1911
642 982 6091
273 194 3847
563 478 8936
276 403 5195
134 357 5378
840 427 3311
970 327 6415
131 931 5340
767 402 9194
804 634 5318
841 84 4384
11 958 3554
492 704 1895
845 471 8070
696 117 9609
284 83 6624
371 595 1320
59 714 7460
52 658 9703
178 1000 7083
299 785 8167
102 400 7481
315 175 2118
807 652 3740
830 885 5170
839 158 1071
12 209 2420
178 115 5758
164 870 2596
212 286 7513
946 915 7035
829 44 5127
537 999 9055
329 387 5724
180 177 6875
59 988 7556
247 218 7692
751 411 3469
794 286 3471
375 465 1422
424 470 1929
543 988 7481
948 76 4802
435 367 1778
239 209 7814
484 461 8928
891 206 2699
932 997 1998
579 196 2505
619 685 7618
160 926 1337
161 617 5300
672 273 2649
919 904 4370
139 356 6032
341 835 5248
322 339 3638
429 98 6064
771 444 1115
279 591 8439
435 251 3069
676 842 4167
219 190 3927
522 686 4800
248 644 9898
811 335 4968
873 192 5582
833 653 3501
20 413 5021
364 624 2653
262 506 2692
547 558 6626
675 510 4683
563 984 1771
186 97 4402
583 860 4784
837 162 7735
649 344 9807
915 628 5021
146 308 2105
92 551 2228
846 78 6373
520 954 3384
948 640 8369
416 70 5757
65 336 1559
351 820 5482
474 962 7767
805 683 9585
23 761 1302
758 121 4232
131 143 1832
358 89 4525
722 577 6488
950 785 8159
27 905 9345
976 992 1125
773 517 6677
734 434 7808
701 205 6135
438 101 2972
270 12 6713
858 906 9507
94 764 1224
807 323 7904
110 466 7084
781 501 8277
203 228 9314
483 744 7833
756 910 1248
480 421 2748
724 713 1500
827 296 2145
10 163 7675
552 215 1494
928 394 3533
564 204 9408
176 165 8959
780 672 3187
690 86 9518
107 175 3756
338 748 3779
466 72 7001
361 593 6529
480 534 7093
166 724 3652
800 74 2543
749 622 1408
665 600 9713
111 362 4314
833 505 6829
13 822 7645
913 787 4080
897 742 2210
202 209 8255
746 543 4959
837 586 7079
642 737 3799
983 963 9995
569 564 9795
359 969 3328
794 424 5853
199 752 1297
80 925 9461
77 105 9158
124 495 2679
81 795 1645
754 781 4279
459 227 2065
660 772 9861
441 753 3013
901 184 9176
287 491 7328
593 304 6771
814 448 2715
363 889 7020
188 155 4552
97 244 5204
62 675 2604
557 833 2007
446 152 9794
851 893 3013
918 714 6809
258 583 9946
441 686 9473
563 79 5643
692 310 6310
573 776 2475
245 770 5450
389 981 5592
108 933 3985
28 189 1297
441 47 3016
216 915 3429
865 902 9087
551 587 7648
890 257 9944
497 488 1196
926 424 5972
932 148 7934
801 24 9100
509 939 1872
174 30 7245
48 988 1698
299 172 2291
658 674 8513
799 60 8609
624 384 8472
519 605 9564
305 921 1574
231 683 2162
16 825 7264
233 823 4995
271 392 4393
188 444 6697
536 819 7545
289 914 2516
654 738 1770
367 609 2014
281 334 4204
382 215 5013
638 833 7160
810 888 7297
308 601 8538
55 208 5704
387 221 9940
837 276 9833
771 265 8388
949 610 5011
820 691 2723
808 222 1250
526 169 5884
116 836 4715
208 473 1679
144 946 6913
362 664 5373
869 29 4080
101 189 3387
659 67 3815
154 7 4728
572 173 3928
934 780 8682
219 988 1353
397 57 3121
845 410 8657
468 12 1091
