1000 999 100 100
885 383 160 844 645 780 694 383 327 294 686 401 617 638 703 61 766 754 379 783 275 160 837 962 181 455 538 336 153 143 742 150 170 333 998 502 842 646 571 833 801 213 80 832 888 180 189 955 122 441 204 690 84 265 175 495 962 378 450 647 973 549 677 858 423 814 274 109 556 81 110 103 48 856 627 524 226 71 911 225 962 365 196 966 643 674 594 392 95 272 430 222 613 394 405 655 998 920 196 197
939 686 1839
231 392 1671
284 731 1600
411 41 1481
542 705 1223
378 131 859
358 552 1868
381 23 741
127 262 1983
753 515 511
187 262 654
982 77 943
635 361 309
553 298 2
487 519 1457
650 765 149
775 505 675
443 304 234
929 645 203
216 915 1520
317 61 1152
162 180 1679
353 254 358
21 440 756
664 505 282
239 327 1036
99 118 1397
992 448 949
682 834 482
193 600 51
547 927 853
601 244 1479
873 189 1187
319 809 1446
940 102 1343
264 368 1981
428 539 1533
852 135 1274
456 89 598
819 479 98
648 865 47
563 222 838
504 966 1394
731 190 670
466 811 442
58 355 1429
55 591 1575
325 829 1979
565 883 1536
431 780 1624
750 195 1200
183 653 328
834 928 701
603 702 601
546 776 1468
593 498 1498
626 882 1304
833 574 678
471 73 419
710 630 6
393 453 1208
476 830 1188
87 215 225
349 284 341
927 11 1368
557 947 1646
959 114 1823
485 145 628
75 624 1126
328 390 1581
643 934 1617
920 586 963
905 569 650
823 559 979
123 912 1958
277 222 1612
127 628 34
945 745 1113
305 483 1680
155 334 1056
549 319 1824
407 35 698
319 894 801
654 55 76
316 475 1657
894 860 426
838 389 1360
741 388 546
715 792 1228
677 100 163
230 549 199
508 91 288
235 977 503
361 723 1866
834 551 151
576 588 1374
823 864 1327
488 682 1382
560 680 282
897 286 87
129 615 739
796 539 714
858 249 926
768 851 920
671 990 1286
65 443 1308
90 997 458
542 83 3
192 707 580
699 968 1450
899 288 1931
926 385 809
559 651 228
709 708 1250
880 101 312
868 129 1471
635 202 1821
785 831 1190
5 592 402
406 280 848
845 510 1406
279 399 694
955 641 626
575 336 87
679 22 680
565 464 1302
396 248 283
536 726 167
801 602 1802
184 591 418
466 207 1784
773 540 1207
793 213 1993
741 263 920
117 436 683
897 755 104
120 406 1009
623 782 1128
302 660 1279
530 279 586
289 726 1772
667 33 1022
571 169 339
8 429 774
993 447 109
879 154 1586
937 786 922
848 406 1232
155 522 1910
455 34 199
384 193 568
743 516 1423
622 334 631
912 543 432
796 903 1509
316 395 795
406 697 614
425 39 1577
347 355 824
566 391 890
662 692 1820
367 611 1663
338 893 1430
836 674 406
486 431 1931
724 743 1325
693 94 419
919 645 1870
78 75 585
749 906 1345
163 943 859
617 925 1942
976 464 886
628 252 640
709 666 96
270 710 1393
470 97 1746
119 237 748
602 505 1226
985 484 55
167 316 1384
224 216 891
843 135 972
720 967 39
564 468 1139
801 353 946
293 622 1276
318 631 197
6 380 535
656 20 1302
190 851 1515
421 385 1453
229 610 1187
581 827 1464
600 67 1537
42 791 1014
768 532 333
303 193 1261
228 24 1004
665 325 1572
968 360 1409
816 326 1576
459 867 611
36 503 1082
441 897 1576
320 839 1440
307 991 1764
81 235 311
686 815 1868
345 448 1475
878 889 569
390 729 884
980 294 610
718 478 1963
314 95 285
484 747 256
468 267 1837
728 930 1460
394 964 714
709 104 1216
94 40 1426
315 990 749
953 832 1176
61 487 650
896 951 591
895 630 98
720 431 1775
66 177 697
511 168 214
831 137 620
1000 404 1057
62 271 244
419 112 1919
642 452 439
290 163 1748
57 706 437
397 394 1012
825 862 284
186 169 504
56 340 1229
639 15 1986
457 46 1049
404 362 601
251 955 1394
950 949 309
257 567 151
177 493 1708
522 220 1493
766 605 1090
3 640 1662
1 189 357
31 856 245
139 222 793
529 194 980
790 652 1305
658 793 1708
691 594 192
384 376 1692
115 866 574
384 408 1631
590 115 517
890 595 388
846 451 1641
863 470 139
647 155 582
82 774 1557
147 930 1418
761 369 1100
753 621 666
906 461 864
85 977 1147
122 829 310
738 665 1527
645 577 1433
940 70 1928
292 386 1615
771 160 149
759 630 343
103 767 1571
391 864 454
453 655 1348
871 926 1130
997 574 518
644 879 1513
539 662 909
238 350 1863
223 844 867
330 674 228
69 79 419
13 745 1748
569 52 1659
975 436 1300
300 814 573
251 648 292
377 331 269
265 72 872
700 197 1652
820 28 726
410 818 326
380 446 216
442 636 1282
816 509 391
813 161 1241
797 181 18
711 776 169
335 16 1641
136 779 1779
241 620 1441
91 536 805
989 122 190
138 538 1356
150 499 695
378 274 441
175 799 360
448 366 798
369 82 548
413 285 432
312 468 1515
772 52 1829
217 834 1795
663 107 1115
465 869 972
455 611 530
448 324 1595
185 568 1563
818 400 1499
673 672 909
303 647 940
802 583 1145
235 581 198
32 307 1522
13 194 641
300 148 356
406 17 234
627 967 1328
320 197 998
752 546 1037
554 1 388
844 193 53
544 356 71
504 354 1103
40 623 154
489 426 198
162 373 1081
281 540 1226
449 236 886
694 703 1258
947 785 1853
870 319 1749
120 807 480
965 500 1468
297 833 1080
542 683 585
259 815 1491
59 758 398
241 944 219
259 250 871
199 881 290
34 260 1451
908 307 1849
686 518 81
885 876 1290
648 675 1337
248 14 1968
482 219 756
913 721 1790
866 9 1064
115 952 1388
797 377 724
820 717 867
707 779 1434
981 210 1160
808 423 1241
586 902 1557
577 337 445
199 104 804
722 138 1384
812 485 741
339 477 1888
56 181 1982
220 920 605
697 558 1939
587 941 632
506 758 282
813 345 1782
700 207 1749
382 369 890
524 302 494
130 111 654
313 77 1086
214 537 1899
712 69 1009
894 491 346
503 133 1701
317 134 1725
492 199 1151
730 930 239
454 12 542
605 845 1994
496 501 929
30 769 526
522 444 823
893 666 909
689 308 263
191 976 588
943 394 1322
663 305 305
311 363 1474
933 983 1673
925 608 1617
504 707 1315
486 687 1805
784 882 980
811 433 898
995 258 1906
816 864 1568
418 19 1127
979 247 1325
539 265 663
652 735 1546
978 287 541
634 412 1337
82 372 1154
346 395 1316
348 698 418
165 424 150
905 987 1698
18 781 1047
593 143 1141
139 2 744
642 39 1385
803 788 356
897 37 1334
837 955 528
332 687 1387
291 862 1495
907 1000 1126
31 788 988
62 456 843
895 690 431
371 230 916
257 20 516
394 53 631
702 833 1654
168 817 116
440 924 1039
725 705 940
599 789 1797
839 405 1265
666 484 833
306 684 1201
931 319 1352
759 635 332
182 357 1774
512 203 1058
926 204 57
343 625 1963
973 998 282
570 14 1664
366 467 285
541 374 1389
345 913 333
935 524 233
369 305 1612
662 19 1748
63 584 1674
399 949 829
861 66 1816
225 253 712
379 695 1989
564 153 1719
840 738 1662
93 311 959
86 295 1076
55 732 935
44 513 333
988 998 1171
105 100 1688
208 445 447
259 769 445
582 231 205
22 398 849
545 609 185
815 754 180
7 959 1220
535 993 1838
83 152 1410
727 243 866
252 29 1979
733 548 706
956 746 540
114 257 1035
589 891 408
552 757 161
271 526 688
556 779 692
453 344 1524
659 679 546
846 692 1979
263 24 1613
244 176 330
838 387 257
727 225 33
792 760 1526
515 892 1071
900 794 1677
271 206 1273
748 315 1437
364 156 1499
777 701 1442
84 832 36
160 770 1716
170 54 814
183 832 1738
784 340 949
14 739 188
45 252 940
247 535 899
378 168 398
420 577 1290
803 180 1427
159 202 1900
97 612 322
121 49 1685
217 535 363
229 201 1665
855 831 556
892 429 1163
138 249 822
333 777 148
441 917 26
531 286 562
704 582 1959
416 678 1471
142 276 25
51 816 492
824 385 32
661 233 1417
56 958 266
959 133 1406
668 937 1455
649 555 305
480 271 638
302 619 193
216 975 1120
610 84 715
398 234 1877
533 979 877
45 814 863
946 327 1780
682 697 1888
741 140 999
60 701 1884
957 144 1995
457 556 398
296 610 476
712 745 176
107 857 512
28 896 57
470 898 1721
465 756 186
134 526 102
303 496 20
963 522 741
595 580 1446
490 638 1825
550 460 846
802 610 1849
749 347 1827
586 82 1562
39 144 1419
891 473 1272
460 322 553
534 409 942
413 508 1543
88 349 1515
309 527 1852
627 198 439
339 590 810
137 15 1486
202 988 624
568 569 817
537 693 613
157 378 399
316 454 18
663 101 12
766 134 1009
253 125 943
406 686 1073
48 691 1886
570 352 861
826 33 210
554 285 1007
907 477 84
100 413 519
980 556 783
255 662 857
49 885 468
188 176 506
516 348 76
886 370 1441
186 572 1739
109 527 1327
286 6 1215
971 989 1836
780 209 1393
590 923 955
737 648 85
676 597 1120
146 363 255
208 889 1301
918 715 301
370 321 229
474 36 1226
283 711 359
830 553 471
354 240 1638
25 438 1602
931 914 1614
553 465 1443
625 626 1956
351 525 1498
976 485 17
847 735 1193
242 793 937
746 722 1237
772 237 1008
791 26 1777
527 528 180
59 849 303
817 616 475
488 640 1381
841 398 1394
240 944 1677
921 480 1511
375 143 624
29 316 1092
916 534 396
520 772 1916
907 984 1156
494 289 27
279 804 1573
563 557 165
670 459 1521
150 23 595
742 21 176
279 269 1762
274 64 1987
328 462 1406
72 432 120
383 705 860
832 83 209
970 490 1288
450 435 1992
800 964 1325
503 729 563
972 129 64
989 92 957
962 560 1037
386 648 784
246 633 671
572 521 162
211 240 658
876 740 882
443 968 1197
924 434 1156
876 897 1461
637 201 1475
362 77 1240
44 525 1995
718 212 923
118 599 1466
368 266 1268
426 401 1
766 524 990
974 425 1654
691 306 436
953 736 1195
593 228 198
733 769 531
715 333 298
415 750 1155
893 27 1136
211 960 1353
714 116 1909
833 560 265
238 236 313
292 874 198
128 973 23
97 298 555
186 606 1985
429 460 1561
790 310 571
966 169 1918
685 398 1472
207 55 1064
805 999 984
652 268 14
39 757 911
981 374 321
598 695 559
293 16 1141
790 495 1668
12 584 1693
751 139 290
436 470 131
614 20 1751
174 142 1049
226 396 1305
938 348 633
154 714 1945
25 596 921
272 669 1757
528 205 785
562 760 1416
766 969 392
788 627 324
902 75 177
63 142 134
104 85 1170
890 626 1673
940 339 867
508 471 640
285 567 1975
895 360 1482
74 902 1449
835 122 1823
141 998 1679
273 602 97
977 144 1445
342 660 1284
872 26 299
549 963 697
263 718 143
810 101 40
26 112 809
87 312 1098
675 738 151
416 329 1902
892 671 850
836 481 141
84 106 137
514 737 1755
539 277 1101
53 875 58
643 306 1918
511 105 1991
486 950 1358
880 196 1195
391 13 818
527 270 342
599 286 1517
322 38 1257
380 712 1798
744 469 279
365 166 752
704 585 1223
730 113 778
365 962 1706
152 387 1709
473 719 1132
114 852 654
220 808 964
176 871 217
862 943 860
156 911 562
846 669 753
594 513 841
324 948 1935
734 348 1692
592 719 188
231 974 1189
994 459 220
85 341 1949
256 281 615
579 526 249
45 18 1449
47 29 771
414 42 274
232 199 631
98 531 41
854 674 1535
124 625 905
551 888 1901
282 655 81
10 635 1563
493 179 584
767 819 645
272 852 402
319 983 896
65 463 391
921 636 1780
970 158 393
633 696 1535
726 517 292
794 178 888
646 283 1478
970 274 489
694 143 1672
597 914 278
307 357 1470
896 636 1435
872 107 759
544 806 217
763 590 567
523 962 506
8 356 149
108 714 894
901 110 1651
323 742 530
961 40 127
164 619 1525
54 585 40
767 193 983
587 210 756
564 402 1589
783 1000 918
497 68 1936
242 861 1139
108 53 1783
424 460 435
347 606 1225
256 50 1765
787 184 822
650 611 1816
122 439 524
937 172 1913
323 214 1933
968 231 1249
812 46 1455
149 482 920
573 131 1078
473 256 1140
206 886 1861
96 76 1272
771 403 1006
43 131 290
161 927 1270
946 992 379
966 427 1037
436 576 90
984 739 1508
407 209 791
121 439 1954
685 1 1271
560 904 246
855 411 1653
68 130 988
858 348 1960
201 716 499
658 275 117
404 559 193
832 865 430
250 278 1201
850 936 1708
590 629 216
607 860 1535
370 910 373
667 956 1716
576 965 170
417 907 1474
996 334 186
404 890 1220
420 786 324
92 649 1094
954 695 547
57 440 913
63 177 1111
995 124 1568
151 153 902
113 245 453
155 562 664
842 227 448
221 68 78
111 954 190
299 899 704
232 850 326
587 102 1735
220 10 31
758 155 1449
734 166 1236
986 503 661
7 546 153
139 657 1801
95 609 1118
175 955 961
801 85 1059
611 575 820
458 317 581
561 843 1500
82 268 1630
549 991 1159
655 307 1634
821 826 402
431 243 1034
517 772 197
773 512 939
459 818 1118
840 368 1715
955 219 48
593 854 1423
649 117 1438
209 911 1827
719 877 605
942 217 949
811 887 913
127 80 321
117 422 745
430 991 396
409 96 900
469 544 1258
605 668 323
445 551 407
204 592 56
782 80 1542
608 285 1527
729 266 1676
497 822 1915
770 645 82
756 455 1068
295 822 69
993 872 1237
261 387 372
479 932 591
613 426 457
728 333 1329
65 672 1233
632 746 1444
654 167 1109
856 218 1751
350 634 245
122 472 1003
742 900 709
457 634 966
688 361 1796
318 510 1645
126 357 37
497 69 1384
575 678 228
805 717 1641
287 675 1807
669 916 1927
188 649 281
1 884 730
11 741 148
931 308 448
668 86 1003
478 151 1579
842 144 1053
764 387 938
301 537 1046
5 457 1910
359 406 1447
621 529 1712
922 761 590
163 233 896
22 853 1124
421 604 1741
444 288 1021
746 400 1525
818 532 224
200 877 639
27 901 1294
713 858 1684
681 5 241
633 202 739
902 596 1348
762 688 1534
618 263 982
437 293 195
337 499 1850
397 204 662
859 601 1465
173 178 475
507 669 946
39 401 1581
113 146 189
618 277 1355
72 715 1518
862 297 1007
132 981 284
402 578 1903
795 934 1624
450 974 1030
527 828 229
868 7 83
798 608 877
267 269 1617
511 778 1281
795 490 903
502 609 511
545 572 137
171 724 1728
912 906 259
71 50 731
475 954 168
812 909 1249
195 662 1404
4 498 1859
